1,2,2,2,9,4,11,6,13,8
1,2,3,2,10,5,13,8,16,11
1,2,5,2,12,7,17,12,22,17
1,2,7,2,14,9,21,16,28,23
1,2,11,2,18,13,29,24,40,35
1,2,13,2,20,15,33,28,46,41
1,2,17,2,24,19,41,36,58,53
1,2,19,2,26,21,45,40,64,59
1,3,2,3,10,5,12,7,14,9
1,3,3,3,11,6,14,9,17,12
1,3,5,3,13,8,18,13,23,18
1,3,7,3,15,10,22,17,29,24
1,3,11,3,19,14,30,25,41,36
1,3,13,3,21,16,34,29,47,42
1,3,17,3,25,20,42,37,59,54
1,3,19,3,27,22,46,41,65,60
1,4,2,4,11,6,13,8,15,10
1,4,3,4,12,7,15,10,18,13
1,4,5,4,14,9,19,14,24,19
1,4,7,4,16,11,23,18,30,25
1,4,11,4,20,15,31,26,42,37
1,4,13,4,22,17,35,30,48,43
1,4,17,4,26,21,43,38,60,55
1,4,19,4,28,23,47,42,66,61
1,5,2,5,12,7,14,9,16,11
1,5,3,5,13,8,16,11,19,14
1,5,5,5,15,10,20,15,25,20
1,5,7,5,17,12,24,19,31,26
1,5,11,5,21,16,32,27,43,38
1,5,13,5,23,18,36,31,49,44
1,5,17,5,27,22,44,39,61,56
1,5,19,5,29,24,48,43,67,62
1,6,2,6,13,8,15,10,17,12
1,6,3,6,14,9,17,12,20,15
1,6,5,6,16,11,21,16,26,21
1,6,7,6,18,13,25,20,32,27
1,6,11,6,22,17,33,28,44,39
1,6,13,6,24,19,37,32,50,45
1,6,17,6,28,23,45,40,62,57
1,6,19,6,30,25,49,44,68,63
1,7,2,7,14,9,16,11,18,13
1,7,3,7,15,10,18,13,21,16
1,7,5,7,17,12,22,17,27,22
1,7,7,7,19,14,26,21,33,28
1,7,11,7,23,18,34,29,45,40
1,7,13,7,25,20,38,33,51,46
1,7,17,7,29,24,46,41,63,58
1,7,19,7,31,26,50,45,69,64
1,8,2,8,15,10,17,12,19,14
1,8,3,8,16,11,19,14,22,17
1,8,5,8,18,13,23,18,28,23
1,8,7,8,20,15,27,22,34,29
1,8,11,8,24,19,35,30,46,41
1,8,13,8,26,21,39,34,52,47
1,8,17,8,30,25,47,42,64,59
1,8,19,8,32,27,51,46,70,65
1,9,2,9,16,11,18,13,20,15
1,9,3,9,17,12,20,15,23,18
1,9,5,9,19,14,24,19,29,24
1,9,7,9,21,16,28,23,35,30
1,9,11,9,25,20,36,31,47,42
1,9,13,9,27,22,40,35,53,48
1,9,17,9,31,26,48,43,65,60
1,9,19,9,33,28,52,47,71,66
1,10,2,10,17,12,19,14,21,16
1,10,3,10,18,13,21,16,24,19
1,10,5,10,20,15,25,20,30,25
1,10,7,10,22,17,29,24,36,31
1,10,11,10,26,21,37,32,48,43
1,10,13,10,28,23,41,36,54,49
1,10,17,10,32,27,49,44,66,61
1,10,19,10,34,29,53,48,72,67
1,11,2,11,18,13,20,15,22,17
1,11,3,11,19,14,22,17,25,20
1,11,5,11,21,16,26,21,31,26
1,11,7,11,23,18,30,25,37,32
1,11,11,11,27,22,38,33,49,44
1,11,13,11,29,24,42,37,55,50
1,11,17,11,33,28,50,45,67,62
1,11,19,11,35,30,54,49,73,68
1,12,2,12,19,14,21,16,23,18
1,12,3,12,20,15,23,18,26,21
1,12,5,12,22,17,27,22,32,27
1,12,7,12,24,19,31,26,38,33
1,12,11,12,28,23,39,34,50,45
1,12,13,12,30,25,43,38,56,51
1,12,17,12,34,29,51,46,68,63
1,12,19,12,36,31,55,50,74,69
1,13,2,13,20,15,22,17,24,19
1,13,3,13,21,16,24,19,27,22
1,13,5,13,23,18,28,23,33,28
1,13,7,13,25,20,32,27,39,34
1,13,11,13,29,24,40,35,51,46
1,13,13,13,31,26,44,39,57,52
1,13,17,13,35,30,52,47,69,64
1,13,19,13,37,32,56,51,75,70
1,14,2,14,21,16,23,18,25,20
1,14,3,14,22,17,25,20,28,23
1,14,5,14,24,19,29,24,34,29
1,14,7,14,26,21,33,28,40,35
1,14,11,14,30,25,41,36,52,47
1,14,13,14,32,27,45,40,58,53
1,14,17,14,36,31,53,48,70,65
1,14,19,14,38,33,57,52,76,71
1,15,2,15,22,17,24,19,26,21
1,15,3,15,23,18,26,21,29,24
1,15,5,15,25,20,30,25,35,30
1,15,7,15,27,22,34,29,41,36
1,15,11,15,31,26,42,37,53,48
1,15,13,15,33,28,46,41,59,54
1,15,17,15,37,32,54,49,71,66
1,15,19,15,39,34,58,53,77,72
1,16,2,16,23,18,25,20,27,22
1,16,3,16,24,19,27,22,30,25
1,16,5,16,26,21,31,26,36,31
1,16,7,16,28,23,35,30,42,37
1,16,11,16,32,27,43,38,54,49
1,16,13,16,34,29,47,42,60,55
1,16,17,16,38,33,55,50,72,67
1,16,19,16,40,35,59,54,78,73
1,17,2,17,24,19,26,21,28,23
1,17,3,17,25,20,28,23,31,26
1,17,5,17,27,22,32,27,37,32
1,17,7,17,29,24,36,31,43,38
1,17,11,17,33,28,44,39,55,50
1,17,13,17,35,30,48,43,61,56
1,17,17,17,39,34,56,51,73,68
1,17,19,17,41,36,60,55,79,74
1,18,2,18,25,20,27,22,29,24
1,18,3,18,26,21,29,24,32,27
1,18,5,18,28,23,33,28,38,33
1,18,7,18,30,25,37,32,44,39
1,18,11,18,34,29,45,40,56,51
1,18,13,18,36,31,49,44,62,57
1,18,17,18,40,35,57,52,74,69
1,18,19,18,42,37,61,56,80,75
1,19,2,19,26,21,28,23,30,25
1,19,3,19,27,22,30,25,33,28
1,19,5,19,29,24,34,29,39,34
1,19,7,19,31,26,38,33,45,40
1,19,11,19,35,30,46,41,57,52
1,19,13,19,37,32,50,45,63,58
1,19,17,19,41,36,58,53,75,70
1,19,19,19,43,38,62,57,81,76
1,20,2,20,27,22,29,24,31,26
1,20,3,20,28,23,31,26,34,29
1,20,5,20,30,25,35,30,40,35
1,20,7,20,32,27,39,34,46,41
1,20,11,20,36,31,47,42,58,53
1,20,13,20,38,33,51,46,64,59
1,20,17,20,42,37,59,54,76,71
1,20,19,20,44,39,63,58,82,77
1,21,2,21,28,23,30,25,32,27
1,21,3,21,29,24,32,27,35,30
1,21,5,21,31,26,36,31,41,36
1,21,7,21,33,28,40,35,47,42
1,21,11,21,37,32,48,43,59,54
1,21,13,21,39,34,52,47,65,60
1,21,17,21,43,38,60,55,77,72
1,21,19,21,45,40,64,59,83,78
1,22,2,22,29,24,31,26,33,28
1,22,3,22,30,25,33,28,36,31
1,22,5,22,32,27,37,32,42,37
1,22,7,22,34,29,41,36,48,43
1,22,11,22,38,33,49,44,60,55
1,22,13,22,40,35,53,48,66,61
1,22,17,22,44,39,61,56,78,73
1,22,19,22,46,41,65,60,84,79
1,23,2,23,30,25,32,27,34,29
1,23,3,23,31,26,34,29,37,32
1,23,5,23,33,28,38,33,43,38
1,23,7,23,35,30,42,37,49,44
1,23,11,23,39,34,50,45,61,56
1,23,13,23,41,36,54,49,67,62
1,23,17,23,45,40,62,57,79,74
1,23,19,23,47,42,66,61,85,80
1,24,2,24,31,26,33,28,35,30
1,24,3,24,32,27,35,30,38,33
1,24,5,24,34,29,39,34,44,39
1,24,7,24,36,31,43,38,50,45
1,24,11,24,40,35,51,46,62,57
1,24,13,24,42,37,55,50,68,63
1,24,17,24,46,41,63,58,80,75
1,24,19,24,48,43,67,62,86,81
1,25,2,25,32,27,34,29,36,31
1,25,3,25,33,28,36,31,39,34
1,25,5,25,35,30,40,35,45,40
1,25,7,25,37,32,44,39,51,46
1,25,11,25,41,36,52,47,63,58
1,25,13,25,43,38,56,51,69,64
1,25,17,25,47,42,64,59,81,76
1,25,19,25,49,44,68,63,87,82
1,26,2,26,33,28,35,30,37,32
1,26,3,26,34,29,37,32,40,35
1,26,5,26,36,31,41,36,46,41
1,26,7,26,38,33,45,40,52,47
1,26,11,26,42,37,53,48,64,59
1,26,13,26,44,39,57,52,70,65
1,26,17,26,48,43,65,60,82,77
1,26,19,26,50,45,69,64,88,83
1,27,2,27,34,29,36,31,38,33
1,27,3,27,35,30,38,33,41,36
1,27,5,27,37,32,42,37,47,42
1,27,7,27,39,34,46,41,53,48
1,27,11,27,43,38,54,49,65,60
1,27,13,27,45,40,58,53,71,66
1,27,17,27,49,44,66,61,83,78
1,27,19,27,51,46,70,65,89,84
1,28,2,28,35,30,37,32,39,34
1,28,3,28,36,31,39,34,42,37
1,28,5,28,38,33,43,38,48,43
1,28,7,28,40,35,47,42,54,49
1,28,11,28,44,39,55,50,66,61
1,28,13,28,46,41,59,54,72,67
1,28,17,28,50,45,67,62,84,79
1,28,19,28,52,47,71,66,90,85
1,29,2,29,36,31,38,33,40,35
1,29,3,29,37,32,40,35,43,38
1,29,5,29,39,34,44,39,49,44
1,29,7,29,41,36,48,43,55,50
1,29,11,29,45,40,56,51,67,62
1,29,13,29,47,42,60,55,73,68
1,29,17,29,51,46,68,63,85,80
1,29,19,29,53,48,72,67,91,86
1,30,2,30,37,32,39,34,41,36
1,30,3,30,38,33,41,36,44,39
1,30,5,30,40,35,45,40,50,45
1,30,7,30,42,37,49,44,56,51
1,30,11,30,46,41,57,52,68,63
1,30,13,30,48,43,61,56,74,69
1,30,17,30,52,47,69,64,86,81
1,30,19,30,54,49,73,68,92,87
1,31,2,31,38,33,40,35,42,37
1,31,3,31,39,34,42,37,45,40
1,31,5,31,41,36,46,41,51,46
1,31,7,31,43,38,50,45,57,52
1,31,11,31,47,42,58,53,69,64
1,31,13,31,49,44,62,57,75,70
1,31,17,31,53,48,70,65,87,82
1,31,19,31,55,50,74,69,93,88
1,32,2,32,39,34,41,36,43,38
1,32,3,32,40,35,43,38,46,41
1,32,5,32,42,37,47,42,52,47
1,32,7,32,44,39,51,46,58,53
1,32,11,32,48,43,59,54,70,65
1,32,13,32,50,45,63,58,76,71
1,32,17,32,54,49,71,66,88,83
1,32,19,32,56,51,75,70,94,89
1,33,2,33,40,35,42,37,44,39
1,33,3,33,41,36,44,39,47,42
1,33,5,33,43,38,48,43,53,48
1,33,7,33,45,40,52,47,59,54
1,33,11,33,49,44,60,55,71,66
1,33,13,33,51,46,64,59,77,72
1,33,17,33,55,50,72,67,89,84
1,33,19,33,57,52,76,71,95,90
1,34,2,34,41,36,43,38,45,40
1,34,3,34,42,37,45,40,48,43
1,34,5,34,44,39,49,44,54,49
1,34,7,34,46,41,53,48,60,55
1,34,11,34,50,45,61,56,72,67
1,34,13,34,52,47,65,60,78,73
1,34,17,34,56,51,73,68,90,85
1,34,19,34,58,53,77,72,96,91
1,35,2,35,42,37,44,39,46,41
1,35,3,35,43,38,46,41,49,44
1,35,5,35,45,40,50,45,55,50
1,35,7,35,47,42,54,49,61,56
1,35,11,35,51,46,62,57,73,68
1,35,13,35,53,48,66,61,79,74
1,35,17,35,57,52,74,69,91,86
1,35,19,35,59,54,78,73,97,92
1,36,2,36,43,38,45,40,47,42
1,36,3,36,44,39,47,42,50,45
1,36,5,36,46,41,51,46,56,51
1,36,7,36,48,43,55,50,62,57
1,36,11,36,52,47,63,58,74,69
1,36,13,36,54,49,67,62,80,75
1,36,17,36,58,53,75,70,92,87
1,36,19,36,60,55,79,74,98,93
1,37,2,37,44,39,46,41,48,43
1,37,3,37,45,40,48,43,51,46
1,37,5,37,47,42,52,47,57,52
1,37,7,37,49,44,56,51,63,58
1,37,11,37,53,48,64,59,75,70
1,37,13,37,55,50,68,63,81,76
1,37,17,37,59,54,76,71,93,88
1,37,19,37,61,56,80,75,99,94
1,38,2,38,45,40,47,42,49,44
1,38,3,38,46,41,49,44,52,47
1,38,5,38,48,43,53,48,58,53
1,38,7,38,50,45,57,52,64,59
1,38,11,38,54,49,65,60,76,71
1,38,13,38,56,51,69,64,82,77
1,38,17,38,60,55,77,72,94,89
1,38,19,38,62,57,81,76,100,95
1,39,2,39,46,41,48,43,50,45
1,39,3,39,47,42,50,45,53,48
1,39,5,39,49,44,54,49,59,54
1,39,7,39,51,46,58,53,65,60
1,39,11,39,55,50,66,61,77,72
1,39,13,39,57,52,70,65,83,78
1,39,17,39,61,56,78,73,95,90
1,39,19,39,63,58,82,77,101,96
1,40,2,40,47,42,49,44,51,46
1,40,3,40,48,43,51,46,54,49
1,40,5,40,50,45,55,50,60,55
1,40,7,40,52,47,59,54,66,61
1,40,11,40,56,51,67,62,78,73
1,40,13,40,58,53,71,66,84,79
1,40,17,40,62,57,79,74,96,91
1,40,19,40,64,59,83,78,102,97
1,41,2,41,48,43,50,45,52,47
1,41,3,41,49,44,52,47,55,50
1,41,5,41,51,46,56,51,61,56
1,41,7,41,53,48,60,55,67,62
1,41,11,41,57,52,68,63,79,74
1,41,13,41,59,54,72,67,85,80
1,41,17,41,63,58,80,75,97,92
1,41,19,41,65,60,84,79,103,98
1,42,2,42,49,44,51,46,53,48
1,42,3,42,50,45,53,48,56,51
1,42,5,42,52,47,57,52,62,57
1,42,7,42,54,49,61,56,68,63
1,42,11,42,58,53,69,64,80,75
1,42,13,42,60,55,73,68,86,81
1,42,17,42,64,59,81,76,98,93
1,42,19,42,66,61,85,80,104,99
1,43,2,43,50,45,52,47,54,49
1,43,3,43,51,46,54,49,57,52
1,43,5,43,53,48,58,53,63,58
1,43,7,43,55,50,62,57,69,64
1,43,11,43,59,54,70,65,81,76
1,43,13,43,61,56,74,69,87,82
1,43,17,43,65,60,82,77,99,94
1,43,19,43,67,62,86,81,105,100
1,44,2,44,51,46,53,48,55,50
1,44,3,44,52,47,55,50,58,53
1,44,5,44,54,49,59,54,64,59
1,44,7,44,56,51,63,58,70,65
1,44,11,44,60,55,71,66,82,77
1,44,13,44,62,57,75,70,88,83
1,44,17,44,66,61,83,78,100,95
1,44,19,44,68,63,87,82,106,101
1,45,2,45,52,47,54,49,56,51
1,45,3,45,53,48,56,51,59,54
1,45,5,45,55,50,60,55,65,60
1,45,7,45,57,52,64,59,71,66
1,45,11,45,61,56,72,67,83,78
1,45,13,45,63,58,76,71,89,84
1,45,17,45,67,62,84,79,101,96
1,45,19,45,69,64,88,83,107,102
1,46,2,46,53,48,55,50,57,52
1,46,3,46,54,49,57,52,60,55
1,46,5,46,56,51,61,56,66,61
1,46,7,46,58,53,65,60,72,67
1,46,11,46,62,57,73,68,84,79
1,46,13,46,64,59,77,72,90,85
1,46,17,46,68,63,85,80,102,97
1,46,19,46,70,65,89,84,108,103
1,47,2,47,54,49,56,51,58,53
1,47,3,47,55,50,58,53,61,56
1,47,5,47,57,52,62,57,67,62
1,47,7,47,59,54,66,61,73,68
1,47,11,47,63,58,74,69,85,80
1,47,13,47,65,60,78,73,91,86
1,47,17,47,69,64,86,81,103,98
1,47,19,47,71,66,90,85,109,104
1,48,2,48,55,50,57,52,59,54
1,48,3,48,56,51,59,54,62,57
1,48,5,48,58,53,63,58,68,63
1,48,7,48,60,55,67,62,74,69
1,48,11,48,64,59,75,70,86,81
1,48,13,48,66,61,79,74,92,87
1,48,17,48,70,65,87,82,104,99
1,48,19,48,72,67,91,86,110,105
1,49,2,49,56,51,58,53,60,55
1,49,3,49,57,52,60,55,63,58
1,49,5,49,59,54,64,59,69,64
1,49,7,49,61,56,68,63,75,70
1,49,11,49,65,60,76,71,87,82
1,49,13,49,67,62,80,75,93,88
1,49,17,49,71,66,88,83,105,100
1,49,19,49,73,68,92,87,111,106
1,50,2,50,57,52,59,54,61,56
1,50,3,50,58,53,61,56,64,59
1,50,5,50,60,55,65,60,70,65
1,50,7,50,62,57,69,64,76,71
1,50,11,50,66,61,77,72,88,83
1,50,13,50,68,63,81,76,94,89
1,50,17,50,72,67,89,84,106,101
1,50,19,50,74,69,93,88,112,107
1,51,2,51,58,53,60,55,62,57
1,51,3,51,59,54,62,57,65,60
1,51,5,51,61,56,66,61,71,66
1,51,7,51,63,58,70,65,77,72
1,51,11,51,67,62,78,73,89,84
1,51,13,51,69,64,82,77,95,90
1,51,17,51,73,68,90,85,107,102
1,51,19,51,75,70,94,89,113,108
1,52,2,52,59,54,61,56,63,58
1,52,3,52,60,55,63,58,66,61
1,52,5,52,62,57,67,62,72,67
1,52,7,52,64,59,71,66,78,73
1,52,11,52,68,63,79,74,90,85
1,52,13,52,70,65,83,78,96,91
1,52,17,52,74,69,91,86,108,103
1,52,19,52,76,71,95,90,114,109
1,53,2,53,60,55,62,57,64,59
1,53,3,53,61,56,64,59,67,62
1,53,5,53,63,58,68,63,73,68
1,53,7,53,65,60,72,67,79,74
1,53,11,53,69,64,80,75,91,86
1,53,13,53,71,66,84,79,97,92
1,53,17,53,75,70,92,87,109,104
1,53,19,53,77,72,96,91,115,110
1,54,2,54,61,56,63,58,65,60
1,54,3,54,62,57,65,60,68,63
1,54,5,54,64,59,69,64,74,69
1,54,7,54,66,61,73,68,80,75
1,54,11,54,70,65,81,76,92,87
1,54,13,54,72,67,85,80,98,93
1,54,17,54,76,71,93,88,110,105
1,54,19,54,78,73,97,92,116,111
1,55,2,55,62,57,64,59,66,61
1,55,3,55,63,58,66,61,69,64
1,55,5,55,65,60,70,65,75,70
1,55,7,55,67,62,74,69,81,76
1,55,11,55,71,66,82,77,93,88
1,55,13,55,73,68,86,81,99,94
1,55,17,55,77,72,94,89,111,106
1,55,19,55,79,74,98,93,117,112
1,56,2,56,63,58,65,60,67,62
1,56,3,56,64,59,67,62,70,65
1,56,5,56,66,61,71,66,76,71
1,56,7,56,68,63,75,70,82,77
1,56,11,56,72,67,83,78,94,89
1,56,13,56,74,69,87,82,100,95
1,56,17,56,78,73,95,90,112,107
1,56,19,56,80,75,99,94,118,113
1,57,2,57,64,59,66,61,68,63
1,57,3,57,65,60,68,63,71,66
1,57,5,57,67,62,72,67,77,72
1,57,7,57,69,64,76,71,83,78
1,57,11,57,73,68,84,79,95,90
1,57,13,57,75,70,88,83,101,96
1,57,17,57,79,74,96,91,113,108
1,57,19,57,81,76,100,95,119,114
1,58,2,58,65,60,67,62,69,64
1,58,3,58,66,61,69,64,72,67
1,58,5,58,68,63,73,68,78,73
1,58,7,58,70,65,77,72,84,79
1,58,11,58,74,69,85,80,96,91
1,58,13,58,76,71,89,84,102,97
1,58,17,58,80,75,97,92,114,109
1,58,19,58,82,77,101,96,120,115
1,59,2,59,66,61,68,63,70,65
1,59,3,59,67,62,70,65,73,68
1,59,5,59,69,64,74,69,79,74
1,59,7,59,71,66,78,73,85,80
1,59,11,59,75,70,86,81,97,92
1,59,13,59,77,72,90,85,103,98
1,59,17,59,81,76,98,93,115,110
1,59,19,59,83,78,102,97,121,116
1,60,2,60,67,62,69,64,71,66
1,60,3,60,68,63,71,66,74,69
1,60,5,60,70,65,75,70,80,75
1,60,7,60,72,67,79,74,86,81
1,60,11,60,76,71,87,82,98,93
1,60,13,60,78,73,91,86,104,99
1,60,17,60,82,77,99,94,116,111
1,60,19,60,84,79,103,98,122,117
1,61,2,61,68,63,70,65,72,67
1,61,3,61,69,64,72,67,75,70
1,61,5,61,71,66,76,71,81,76
1,61,7,61,73,68,80,75,87,82
1,61,11,61,77,72,88,83,99,94
1,61,13,61,79,74,92,87,105,100
1,61,17,61,83,78,100,95,117,112
1,61,19,61,85,80,104,99,123,118
1,62,2,62,69,64,71,66,73,68
1,62,3,62,70,65,73,68,76,71
1,62,5,62,72,67,77,72,82,77
1,62,7,62,74,69,81,76,88,83
1,62,11,62,78,73,89,84,100,95
1,62,13,62,80,75,93,88,106,101
1,62,17,62,84,79,101,96,118,113
1,62,19,62,86,81,105,100,124,119
1,63,2,63,70,65,72,67,74,69
1,63,3,63,71,66,74,69,77,72
1,63,5,63,73,68,78,73,83,78
1,63,7,63,75,70,82,77,89,84
1,63,11,63,79,74,90,85,101,96
1,63,13,63,81,76,94,89,107,102
1,63,17,63,85,80,102,97,119,114
1,63,19,63,87,82,106,101,125,120
1,64,2,64,71,66,73,68,75,70
1,64,3,64,72,67,75,70,78,73
1,64,5,64,74,69,79,74,84,79
1,64,7,64,76,71,83,78,90,85
1,64,11,64,80,75,91,86,102,97
1,64,13,64,82,77,95,90,108,103
1,64,17,64,86,81,103,98,120,115
1,64,19,64,88,83,107,102,126,121
1,65,2,65,72,67,74,69,76,71
1,65,3,65,73,68,76,71,79,74
1,65,5,65,75,70,80,75,85,80
1,65,7,65,77,72,84,79,91,86
1,65,11,65,81,76,92,87,103,98
1,65,13,65,83,78,96,91,109,104
1,65,17,65,87,82,104,99,121,116
1,65,19,65,89,84,108,103,127,122
1,66,2,66,73,68,75,70,77,72
1,66,3,66,74,69,77,72,80,75
1,66,5,66,76,71,81,76,86,81
1,66,7,66,78,73,85,80,92,87
1,66,11,66,82,77,93,88,104,99
1,66,13,66,84,79,97,92,110,105
1,66,17,66,88,83,105,100,122,117
1,66,19,66,90,85,109,104,128,123
1,67,2,67,74,69,76,71,78,73
1,67,3,67,75,70,78,73,81,76
1,67,5,67,77,72,82,77,87,82
1,67,7,67,79,74,86,81,93,88
1,67,11,67,83,78,94,89,105,100
1,67,13,67,85,80,98,93,111,106
1,67,17,67,89,84,106,101,123,118
1,67,19,67,91,86,110,105,129,124
1,68,2,68,75,70,77,72,79,74
1,68,3,68,76,71,79,74,82,77
1,68,5,68,78,73,83,78,88,83
1,68,7,68,80,75,87,82,94,89
1,68,11,68,84,79,95,90,106,101
1,68,13,68,86,81,99,94,112,107
1,68,17,68,90,85,107,102,124,119
1,68,19,68,92,87,111,106,130,125
1,69,2,69,76,71,78,73,80,75
1,69,3,69,77,72,80,75,83,78
1,69,5,69,79,74,84,79,89,84
1,69,7,69,81,76,88,83,95,90
1,69,11,69,85,80,96,91,107,102
1,69,13,69,87,82,100,95,113,108
1,69,17,69,91,86,108,103,125,120
1,69,19,69,93,88,112,107,131,126
1,70,2,70,77,72,79,74,81,76
1,70,3,70,78,73,81,76,84,79
1,70,5,70,80,75,85,80,90,85
1,70,7,70,82,77,89,84,96,91
1,70,11,70,86,81,97,92,108,103
1,70,13,70,88,83,101,96,114,109
1,70,17,70,92,87,109,104,126,121
1,70,19,70,94,89,113,108,132,127
1,71,2,71,78,73,80,75,82,77
1,71,3,71,79,74,82,77,85,80
1,71,5,71,81,76,86,81,91,86
1,71,7,71,83,78,90,85,97,92
1,71,11,71,87,82,98,93,109,104
1,71,13,71,89,84,102,97,115,110
1,71,17,71,93,88,110,105,127,122
1,71,19,71,95,90,114,109,133,128
1,72,2,72,79,74,81,76,83,78
1,72,3,72,80,75,83,78,86,81
1,72,5,72,82,77,87,82,92,87
1,72,7,72,84,79,91,86,98,93
1,72,11,72,88,83,99,94,110,105
1,72,13,72,90,85,103,98,116,111
1,72,17,72,94,89,111,106,128,123
1,72,19,72,96,91,115,110,134,129
1,73,2,73,80,75,82,77,84,79
1,73,3,73,81,76,84,79,87,82
1,73,5,73,83,78,88,83,93,88
1,73,7,73,85,80,92,87,99,94
1,73,11,73,89,84,100,95,111,106
1,73,13,73,91,86,104,99,117,112
1,73,17,73,95,90,112,107,129,124
1,73,19,73,97,92,116,111,135,130
1,74,2,74,81,76,83,78,85,80
1,74,3,74,82,77,85,80,88,83
1,74,5,74,84,79,89,84,94,89
1,74,7,74,86,81,93,88,100,95
1,74,11,74,90,85,101,96,112,107
1,74,13,74,92,87,105,100,118,113
1,74,17,74,96,91,113,108,130,125
1,74,19,74,98,93,117,112,136,131
1,75,2,75,82,77,84,79,86,81
1,75,3,75,83,78,86,81,89,84
1,75,5,75,85,80,90,85,95,90
1,75,7,75,87,82,94,89,101,96
1,75,11,75,91,86,102,97,113,108
1,75,13,75,93,88,106,101,119,114
1,75,17,75,97,92,114,109,131,126
1,75,19,75,99,94,118,113,137,132
1,76,2,76,83,78,85,80,87,82
1,76,3,76,84,79,87,82,90,85
1,76,5,76,86,81,91,86,96,91
1,76,7,76,88,83,95,90,102,97
1,76,11,76,92,87,103,98,114,109
1,76,13,76,94,89,107,102,120,115
1,76,17,76,98,93,115,110,132,127
1,76,19,76,100,95,119,114,138,133
1,77,2,77,84,79,86,81,88,83
1,77,3,77,85,80,88,83,91,86
1,77,5,77,87,82,92,87,97,92
1,77,7,77,89,84,96,91,103,98
1,77,11,77,93,88,104,99,115,110
1,77,13,77,95,90,108,103,121,116
1,77,17,77,99,94,116,111,133,128
1,77,19,77,101,96,120,115,139,134
1,78,2,78,85,80,87,82,89,84
1,78,3,78,86,81,89,84,92,87
1,78,5,78,88,83,93,88,98,93
1,78,7,78,90,85,97,92,104,99
1,78,11,78,94,89,105,100,116,111
1,78,13,78,96,91,109,104,122,117
1,78,17,78,100,95,117,112,134,129
1,78,19,78,102,97,121,116,140,135
1,79,2,79,86,81,88,83,90,85
1,79,3,79,87,82,90,85,93,88
1,79,5,79,89,84,94,89,99,94
1,79,7,79,91,86,98,93,105,100
1,79,11,79,95,90,106,101,117,112
1,79,13,79,97,92,110,105,123,118
1,79,17,79,101,96,118,113,135,130
1,79,19,79,103,98,122,117,141,136
1,80,2,80,87,82,89,84,91,86
1,80,3,80,88,83,91,86,94,89
1,80,5,80,90,85,95,90,100,95
1,80,7,80,92,87,99,94,106,101
1,80,11,80,96,91,107,102,118,113
1,80,13,80,98,93,111,106,124,119
1,80,17,80,102,97,119,114,136,131
1,80,19,80,104,99,123,118,142,137
1,81,2,81,88,83,90,85,92,87
1,81,3,81,89,84,92,87,95,90
1,81,5,81,91,86,96,91,101,96
1,81,7,81,93,88,100,95,107,102
1,81,11,81,97,92,108,103,119,114
1,81,13,81,99,94,112,107,125,120
1,81,17,81,103,98,120,115,137,132
1,81,19,81,105,100,124,119,143,138
1,82,2,82,89,84,91,86,93,88
1,82,3,82,90,85,93,88,96,91
1,82,5,82,92,87,97,92,102,97
1,82,7,82,94,89,101,96,108,103
1,82,11,82,98,93,109,104,120,115
1,82,13,82,100,95,113,108,126,121
1,82,17,82,104,99,121,116,138,133
1,82,19,82,106,101,125,120,144,139
1,83,2,83,90,85,92,87,94,89
1,83,3,83,91,86,94,89,97,92
1,83,5,83,93,88,98,93,103,98
1,83,7,83,95,90,102,97,109,104
1,83,11,83,99,94,110,105,121,116
1,83,13,83,101,96,114,109,127,122
1,83,17,83,105,100,122,117,139,134
1,83,19,83,107,102,126,121,145,140
1,84,2,84,91,86,93,88,95,90
1,84,3,84,92,87,95,90,98,93
1,84,5,84,94,89,99,94,104,99
1,84,7,84,96,91,103,98,110,105
1,84,11,84,100,95,111,106,122,117
1,84,13,84,102,97,115,110,128,123
1,84,17,84,106,101,123,118,140,135
1,84,19,84,108,103,127,122,146,141
1,85,2,85,92,87,94,89,96,91
1,85,3,85,93,88,96,91,99,94
1,85,5,85,95,90,100,95,105,100
1,85,7,85,97,92,104,99,111,106
1,85,11,85,101,96,112,107,123,118
1,85,13,85,103,98,116,111,129,124
1,85,17,85,107,102,124,119,141,136
1,85,19,85,109,104,128,123,147,142
1,86,2,86,93,88,95,90,97,92
1,86,3,86,94,89,97,92,100,95
1,86,5,86,96,91,101,96,106,101
1,86,7,86,98,93,105,100,112,107
1,86,11,86,102,97,113,108,124,119
1,86,13,86,104,99,117,112,130,125
1,86,17,86,108,103,125,120,142,137
1,86,19,86,110,105,129,124,148,143
1,87,2,87,94,89,96,91,98,93
1,87,3,87,95,90,98,93,101,96
1,87,5,87,97,92,102,97,107,102
1,87,7,87,99,94,106,101,113,108
1,87,11,87,103,98,114,109,125,120
1,87,13,87,105,100,118,113,131,126
1,87,17,87,109,104,126,121,143,138
1,87,19,87,111,106,130,125,149,144
1,88,2,88,95,90,97,92,99,94
1,88,3,88,96,91,99,94,102,97
1,88,5,88,98,93,103,98,108,103
1,88,7,88,100,95,107,102,114,109
1,88,11,88,104,99,115,110,126,121
1,88,13,88,106,101,119,114,132,127
1,88,17,88,110,105,127,122,144,139
1,88,19,88,112,107,131,126,150,145
1,89,2,89,96,91,98,93,100,95
1,89,3,89,97,92,100,95,103,98
1,89,5,89,99,94,104,99,109,104
1,89,7,89,101,96,108,103,115,110
1,89,11,89,105,100,116,111,127,122
1,89,13,89,107,102,120,115,133,128
1,89,17,89,111,106,128,123,145,140
1,89,19,89,113,108,132,127,151,146
1,90,2,90,97,92,99,94,101,96
1,90,3,90,98,93,101,96,104,99
1,90,5,90,100,95,105,100,110,105
1,90,7,90,102,97,109,104,116,111
1,90,11,90,106,101,117,112,128,123
1,90,13,90,108,103,121,116,134,129
1,90,17,90,112,107,129,124,146,141
1,90,19,90,114,109,133,128,152,147
1,91,2,91,98,93,100,95,102,97
1,91,3,91,99,94,102,97,105,100
1,91,5,91,101,96,106,101,111,106
1,91,7,91,103,98,110,105,117,112
1,91,11,91,107,102,118,113,129,124
1,91,13,91,109,104,122,117,135,130
1,91,17,91,113,108,130,125,147,142
1,91,19,91,115,110,134,129,153,148
1,92,2,92,99,94,101,96,103,98
1,92,3,92,100,95,103,98,106,101
1,92,5,92,102,97,107,102,112,107
1,92,7,92,104,99,111,106,118,113
1,92,11,92,108,103,119,114,130,125
1,92,13,92,110,105,123,118,136,131
1,92,17,92,114,109,131,126,148,143
1,92,19,92,116,111,135,130,154,149
1,93,2,93,100,95,102,97,104,99
1,93,3,93,101,96,104,99,107,102
1,93,5,93,103,98,108,103,113,108
1,93,7,93,105,100,112,107,119,114
1,93,11,93,109,104,120,115,131,126
1,93,13,93,111,106,124,119,137,132
1,93,17,93,115,110,132,127,149,144
1,93,19,93,117,112,136,131,155,150
1,94,2,94,101,96,103,98,105,100
1,94,3,94,102,97,105,100,108,103
1,94,5,94,104,99,109,104,114,109
1,94,7,94,106,101,113,108,120,115
1,94,11,94,110,105,121,116,132,127
1,94,13,94,112,107,125,120,138,133
1,94,17,94,116,111,133,128,150,145
1,94,19,94,118,113,137,132,156,151
1,95,2,95,102,97,104,99,106,101
1,95,3,95,103,98,106,101,109,104
1,95,5,95,105,100,110,105,115,110
1,95,7,95,107,102,114,109,121,116
1,95,11,95,111,106,122,117,133,128
1,95,13,95,113,108,126,121,139,134
1,95,17,95,117,112,134,129,151,146
1,95,19,95,119,114,138,133,157,152
1,96,2,96,103,98,105,100,107,102
1,96,3,96,104,99,107,102,110,105
1,96,5,96,106,101,111,106,116,111
1,96,7,96,108,103,115,110,122,117
1,96,11,96,112,107,123,118,134,129
1,96,13,96,114,109,127,122,140,135
1,96,17,96,118,113,135,130,152,147
1,96,19,96,120,115,139,134,158,153
1,97,2,97,104,99,106,101,108,103
1,97,3,97,105,100,108,103,111,106
1,97,5,97,107,102,112,107,117,112
1,97,7,97,109,104,116,111,123,118
1,97,11,97,113,108,124,119,135,130
1,97,13,97,115,110,128,123,141,136
1,97,17,97,119,114,136,131,153,148
1,97,19,97,121,116,140,135,159,154
1,98,2,98,105,100,107,102,109,104
1,98,3,98,106,101,109,104,112,107
1,98,5,98,108,103,113,108,118,113
1,98,7,98,110,105,117,112,124,119
1,98,11,98,114,109,125,120,136,131
1,98,13,98,116,111,129,124,142,137
1,98,17,98,120,115,137,132,154,149
1,98,19,98,122,117,141,136,160,155
2,101,2,101,108,103,110,105,112,107
2,101,3,101,109,104,112,107,115,110
2,101,5,101,111,106,116,111,121,116
2,101,7,101,113,108,120,115,127,122
2,101,11,101,117,112,128,123,139,134
2,101,13,101,119,114,132,127,145,140
2,101,17,101,123,118,140,135,157,152
2,101,19,101,125,120,144,139,163,158
2,102,2,102,109,104,111,106,113,108
2,102,3,102,110,105,113,108,116,111
2,102,5,102,112,107,117,112,122,117
2,102,7,102,114,109,121,116,128,123
2,102,11,102,118,113,129,124,140,135
2,102,13,102,120,115,133,128,146,141
2,102,17,102,124,119,141,136,158,153
2,102,19,102,126,121,145,140,164,159
2,103,2,103,110,105,112,107,114,109
2,103,3,103,111,106,114,109,117,112
2,103,5,103,113,108,118,113,123,118
2,103,7,103,115,110,122,117,129,124
2,103,11,103,119,114,130,125,141,136
2,103,13,103,121,116,134,129,147,142
2,103,17,103,125,120,142,137,159,154
2,103,19,103,127,122,146,141,165,160
2,104,2,104,111,106,113,108,115,110
2,104,3,104,112,107,115,110,118,113
2,104,5,104,114,109,119,114,124,119
2,104,7,104,116,111,123,118,130,125
2,104,11,104,120,115,131,126,142,137
2,104,13,104,122,117,135,130,148,143
2,104,17,104,126,121,143,138,160,155
2,104,19,104,128,123,147,142,166,161
2,105,2,105,112,107,114,109,116,111
2,105,3,105,113,108,116,111,119,114
2,105,5,105,115,110,120,115,125,120
2,105,7,105,117,112,124,119,131,126
2,105,11,105,121,116,132,127,143,138
2,105,13,105,123,118,136,131,149,144
2,105,17,105,127,122,144,139,161,156
2,105,19,105,129,124,148,143,167,162
2,106,2,106,113,108,115,110,117,112
2,106,3,106,114,109,117,112,120,115
2,106,5,106,116,111,121,116,126,121
2,106,7,106,118,113,125,120,132,127
2,106,11,106,122,117,133,128,144,139
2,106,13,106,124,119,137,132,150,145
2,106,17,106,128,123,145,140,162,157
2,106,19,106,130,125,149,144,168,163
2,107,2,107,114,109,116,111,118,113
2,107,3,107,115,110,118,113,121,116
2,107,5,107,117,112,122,117,127,122
2,107,7,107,119,114,126,121,133,128
2,107,11,107,123,118,134,129,145,140
2,107,13,107,125,120,138,133,151,146
2,107,17,107,129,124,146,141,163,158
2,107,19,107,131,126,150,145,169,164
2,108,2,108,115,110,117,112,119,114
2,108,3,108,116,111,119,114,122,117
2,108,5,108,118,113,123,118,128,123
2,108,7,108,120,115,127,122,134,129
2,108,11,108,124,119,135,130,146,141
2,108,13,108,126,121,139,134,152,147
2,108,17,108,130,125,147,142,164,159
2,108,19,108,132,127,151,146,170,165
2,109,2,109,116,111,118,113,120,115
2,109,3,109,117,112,120,115,123,118
2,109,5,109,119,114,124,119,129,124
2,109,7,109,121,116,128,123,135,130
2,109,11,109,125,120,136,131,147,142
2,109,13,109,127,122,140,135,153,148
2,109,17,109,131,126,148,143,165,160
2,109,19,109,133,128,152,147,171,166
2,110,2,110,117,112,119,114,121,116
2,110,3,110,118,113,121,116,124,119
2,110,5,110,120,115,125,120,130,125
2,110,7,110,122,117,129,124,136,131
2,110,11,110,126,121,137,132,148,143
2,110,13,110,128,123,141,136,154,149
2,110,17,110,132,127,149,144,166,161
2,110,19,110,134,129,153,148,172,167
2,111,2,111,118,113,120,115,122,117
2,111,3,111,119,114,122,117,125,120
2,111,5,111,121,116,126,121,131,126
2,111,7,111,123,118,130,125,137,132
2,111,11,111,127,122,138,133,149,144
2,111,13,111,129,124,142,137,155,150
2,111,17,111,133,128,150,145,167,162
2,111,19,111,135,130,154,149,173,168
2,112,2,112,119,114,121,116,123,118
2,112,3,112,120,115,123,118,126,121
2,112,5,112,122,117,127,122,132,127
2,112,7,112,124,119,131,126,138,133
2,112,11,112,128,123,139,134,150,145
2,112,13,112,130,125,143,138,156,151
2,112,17,112,134,129,151,146,168,163
2,112,19,112,136,131,155,150,174,169
2,113,2,113,120,115,122,117,124,119
2,113,3,113,121,116,124,119,127,122
2,113,5,113,123,118,128,123,133,128
2,113,7,113,125,120,132,127,139,134
2,113,11,113,129,124,140,135,151,146
2,113,13,113,131,126,144,139,157,152
2,113,17,113,135,130,152,147,169,164
2,113,19,113,137,132,156,151,175,170
2,114,2,114,121,116,123,118,125,120
2,114,3,114,122,117,125,120,128,123
2,114,5,114,124,119,129,124,134,129
2,114,7,114,126,121,133,128,140,135
2,114,11,114,130,125,141,136,152,147
2,114,13,114,132,127,145,140,158,153
2,114,17,114,136,131,153,148,170,165
2,114,19,114,138,133,157,152,176,171
2,115,2,115,122,117,124,119,126,121
2,115,3,115,123,118,126,121,129,124
2,115,5,115,125,120,130,125,135,130
2,115,7,115,127,122,134,129,141,136
2,115,11,115,131,126,142,137,153,148
2,115,13,115,133,128,146,141,159,154
2,115,17,115,137,132,154,149,171,166
2,115,19,115,139,134,158,153,177,172
2,116,2,116,123,118,125,120,127,122
2,116,3,116,124,119,127,122,130,125
2,116,5,116,126,121,131,126,136,131
2,116,7,116,128,123,135,130,142,137
2,116,11,116,132,127,143,138,154,149
2,116,13,116,134,129,147,142,160,155
2,116,17,116,138,133,155,150,172,167
2,116,19,116,140,135,159,154,178,173
2,117,2,117,124,119,126,121,128,123
2,117,3,117,125,120,128,123,131,126
2,117,5,117,127,122,132,127,137,132
2,117,7,117,129,124,136,131,143,138
2,117,11,117,133,128,144,139,155,150
2,117,13,117,135,130,148,143,161,156
2,117,17,117,139,134,156,151,173,168
2,117,19,117,141,136,160,155,179,174
2,118,2,118,125,120,127,122,129,124
2,118,3,118,126,121,129,124,132,127
2,118,5,118,128,123,133,128,138,133
2,118,7,118,130,125,137,132,144,139
2,118,11,118,134,129,145,140,156,151
2,118,13,118,136,131,149,144,162,157
2,118,17,118,140,135,157,152,174,169
2,118,19,118,142,137,161,156,180,175
2,119,2,119,126,121,128,123,130,125
2,119,3,119,127,122,130,125,133,128
2,119,5,119,129,124,134,129,139,134
2,119,7,119,131,126,138,133,145,140
2,119,11,119,135,130,146,141,157,152
2,119,13,119,137,132,150,145,163,158
2,119,17,119,141,136,158,153,175,170
2,119,19,119,143,138,162,157,181,176
2,120,2,120,127,122,129,124,131,126
2,120,3,120,128,123,131,126,134,129
2,120,5,120,130,125,135,130,140,135
2,120,7,120,132,127,139,134,146,141
2,120,11,120,136,131,147,142,158,153
2,120,13,120,138,133,151,146,164,159
2,120,17,120,142,137,159,154,176,171
2,120,19,120,144,139,163,158,182,177
2,121,2,121,128,123,130,125,132,127
2,121,3,121,129,124,132,127,135,130
2,121,5,121,131,126,136,131,141,136
2,121,7,121,133,128,140,135,147,142
2,121,11,121,137,132,148,143,159,154
2,121,13,121,139,134,152,147,165,160
2,121,17,121,143,138,160,155,177,172
2,121,19,121,145,140,164,159,183,178
2,122,2,122,129,124,131,126,133,128
2,122,3,122,130,125,133,128,136,131
2,122,5,122,132,127,137,132,142,137
2,122,7,122,134,129,141,136,148,143
2,122,11,122,138,133,149,144,160,155
2,122,13,122,140,135,153,148,166,161
2,122,17,122,144,139,161,156,178,173
2,122,19,122,146,141,165,160,184,179
2,123,2,123,130,125,132,127,134,129
2,123,3,123,131,126,134,129,137,132
2,123,5,123,133,128,138,133,143,138
2,123,7,123,135,130,142,137,149,144
2,123,11,123,139,134,150,145,161,156
2,123,13,123,141,136,154,149,167,162
2,123,17,123,145,140,162,157,179,174
2,123,19,123,147,142,166,161,185,180
2,124,2,124,131,126,133,128,135,130
2,124,3,124,132,127,135,130,138,133
2,124,5,124,134,129,139,134,144,139
2,124,7,124,136,131,143,138,150,145
2,124,11,124,140,135,151,146,162,157
2,124,13,124,142,137,155,150,168,163
2,124,17,124,146,141,163,158,180,175
2,124,19,124,148,143,167,162,186,181
2,125,2,125,132,127,134,129,136,131
2,125,3,125,133,128,136,131,139,134
2,125,5,125,135,130,140,135,145,140
2,125,7,125,137,132,144,139,151,146
2,125,11,125,141,136,152,147,163,158
2,125,13,125,143,138,156,151,169,164
2,125,17,125,147,142,164,159,181,176
2,125,19,125,149,144,168,163,187,182
2,126,2,126,133,128,135,130,137,132
2,126,3,126,134,129,137,132,140,135
2,126,5,126,136,131,141,136,146,141
2,126,7,126,138,133,145,140,152,147
2,126,11,126,142,137,153,148,164,159
2,126,13,126,144,139,157,152,170,165
2,126,17,126,148,143,165,160,182,177
2,126,19,126,150,145,169,164,188,183
2,127,2,127,134,129,136,131,138,133
2,127,3,127,135,130,138,133,141,136
2,127,5,127,137,132,142,137,147,142
2,127,7,127,139,134,146,141,153,148
2,127,11,127,143,138,154,149,165,160
2,127,13,127,145,140,158,153,171,166
2,127,17,127,149,144,166,161,183,178
2,127,19,127,151,146,170,165,189,184
2,128,2,128,135,130,137,132,139,134
2,128,3,128,136,131,139,134,142,137
2,128,5,128,138,133,143,138,148,143
2,128,7,128,140,135,147,142,154,149
2,128,11,128,144,139,155,150,166,161
2,128,13,128,146,141,159,154,172,167
2,128,17,128,150,145,167,162,184,179
2,128,19,128,152,147,171,166,190,185
2,129,2,129,136,131,138,133,140,135
2,129,3,129,137,132,140,135,143,138
2,129,5,129,139,134,144,139,149,144
2,129,7,129,141,136,148,143,155,150
2,129,11,129,145,140,156,151,167,162
2,129,13,129,147,142,160,155,173,168
2,129,17,129,151,146,168,163,185,180
2,129,19,129,153,148,172,167,191,186
2,130,2,130,137,132,139,134,141,136
2,130,3,130,138,133,141,136,144,139
2,130,5,130,140,135,145,140,150,145
2,130,7,130,142,137,149,144,156,151
2,130,11,130,146,141,157,152,168,163
2,130,13,130,148,143,161,156,174,169
2,130,17,130,152,147,169,164,186,181
2,130,19,130,154,149,173,168,192,187
2,131,2,131,138,133,140,135,142,137
2,131,3,131,139,134,142,137,145,140
2,131,5,131,141,136,146,141,151,146
2,131,7,131,143,138,150,145,157,152
2,131,11,131,147,142,158,153,169,164
2,131,13,131,149,144,162,157,175,170
2,131,17,131,153,148,170,165,187,182
2,131,19,131,155,150,174,169,193,188
2,132,2,132,139,134,141,136,143,138
2,132,3,132,140,135,143,138,146,141
2,132,5,132,142,137,147,142,152,147
2,132,7,132,144,139,151,146,158,153
2,132,11,132,148,143,159,154,170,165
2,132,13,132,150,145,163,158,176,171
2,132,17,132,154,149,171,166,188,183
2,132,19,132,156,151,175,170,194,189
2,133,2,133,140,135,142,137,144,139
2,133,3,133,141,136,144,139,147,142
2,133,5,133,143,138,148,143,153,148
2,133,7,133,145,140,152,147,159,154
2,133,11,133,149,144,160,155,171,166
2,133,13,133,151,146,164,159,177,172
2,133,17,133,155,150,172,167,189,184
2,133,19,133,157,152,176,171,195,190
2,134,2,134,141,136,143,138,145,140
2,134,3,134,142,137,145,140,148,143
2,134,5,134,144,139,149,144,154,149
2,134,7,134,146,141,153,148,160,155
2,134,11,134,150,145,161,156,172,167
2,134,13,134,152,147,165,160,178,173
2,134,17,134,156,151,173,168,190,185
2,134,19,134,158,153,177,172,196,191
2,135,2,135,142,137,144,139,146,141
2,135,3,135,143,138,146,141,149,144
2,135,5,135,145,140,150,145,155,150
2,135,7,135,147,142,154,149,161,156
2,135,11,135,151,146,162,157,173,168
2,135,13,135,153,148,166,161,179,174
2,135,17,135,157,152,174,169,191,186
2,135,19,135,159,154,178,173,197,192
2,136,2,136,143,138,145,140,147,142
2,136,3,136,144,139,147,142,150,145
2,136,5,136,146,141,151,146,156,151
2,136,7,136,148,143,155,150,162,157
2,136,11,136,152,147,163,158,174,169
2,136,13,136,154,149,167,162,180,175
2,136,17,136,158,153,175,170,192,187
2,136,19,136,160,155,179,174,198,193
2,137,2,137,144,139,146,141,148,143
2,137,3,137,145,140,148,143,151,146
2,137,5,137,147,142,152,147,157,152
2,137,7,137,149,144,156,151,163,158
2,137,11,137,153,148,164,159,175,170
2,137,13,137,155,150,168,163,181,176
2,137,17,137,159,154,176,171,193,188
2,137,19,137,161,156,180,175,199,194
2,138,2,138,145,140,147,142,149,144
2,138,3,138,146,141,149,144,152,147
2,138,5,138,148,143,153,148,158,153
2,138,7,138,150,145,157,152,164,159
2,138,11,138,154,149,165,160,176,171
2,138,13,138,156,151,169,164,182,177
2,138,17,138,160,155,177,172,194,189
2,138,19,138,162,157,181,176,200,195
2,139,2,139,146,141,148,143,150,145
2,139,3,139,147,142,150,145,153,148
2,139,5,139,149,144,154,149,159,154
2,139,7,139,151,146,158,153,165,160
2,139,11,139,155,150,166,161,177,172
2,139,13,139,157,152,170,165,183,178
2,139,17,139,161,156,178,173,195,190
2,139,19,139,163,158,182,177,201,196
2,140,2,140,147,142,149,144,151,146
2,140,3,140,148,143,151,146,154,149
2,140,5,140,150,145,155,150,160,155
2,140,7,140,152,147,159,154,166,161
2,140,11,140,156,151,167,162,178,173
2,140,13,140,158,153,171,166,184,179
2,140,17,140,162,157,179,174,196,191
2,140,19,140,164,159,183,178,202,197
2,141,2,141,148,143,150,145,152,147
2,141,3,141,149,144,152,147,155,150
2,141,5,141,151,146,156,151,161,156
2,141,7,141,153,148,160,155,167,162
2,141,11,141,157,152,168,163,179,174
2,141,13,141,159,154,172,167,185,180
2,141,17,141,163,158,180,175,197,192
2,141,19,141,165,160,184,179,203,198
2,142,2,142,149,144,151,146,153,148
2,142,3,142,150,145,153,148,156,151
2,142,5,142,152,147,157,152,162,157
2,142,7,142,154,149,161,156,168,163
2,142,11,142,158,153,169,164,180,175
2,142,13,142,160,155,173,168,186,181
2,142,17,142,164,159,181,176,198,193
2,142,19,142,166,161,185,180,204,199
2,143,2,143,150,145,152,147,154,149
2,143,3,143,151,146,154,149,157,152
2,143,5,143,153,148,158,153,163,158
2,143,7,143,155,150,162,157,169,164
2,143,11,143,159,154,170,165,181,176
2,143,13,143,161,156,174,169,187,182
2,143,17,143,165,160,182,177,199,194
2,143,19,143,167,162,186,181,205,200
2,144,2,144,151,146,153,148,155,150
2,144,3,144,152,147,155,150,158,153
2,144,5,144,154,149,159,154,164,159
2,144,7,144,156,151,163,158,170,165
2,144,11,144,160,155,171,166,182,177
2,144,13,144,162,157,175,170,188,183
2,144,17,144,166,161,183,178,200,195
2,144,19,144,168,163,187,182,206,201
2,145,2,145,152,147,154,149,156,151
2,145,3,145,153,148,156,151,159,154
2,145,5,145,155,150,160,155,165,160
2,145,7,145,157,152,164,159,171,166
2,145,11,145,161,156,172,167,183,178
2,145,13,145,163,158,176,171,189,184
2,145,17,145,167,162,184,179,201,196
2,145,19,145,169,164,188,183,207,202
2,146,2,146,153,148,155,150,157,152
2,146,3,146,154,149,157,152,160,155
2,146,5,146,156,151,161,156,166,161
2,146,7,146,158,153,165,160,172,167
2,146,11,146,162,157,173,168,184,179
2,146,13,146,164,159,177,172,190,185
2,146,17,146,168,163,185,180,202,197
2,146,19,146,170,165,189,184,208,203
2,147,2,147,154,149,156,151,158,153
2,147,3,147,155,150,158,153,161,156
2,147,5,147,157,152,162,157,167,162
2,147,7,147,159,154,166,161,173,168
2,147,11,147,163,158,174,169,185,180
2,147,13,147,165,160,178,173,191,186
2,147,17,147,169,164,186,181,203,198
2,147,19,147,171,166,190,185,209,204
2,148,2,148,155,150,157,152,159,154
2,148,3,148,156,151,159,154,162,157
2,148,5,148,158,153,163,158,168,163
2,148,7,148,160,155,167,162,174,169
2,148,11,148,164,159,175,170,186,181
2,148,13,148,166,161,179,174,192,187
2,148,17,148,170,165,187,182,204,199
2,148,19,148,172,167,191,186,210,205
2,149,2,149,156,151,158,153,160,155
2,149,3,149,157,152,160,155,163,158
2,149,5,149,159,154,164,159,169,164
2,149,7,149,161,156,168,163,175,170
2,149,11,149,165,160,176,171,187,182
2,149,13,149,167,162,180,175,193,188
2,149,17,149,171,166,188,183,205,200
2,149,19,149,173,168,192,187,211,206
2,150,2,150,157,152,159,154,161,156
2,150,3,150,158,153,161,156,164,159
2,150,5,150,160,155,165,160,170,165
2,150,7,150,162,157,169,164,176,171
2,150,11,150,166,161,177,172,188,183
2,150,13,150,168,163,181,176,194,189
2,150,17,150,172,167,189,184,206,201
2,150,19,150,174,169,193,188,212,207
2,151,2,151,158,153,160,155,162,157
2,151,3,151,159,154,162,157,165,160
2,151,5,151,161,156,166,161,171,166
2,151,7,151,163,158,170,165,177,172
2,151,11,151,167,162,178,173,189,184
2,151,13,151,169,164,182,177,195,190
2,151,17,151,173,168,190,185,207,202
2,151,19,151,175,170,194,189,213,208
2,152,2,152,159,154,161,156,163,158
2,152,3,152,160,155,163,158,166,161
2,152,5,152,162,157,167,162,172,167
2,152,7,152,164,159,171,166,178,173
2,152,11,152,168,163,179,174,190,185
2,152,13,152,170,165,183,178,196,191
2,152,17,152,174,169,191,186,208,203
2,152,19,152,176,171,195,190,214,209
2,153,2,153,160,155,162,157,164,159
2,153,3,153,161,156,164,159,167,162
2,153,5,153,163,158,168,163,173,168
2,153,7,153,165,160,172,167,179,174
2,153,11,153,169,164,180,175,191,186
2,153,13,153,171,166,184,179,197,192
2,153,17,153,175,170,192,187,209,204
2,153,19,153,177,172,196,191,215,210
2,154,2,154,161,156,163,158,165,160
2,154,3,154,162,157,165,160,168,163
2,154,5,154,164,159,169,164,174,169
2,154,7,154,166,161,173,168,180,175
2,154,11,154,170,165,181,176,192,187
2,154,13,154,172,167,185,180,198,193
2,154,17,154,176,171,193,188,210,205
2,154,19,154,178,173,197,192,216,211
2,155,2,155,162,157,164,159,166,161
2,155,3,155,163,158,166,161,169,164
2,155,5,155,165,160,170,165,175,170
2,155,7,155,167,162,174,169,181,176
2,155,11,155,171,166,182,177,193,188
2,155,13,155,173,168,186,181,199,194
2,155,17,155,177,172,194,189,211,206
2,155,19,155,179,174,198,193,217,212
2,156,2,156,163,158,165,160,167,162
2,156,3,156,164,159,167,162,170,165
2,156,5,156,166,161,171,166,176,171
2,156,7,156,168,163,175,170,182,177
2,156,11,156,172,167,183,178,194,189
2,156,13,156,174,169,187,182,200,195
2,156,17,156,178,173,195,190,212,207
2,156,19,156,180,175,199,194,218,213
2,157,2,157,164,159,166,161,168,163
2,157,3,157,165,160,168,163,171,166
2,157,5,157,167,162,172,167,177,172
2,157,7,157,169,164,176,171,183,178
2,157,11,157,173,168,184,179,195,190
2,157,13,157,175,170,188,183,201,196
2,157,17,157,179,174,196,191,213,208
2,157,19,157,181,176,200,195,219,214
2,158,2,158,165,160,167,162,169,164
2,158,3,158,166,161,169,164,172,167
2,158,5,158,168,163,173,168,178,173
2,158,7,158,170,165,177,172,184,179
2,158,11,158,174,169,185,180,196,191
2,158,13,158,176,171,189,184,202,197
2,158,17,158,180,175,197,192,214,209
2,158,19,158,182,177,201,196,220,215
2,159,2,159,166,161,168,163,170,165
2,159,3,159,167,162,170,165,173,168
2,159,5,159,169,164,174,169,179,174
2,159,7,159,171,166,178,173,185,180
2,159,11,159,175,170,186,181,197,192
2,159,13,159,177,172,190,185,203,198
2,159,17,159,181,176,198,193,215,210
2,159,19,159,183,178,202,197,221,216
2,160,2,160,167,162,169,164,171,166
2,160,3,160,168,163,171,166,174,169
2,160,5,160,170,165,175,170,180,175
2,160,7,160,172,167,179,174,186,181
2,160,11,160,176,171,187,182,198,193
2,160,13,160,178,173,191,186,204,199
2,160,17,160,182,177,199,194,216,211
2,160,19,160,184,179,203,198,222,217
2,161,2,161,168,163,170,165,172,167
2,161,3,161,169,164,172,167,175,170
2,161,5,161,171,166,176,171,181,176
2,161,7,161,173,168,180,175,187,182
2,161,11,161,177,172,188,183,199,194
2,161,13,161,179,174,192,187,205,200
2,161,17,161,183,178,200,195,217,212
2,161,19,161,185,180,204,199,223,218
2,162,2,162,169,164,171,166,173,168
2,162,3,162,170,165,173,168,176,171
2,162,5,162,172,167,177,172,182,177
2,162,7,162,174,169,181,176,188,183
2,162,11,162,178,173,189,184,200,195
2,162,13,162,180,175,193,188,206,201
2,162,17,162,184,179,201,196,218,213
2,162,19,162,186,181,205,200,224,219
2,163,2,163,170,165,172,167,174,169
2,163,3,163,171,166,174,169,177,172
2,163,5,163,173,168,178,173,183,178
2,163,7,163,175,170,182,177,189,184
2,163,11,163,179,174,190,185,201,196
2,163,13,163,181,176,194,189,207,202
2,163,17,163,185,180,202,197,219,214
2,163,19,163,187,182,206,201,225,220
2,164,2,164,171,166,173,168,175,170
2,164,3,164,172,167,175,170,178,173
2,164,5,164,174,169,179,174,184,179
2,164,7,164,176,171,183,178,190,185
2,164,11,164,180,175,191,186,202,197
2,164,13,164,182,177,195,190,208,203
2,164,17,164,186,181,203,198,220,215
2,164,19,164,188,183,207,202,226,221
2,165,2,165,172,167,174,169,176,171
2,165,3,165,173,168,176,171,179,174
2,165,5,165,175,170,180,175,185,180
2,165,7,165,177,172,184,179,191,186
2,165,11,165,181,176,192,187,203,198
2,165,13,165,183,178,196,191,209,204
2,165,17,165,187,182,204,199,221,216
2,165,19,165,189,184,208,203,227,222
2,166,2,166,173,168,175,170,177,172
2,166,3,166,174,169,177,172,180,175
2,166,5,166,176,171,181,176,186,181
2,166,7,166,178,173,185,180,192,187
2,166,11,166,182,177,193,188,204,199
2,166,13,166,184,179,197,192,210,205
2,166,17,166,188,183,205,200,222,217
2,166,19,166,190,185,209,204,228,223
2,167,2,167,174,169,176,171,178,173
2,167,3,167,175,170,178,173,181,176
2,167,5,167,177,172,182,177,187,182
2,167,7,167,179,174,186,181,193,188
2,167,11,167,183,178,194,189,205,200
2,167,13,167,185,180,198,193,211,206
2,167,17,167,189,184,206,201,223,218
2,167,19,167,191,186,210,205,229,224
2,168,2,168,175,170,177,172,179,174
2,168,3,168,176,171,179,174,182,177
2,168,5,168,178,173,183,178,188,183
2,168,7,168,180,175,187,182,194,189
2,168,11,168,184,179,195,190,206,201
2,168,13,168,186,181,199,194,212,207
2,168,17,168,190,185,207,202,224,219
2,168,19,168,192,187,211,206,230,225
2,169,2,169,176,171,178,173,180,175
2,169,3,169,177,172,180,175,183,178
2,169,5,169,179,174,184,179,189,184
2,169,7,169,181,176,188,183,195,190
2,169,11,169,185,180,196,191,207,202
2,169,13,169,187,182,200,195,213,208
2,169,17,169,191,186,208,203,225,220
2,169,19,169,193,188,212,207,231,226
2,170,2,170,177,172,179,174,181,176
2,170,3,170,178,173,181,176,184,179
2,170,5,170,180,175,185,180,190,185
2,170,7,170,182,177,189,184,196,191
2,170,11,170,186,181,197,192,208,203
2,170,13,170,188,183,201,196,214,209
2,170,17,170,192,187,209,204,226,221
2,170,19,170,194,189,213,208,232,227
2,171,2,171,178,173,180,175,182,177
2,171,3,171,179,174,182,177,185,180
2,171,5,171,181,176,186,181,191,186
2,171,7,171,183,178,190,185,197,192
2,171,11,171,187,182,198,193,209,204
2,171,13,171,189,184,202,197,215,210
2,171,17,171,193,188,210,205,227,222
2,171,19,171,195,190,214,209,233,228
2,172,2,172,179,174,181,176,183,178
2,172,3,172,180,175,183,178,186,181
2,172,5,172,182,177,187,182,192,187
2,172,7,172,184,179,191,186,198,193
2,172,11,172,188,183,199,194,210,205
2,172,13,172,190,185,203,198,216,211
2,172,17,172,194,189,211,206,228,223
2,172,19,172,196,191,215,210,234,229
2,173,2,173,180,175,182,177,184,179
2,173,3,173,181,176,184,179,187,182
2,173,5,173,183,178,188,183,193,188
2,173,7,173,185,180,192,187,199,194
2,173,11,173,189,184,200,195,211,206
2,173,13,173,191,186,204,199,217,212
2,173,17,173,195,190,212,207,229,224
2,173,19,173,197,192,216,211,235,230
2,174,2,174,181,176,183,178,185,180
2,174,3,174,182,177,185,180,188,183
2,174,5,174,184,179,189,184,194,189
2,174,7,174,186,181,193,188,200,195
2,174,11,174,190,185,201,196,212,207
2,174,13,174,192,187,205,200,218,213
2,174,17,174,196,191,213,208,230,225
2,174,19,174,198,193,217,212,236,231
2,175,2,175,182,177,184,179,186,181
2,175,3,175,183,178,186,181,189,184
2,175,5,175,185,180,190,185,195,190
2,175,7,175,187,182,194,189,201,196
2,175,11,175,191,186,202,197,213,208
2,175,13,175,193,188,206,201,219,214
2,175,17,175,197,192,214,209,231,226
2,175,19,175,199,194,218,213,237,232
2,176,2,176,183,178,185,180,187,182
2,176,3,176,184,179,187,182,190,185
2,176,5,176,186,181,191,186,196,191
2,176,7,176,188,183,195,190,202,197
2,176,11,176,192,187,203,198,214,209
2,176,13,176,194,189,207,202,220,215
2,176,17,176,198,193,215,210,232,227
2,176,19,176,200,195,219,214,238,233
2,177,2,177,184,179,186,181,188,183
2,177,3,177,185,180,188,183,191,186
2,177,5,177,187,182,192,187,197,192
2,177,7,177,189,184,196,191,203,198
2,177,11,177,193,188,204,199,215,210
2,177,13,177,195,190,208,203,221,216
2,177,17,177,199,194,216,211,233,228
2,177,19,177,201,196,220,215,239,234
2,178,2,178,185,180,187,182,189,184
2,178,3,178,186,181,189,184,192,187
2,178,5,178,188,183,193,188,198,193
2,178,7,178,190,185,197,192,204,199
2,178,11,178,194,189,205,200,216,211
2,178,13,178,196,191,209,204,222,217
2,178,17,178,200,195,217,212,234,229
2,178,19,178,202,197,221,216,240,235
2,179,2,179,186,181,188,183,190,185
2,179,3,179,187,182,190,185,193,188
2,179,5,179,189,184,194,189,199,194
2,179,7,179,191,186,198,193,205,200
2,179,11,179,195,190,206,201,217,212
2,179,13,179,197,192,210,205,223,218
2,179,17,179,201,196,218,213,235,230
2,179,19,179,203,198,222,217,241,236
2,180,2,180,187,182,189,184,191,186
2,180,3,180,188,183,191,186,194,189
2,180,5,180,190,185,195,190,200,195
2,180,7,180,192,187,199,194,206,201
2,180,11,180,196,191,207,202,218,213
2,180,13,180,198,193,211,206,224,219
2,180,17,180,202,197,219,214,236,231
2,180,19,180,204,199,223,218,242,237
2,181,2,181,188,183,190,185,192,187
2,181,3,181,189,184,192,187,195,190
2,181,5,181,191,186,196,191,201,196
2,181,7,181,193,188,200,195,207,202
2,181,11,181,197,192,208,203,219,214
2,181,13,181,199,194,212,207,225,220
2,181,17,181,203,198,220,215,237,232
2,181,19,181,205,200,224,219,243,238
2,182,2,182,189,184,191,186,193,188
2,182,3,182,190,185,193,188,196,191
2,182,5,182,192,187,197,192,202,197
2,182,7,182,194,189,201,196,208,203
2,182,11,182,198,193,209,204,220,215
2,182,13,182,200,195,213,208,226,221
2,182,17,182,204,199,221,216,238,233
2,182,19,182,206,201,225,220,244,239
2,183,2,183,190,185,192,187,194,189
2,183,3,183,191,186,194,189,197,192
2,183,5,183,193,188,198,193,203,198
2,183,7,183,195,190,202,197,209,204
2,183,11,183,199,194,210,205,221,216
2,183,13,183,201,196,214,209,227,222
2,183,17,183,205,200,222,217,239,234
2,183,19,183,207,202,226,221,245,240
2,184,2,184,191,186,193,188,195,190
2,184,3,184,192,187,195,190,198,193
2,184,5,184,194,189,199,194,204,199
2,184,7,184,196,191,203,198,210,205
2,184,11,184,200,195,211,206,222,217
2,184,13,184,202,197,215,210,228,223
2,184,17,184,206,201,223,218,240,235
2,184,19,184,208,203,227,222,246,241
2,185,2,185,192,187,194,189,196,191
2,185,3,185,193,188,196,191,199,194
2,185,5,185,195,190,200,195,205,200
2,185,7,185,197,192,204,199,211,206
2,185,11,185,201,196,212,207,223,218
2,185,13,185,203,198,216,211,229,224
2,185,17,185,207,202,224,219,241,236
2,185,19,185,209,204,228,223,247,242
2,186,2,186,193,188,195,190,197,192
2,186,3,186,194,189,197,192,200,195
2,186,5,186,196,191,201,196,206,201
2,186,7,186,198,193,205,200,212,207
2,186,11,186,202,197,213,208,224,219
2,186,13,186,204,199,217,212,230,225
2,186,17,186,208,203,225,220,242,237
2,186,19,186,210,205,229,224,248,243
2,187,2,187,194,189,196,191,198,193
2,187,3,187,195,190,198,193,201,196
2,187,5,187,197,192,202,197,207,202
2,187,7,187,199,194,206,201,213,208
2,187,11,187,203,198,214,209,225,220
2,187,13,187,205,200,218,213,231,226
2,187,17,187,209,204,226,221,243,238
2,187,19,187,211,206,230,225,249,244
2,188,2,188,195,190,197,192,199,194
2,188,3,188,196,191,199,194,202,197
2,188,5,188,198,193,203,198,208,203
2,188,7,188,200,195,207,202,214,209
2,188,11,188,204,199,215,210,226,221
2,188,13,188,206,201,219,214,232,227
2,188,17,188,210,205,227,222,244,239
2,188,19,188,212,207,231,226,250,245
2,189,2,189,196,191,198,193,200,195
2,189,3,189,197,192,200,195,203,198
2,189,5,189,199,194,204,199,209,204
2,189,7,189,201,196,208,203,215,210
2,189,11,189,205,200,216,211,227,222
2,189,13,189,207,202,220,215,233,228
2,189,17,189,211,206,228,223,245,240
2,189,19,189,213,208,232,227,251,246
2,190,2,190,197,192,199,194,201,196
2,190,3,190,198,193,201,196,204,199
2,190,5,190,200,195,205,200,210,205
2,190,7,190,202,197,209,204,216,211
2,190,11,190,206,201,217,212,228,223
2,190,13,190,208,203,221,216,234,229
2,190,17,190,212,207,229,224,246,241
2,190,19,190,214,209,233,228,252,247
2,191,2,191,198,193,200,195,202,197
2,191,3,191,199,194,202,197,205,200
2,191,5,191,201,196,206,201,211,206
2,191,7,191,203,198,210,205,217,212
2,191,11,191,207,202,218,213,229,224
2,191,13,191,209,204,222,217,235,230
2,191,17,191,213,208,230,225,247,242
2,191,19,191,215,210,234,229,253,248
2,192,2,192,199,194,201,196,203,198
2,192,3,192,200,195,203,198,206,201
2,192,5,192,202,197,207,202,212,207
2,192,7,192,204,199,211,206,218,213
2,192,11,192,208,203,219,214,230,225
2,192,13,192,210,205,223,218,236,231
2,192,17,192,214,209,231,226,248,243
2,192,19,192,216,211,235,230,254,249
2,193,2,193,200,195,202,197,204,199
2,193,3,193,201,196,204,199,207,202
2,193,5,193,203,198,208,203,213,208
2,193,7,193,205,200,212,207,219,214
2,193,11,193,209,204,220,215,231,226
2,193,13,193,211,206,224,219,237,232
2,193,17,193,215,210,232,227,249,244
2,193,19,193,217,212,236,231,255,250
2,194,2,194,201,196,203,198,205,200
2,194,3,194,202,197,205,200,208,203
2,194,5,194,204,199,209,204,214,209
2,194,7,194,206,201,213,208,220,215
2,194,11,194,210,205,221,216,232,227
2,194,13,194,212,207,225,220,238,233
2,194,17,194,216,211,233,228,250,245
2,194,19,194,218,213,237,232,256,251
2,195,2,195,202,197,204,199,206,201
2,195,3,195,203,198,206,201,209,204
2,195,5,195,205,200,210,205,215,210
2,195,7,195,207,202,214,209,221,216
2,195,11,195,211,206,222,217,233,228
2,195,13,195,213,208,226,221,239,234
2,195,17,195,217,212,234,229,251,246
2,195,19,195,219,214,238,233,257,252
2,196,2,196,203,198,205,200,207,202
2,196,3,196,204,199,207,202,210,205
2,196,5,196,206,201,211,206,216,211
2,196,7,196,208,203,215,210,222,217
2,196,11,196,212,207,223,218,234,229
2,196,13,196,214,209,227,222,240,235
2,196,17,196,218,213,235,230,252,247
2,196,19,196,220,215,239,234,258,253
2,197,2,197,204,199,206,201,208,203
2,197,3,197,205,200,208,203,211,206
2,197,5,197,207,202,212,207,217,212
2,197,7,197,209,204,216,211,223,218
2,197,11,197,213,208,224,219,235,230
2,197,13,197,215,210,228,223,241,236
2,197,17,197,219,214,236,231,253,248
2,197,19,197,221,216,240,235,259,254
2,198,2,198,205,200,207,202,209,204
2,198,3,198,206,201,209,204,212,207
2,198,5,198,208,203,213,208,218,213
2,198,7,198,210,205,217,212,224,219
2,198,11,198,214,209,225,220,236,231
2,198,13,198,216,211,229,224,242,237
2,198,17,198,220,215,237,232,254,249
2,198,19,198,222,217,241,236,260,255
2,199,2,199,206,201,208,203,210,205
2,199,3,199,207,202,210,205,213,208
2,199,5,199,209,204,214,209,219,214
2,199,7,199,211,206,218,213,225,220
2,199,11,199,215,210,226,221,237,232
2,199,13,199,217,212,230,225,243,238
2,199,17,199,221,216,238,233,255,250
2,199,19,199,223,218,242,237,261,256
2,200,2,200,207,202,209,204,211,206
2,200,3,200,208,203,211,206,214,209
2,200,5,200,210,205,215,210,220,215
2,200,7,200,212,207,219,214,226,221
2,200,11,200,216,211,227,222,238,233
2,200,13,200,218,213,231,226,244,239
2,200,17,200,222,217,239,234,256,251
2,200,19,200,224,219,243,238,262,257
2,201,2,201,208,203,210,205,212,207
2,201,3,201,209,204,212,207,215,210
2,201,5,201,211,206,216,211,221,216
2,201,7,201,213,208,220,215,227,222
2,201,11,201,217,212,228,223,239,234
2,201,13,201,219,214,232,227,245,240
2,201,17,201,223,218,240,235,257,252
2,201,19,201,225,220,244,239,263,258
2,202,2,202,209,204,211,206,213,208
2,202,3,202,210,205,213,208,216,211
2,202,5,202,212,207,217,212,222,217
2,202,7,202,214,209,221,216,228,223
2,202,11,202,218,213,229,224,240,235
2,202,13,202,220,215,233,228,246,241
2,202,17,202,224,219,241,236,258,253
2,202,19,202,226,221,245,240,264,259
2,203,2,203,210,205,212,207,214,209
2,203,3,203,211,206,214,209,217,212
2,203,5,203,213,208,218,213,223,218
2,203,7,203,215,210,222,217,229,224
2,203,11,203,219,214,230,225,241,236
2,203,13,203,221,216,234,229,247,242
2,203,17,203,225,220,242,237,259,254
2,203,19,203,227,222,246,241,265,260
2,204,2,204,211,206,213,208,215,210
2,204,3,204,212,207,215,210,218,213
2,204,5,204,214,209,219,214,224,219
2,204,7,204,216,211,223,218,230,225
2,204,11,204,220,215,231,226,242,237
2,204,13,204,222,217,235,230,248,243
2,204,17,204,226,221,243,238,260,255
2,204,19,204,228,223,247,242,266,261
2,205,2,205,212,207,214,209,216,211
2,205,3,205,213,208,216,211,219,214
2,205,5,205,215,210,220,215,225,220
2,205,7,205,217,212,224,219,231,226
2,205,11,205,221,216,232,227,243,238
2,205,13,205,223,218,236,231,249,244
2,205,17,205,227,222,244,239,261,256
2,205,19,205,229,224,248,243,267,262
2,206,2,206,213,208,215,210,217,212
2,206,3,206,214,209,217,212,220,215
2,206,5,206,216,211,221,216,226,221
2,206,7,206,218,213,225,220,232,227
2,206,11,206,222,217,233,228,244,239
2,206,13,206,224,219,237,232,250,245
2,206,17,206,228,223,245,240,262,257
2,206,19,206,230,225,249,244,268,263
2,207,2,207,214,209,216,211,218,213
2,207,3,207,215,210,218,213,221,216
2,207,5,207,217,212,222,217,227,222
2,207,7,207,219,214,226,221,233,228
2,207,11,207,223,218,234,229,245,240
2,207,13,207,225,220,238,233,251,246
2,207,17,207,229,224,246,241,263,258
2,207,19,207,231,226,250,245,269,264
2,208,2,208,215,210,217,212,219,214
2,208,3,208,216,211,219,214,222,217
2,208,5,208,218,213,223,218,228,223
2,208,7,208,220,215,227,222,234,229
2,208,11,208,224,219,235,230,246,241
2,208,13,208,226,221,239,234,252,247
2,208,17,208,230,225,247,242,264,259
2,208,19,208,232,227,251,246,270,265
2,209,2,209,216,211,218,213,220,215
2,209,3,209,217,212,220,215,223,218
2,209,5,209,219,214,224,219,229,224
2,209,7,209,221,216,228,223,235,230
2,209,11,209,225,220,236,231,247,242
2,209,13,209,227,222,240,235,253,248
2,209,17,209,231,226,248,243,265,260
2,209,19,209,233,228,252,247,271,266
2,210,2,210,217,212,219,214,221,216
2,210,3,210,218,213,221,216,224,219
2,210,5,210,220,215,225,220,230,225
2,210,7,210,222,217,229,224,236,231
2,210,11,210,226,221,237,232,248,243
2,210,13,210,228,223,241,236,254,249
2,210,17,210,232,227,249,244,266,261
2,210,19,210,234,229,253,248,272,267
2,211,2,211,218,213,220,215,222,217
2,211,3,211,219,214,222,217,225,220
2,211,5,211,221,216,226,221,231,226
2,211,7,211,223,218,230,225,237,232
2,211,11,211,227,222,238,233,249,244
2,211,13,211,229,224,242,237,255,250
2,211,17,211,233,228,250,245,267,262
2,211,19,211,235,230,254,249,273,268
2,212,2,212,219,214,221,216,223,218
2,212,3,212,220,215,223,218,226,221
2,212,5,212,222,217,227,222,232,227
2,212,7,212,224,219,231,226,238,233
2,212,11,212,228,223,239,234,250,245
2,212,13,212,230,225,243,238,256,251
2,212,17,212,234,229,251,246,268,263
2,212,19,212,236,231,255,250,274,269
2,213,2,213,220,215,222,217,224,219
2,213,3,213,221,216,224,219,227,222
2,213,5,213,223,218,228,223,233,228
2,213,7,213,225,220,232,227,239,234
2,213,11,213,229,224,240,235,251,246
2,213,13,213,231,226,244,239,257,252
2,213,17,213,235,230,252,247,269,264
2,213,19,213,237,232,256,251,275,270
2,214,2,214,221,216,223,218,225,220
2,214,3,214,222,217,225,220,228,223
2,214,5,214,224,219,229,224,234,229
2,214,7,214,226,221,233,228,240,235
2,214,11,214,230,225,241,236,252,247
2,214,13,214,232,227,245,240,258,253
2,214,17,214,236,231,253,248,270,265
2,214,19,214,238,233,257,252,276,271
2,215,2,215,222,217,224,219,226,221
2,215,3,215,223,218,226,221,229,224
2,215,5,215,225,220,230,225,235,230
2,215,7,215,227,222,234,229,241,236
2,215,11,215,231,226,242,237,253,248
2,215,13,215,233,228,246,241,259,254
2,215,17,215,237,232,254,249,271,266
2,215,19,215,239,234,258,253,277,272
2,216,2,216,223,218,225,220,227,222
2,216,3,216,224,219,227,222,230,225
2,216,5,216,226,221,231,226,236,231
2,216,7,216,228,223,235,230,242,237
2,216,11,216,232,227,243,238,254,249
2,216,13,216,234,229,247,242,260,255
2,216,17,216,238,233,255,250,272,267
2,216,19,216,240,235,259,254,278,273
2,217,2,217,224,219,226,221,228,223
2,217,3,217,225,220,228,223,231,226
2,217,5,217,227,222,232,227,237,232
2,217,7,217,229,224,236,231,243,238
2,217,11,217,233,228,244,239,255,250
2,217,13,217,235,230,248,243,261,256
2,217,17,217,239,234,256,251,273,268
2,217,19,217,241,236,260,255,279,274
2,218,2,218,225,220,227,222,229,224
2,218,3,218,226,221,229,224,232,227
2,218,5,218,228,223,233,228,238,233
2,218,7,218,230,225,237,232,244,239
2,218,11,218,234,229,245,240,256,251
2,218,13,218,236,231,249,244,262,257
2,218,17,218,240,235,257,252,274,269
2,218,19,218,242,237,261,256,280,275
2,219,2,219,226,221,228,223,230,225
2,219,3,219,227,222,230,225,233,228
2,219,5,219,229,224,234,229,239,234
2,219,7,219,231,226,238,233,245,240
2,219,11,219,235,230,246,241,257,252
2,219,13,219,237,232,250,245,263,258
2,219,17,219,241,236,258,253,275,270
2,219,19,219,243,238,262,257,281,276
2,220,2,220,227,222,229,224,231,226
2,220,3,220,228,223,231,226,234,229
2,220,5,220,230,225,235,230,240,235
2,220,7,220,232,227,239,234,246,241
2,220,11,220,236,231,247,242,258,253
2,220,13,220,238,233,251,246,264,259
2,220,17,220,242,237,259,254,276,271
2,220,19,220,244,239,263,258,282,277
2,221,2,221,228,223,230,225,232,227
2,221,3,221,229,224,232,227,235,230
2,221,5,221,231,226,236,231,241,236
2,221,7,221,233,228,240,235,247,242
2,221,11,221,237,232,248,243,259,254
2,221,13,221,239,234,252,247,265,260
2,221,17,221,243,238,260,255,277,272
2,221,19,221,245,240,264,259,283,278
2,222,2,222,229,224,231,226,233,228
2,222,3,222,230,225,233,228,236,231
2,222,5,222,232,227,237,232,242,237
2,222,7,222,234,229,241,236,248,243
2,222,11,222,238,233,249,244,260,255
2,222,13,222,240,235,253,248,266,261
2,222,17,222,244,239,261,256,278,273
2,222,19,222,246,241,265,260,284,279
2,223,2,223,230,225,232,227,234,229
2,223,3,223,231,226,234,229,237,232
2,223,5,223,233,228,238,233,243,238
2,223,7,223,235,230,242,237,249,244
2,223,11,223,239,234,250,245,261,256
2,223,13,223,241,236,254,249,267,262
2,223,17,223,245,240,262,257,279,274
2,223,19,223,247,242,266,261,285,280
2,224,2,224,231,226,233,228,235,230
2,224,3,224,232,227,235,230,238,233
2,224,5,224,234,229,239,234,244,239
2,224,7,224,236,231,243,238,250,245
2,224,11,224,240,235,251,246,262,257
2,224,13,224,242,237,255,250,268,263
2,224,17,224,246,241,263,258,280,275
2,224,19,224,248,243,267,262,286,281
2,225,2,225,232,227,234,229,236,231
2,225,3,225,233,228,236,231,239,234
2,225,5,225,235,230,240,235,245,240
2,225,7,225,237,232,244,239,251,246
2,225,11,225,241,236,252,247,263,258
2,225,13,225,243,238,256,251,269,264
2,225,17,225,247,242,264,259,281,276
2,225,19,225,249,244,268,263,287,282
2,226,2,226,233,228,235,230,237,232
2,226,3,226,234,229,237,232,240,235
2,226,5,226,236,231,241,236,246,241
2,226,7,226,238,233,245,240,252,247
2,226,11,226,242,237,253,248,264,259
2,226,13,226,244,239,257,252,270,265
2,226,17,226,248,243,265,260,282,277
2,226,19,226,250,245,269,264,288,283
2,227,2,227,234,229,236,231,238,233
2,227,3,227,235,230,238,233,241,236
2,227,5,227,237,232,242,237,247,242
2,227,7,227,239,234,246,241,253,248
2,227,11,227,243,238,254,249,265,260
2,227,13,227,245,240,258,253,271,266
2,227,17,227,249,244,266,261,283,278
2,227,19,227,251,246,270,265,289,284
2,228,2,228,235,230,237,232,239,234
2,228,3,228,236,231,239,234,242,237
2,228,5,228,238,233,243,238,248,243
2,228,7,228,240,235,247,242,254,249
2,228,11,228,244,239,255,250,266,261
2,228,13,228,246,241,259,254,272,267
2,228,17,228,250,245,267,262,284,279
2,228,19,228,252,247,271,266,290,285
2,229,2,229,236,231,238,233,240,235
2,229,3,229,237,232,240,235,243,238
2,229,5,229,239,234,244,239,249,244
2,229,7,229,241,236,248,243,255,250
2,229,11,229,245,240,256,251,267,262
2,229,13,229,247,242,260,255,273,268
2,229,17,229,251,246,268,263,285,280
2,229,19,229,253,248,272,267,291,286
2,230,2,230,237,232,239,234,241,236
2,230,3,230,238,233,241,236,244,239
2,230,5,230,240,235,245,240,250,245
2,230,7,230,242,237,249,244,256,251
2,230,11,230,246,241,257,252,268,263
2,230,13,230,248,243,261,256,274,269
2,230,17,230,252,247,269,264,286,281
2,230,19,230,254,249,273,268,292,287
2,231,2,231,238,233,240,235,242,237
2,231,3,231,239,234,242,237,245,240
2,231,5,231,241,236,246,241,251,246
2,231,7,231,243,238,250,245,257,252
2,231,11,231,247,242,258,253,269,264
2,231,13,231,249,244,262,257,275,270
2,231,17,231,253,248,270,265,287,282
2,231,19,231,255,250,274,269,293,288
2,232,2,232,239,234,241,236,243,238
2,232,3,232,240,235,243,238,246,241
2,232,5,232,242,237,247,242,252,247
2,232,7,232,244,239,251,246,258,253
2,232,11,232,248,243,259,254,270,265
2,232,13,232,250,245,263,258,276,271
2,232,17,232,254,249,271,266,288,283
2,232,19,232,256,251,275,270,294,289
2,233,2,233,240,235,242,237,244,239
2,233,3,233,241,236,244,239,247,242
2,233,5,233,243,238,248,243,253,248
2,233,7,233,245,240,252,247,259,254
2,233,11,233,249,244,260,255,271,266
2,233,13,233,251,246,264,259,277,272
2,233,17,233,255,250,272,267,289,284
2,233,19,233,257,252,276,271,295,290
2,234,2,234,241,236,243,238,245,240
2,234,3,234,242,237,245,240,248,243
2,234,5,234,244,239,249,244,254,249
2,234,7,234,246,241,253,248,260,255
2,234,11,234,250,245,261,256,272,267
2,234,13,234,252,247,265,260,278,273
2,234,17,234,256,251,273,268,290,285
2,234,19,234,258,253,277,272,296,291
2,235,2,235,242,237,244,239,246,241
2,235,3,235,243,238,246,241,249,244
2,235,5,235,245,240,250,245,255,250
2,235,7,235,247,242,254,249,261,256
2,235,11,235,251,246,262,257,273,268
2,235,13,235,253,248,266,261,279,274
2,235,17,235,257,252,274,269,291,286
2,235,19,235,259,254,278,273,297,292
2,236,2,236,243,238,245,240,247,242
2,236,3,236,244,239,247,242,250,245
2,236,5,236,246,241,251,246,256,251
2,236,7,236,248,243,255,250,262,257
2,236,11,236,252,247,263,258,274,269
2,236,13,236,254,249,267,262,280,275
2,236,17,236,258,253,275,270,292,287
2,236,19,236,260,255,279,274,298,293
2,237,2,237,244,239,246,241,248,243
2,237,3,237,245,240,248,243,251,246
2,237,5,237,247,242,252,247,257,252
2,237,7,237,249,244,256,251,263,258
2,237,11,237,253,248,264,259,275,270
2,237,13,237,255,250,268,263,281,276
2,237,17,237,259,254,276,271,293,288
2,237,19,237,261,256,280,275,299,294
2,238,2,238,245,240,247,242,249,244
2,238,3,238,246,241,249,244,252,247
2,238,5,238,248,243,253,248,258,253
2,238,7,238,250,245,257,252,264,259
2,238,11,238,254,249,265,260,276,271
2,238,13,238,256,251,269,264,282,277
2,238,17,238,260,255,277,272,294,289
2,238,19,238,262,257,281,276,300,295
2,239,2,239,246,241,248,243,250,245
2,239,3,239,247,242,250,245,253,248
2,239,5,239,249,244,254,249,259,254
2,239,7,239,251,246,258,253,265,260
2,239,11,239,255,250,266,261,277,272
2,239,13,239,257,252,270,265,283,278
2,239,17,239,261,256,278,273,295,290
2,239,19,239,263,258,282,277,301,296
2,240,2,240,247,242,249,244,251,246
2,240,3,240,248,243,251,246,254,249
2,240,5,240,250,245,255,250,260,255
2,240,7,240,252,247,259,254,266,261
2,240,11,240,256,251,267,262,278,273
2,240,13,240,258,253,271,266,284,279
2,240,17,240,262,257,279,274,296,291
2,240,19,240,264,259,283,278,302,297
2,241,2,241,248,243,250,245,252,247
2,241,3,241,249,244,252,247,255,250
2,241,5,241,251,246,256,251,261,256
2,241,7,241,253,248,260,255,267,262
2,241,11,241,257,252,268,263,279,274
2,241,13,241,259,254,272,267,285,280
2,241,17,241,263,258,280,275,297,292
2,241,19,241,265,260,284,279,303,298
2,242,2,242,249,244,251,246,253,248
2,242,3,242,250,245,253,248,256,251
2,242,5,242,252,247,257,252,262,257
2,242,7,242,254,249,261,256,268,263
2,242,11,242,258,253,269,264,280,275
2,242,13,242,260,255,273,268,286,281
2,242,17,242,264,259,281,276,298,293
2,242,19,242,266,261,285,280,304,299
2,243,2,243,250,245,252,247,254,249
2,243,3,243,251,246,254,249,257,252
2,243,5,243,253,248,258,253,263,258
2,243,7,243,255,250,262,257,269,264
2,243,11,243,259,254,270,265,281,276
2,243,13,243,261,256,274,269,287,282
2,243,17,243,265,260,282,277,299,294
2,243,19,243,267,262,286,281,305,300
2,244,2,244,251,246,253,248,255,250
2,244,3,244,252,247,255,250,258,253
2,244,5,244,254,249,259,254,264,259
2,244,7,244,256,251,263,258,270,265
2,244,11,244,260,255,271,266,282,277
2,244,13,244,262,257,275,270,288,283
2,244,17,244,266,261,283,278,300,295
2,244,19,244,268,263,287,282,306,301
2,245,2,245,252,247,254,249,256,251
2,245,3,245,253,248,256,251,259,254
2,245,5,245,255,250,260,255,265,260
2,245,7,245,257,252,264,259,271,266
2,245,11,245,261,256,272,267,283,278
2,245,13,245,263,258,276,271,289,284
2,245,17,245,267,262,284,279,301,296
2,245,19,245,269,264,288,283,307,302
2,246,2,246,253,248,255,250,257,252
2,246,3,246,254,249,257,252,260,255
2,246,5,246,256,251,261,256,266,261
2,246,7,246,258,253,265,260,272,267
2,246,11,246,262,257,273,268,284,279
2,246,13,246,264,259,277,272,290,285
2,246,17,246,268,263,285,280,302,297
2,246,19,246,270,265,289,284,308,303
2,247,2,247,254,249,256,251,258,253
2,247,3,247,255,250,258,253,261,256
2,247,5,247,257,252,262,257,267,262
2,247,7,247,259,254,266,261,273,268
2,247,11,247,263,258,274,269,285,280
2,247,13,247,265,260,278,273,291,286
2,247,17,247,269,264,286,281,303,298
2,247,19,247,271,266,290,285,309,304
2,248,2,248,255,250,257,252,259,254
2,248,3,248,256,251,259,254,262,257
2,248,5,248,258,253,263,258,268,263
2,248,7,248,260,255,267,262,274,269
2,248,11,248,264,259,275,270,286,281
2,248,13,248,266,261,279,274,292,287
2,248,17,248,270,265,287,282,304,299
2,248,19,248,272,267,291,286,310,305
2,249,2,249,256,251,258,253,260,255
2,249,3,249,257,252,260,255,263,258
2,249,5,249,259,254,264,259,269,264
2,249,7,249,261,256,268,263,275,270
2,249,11,249,265,260,276,271,287,282
2,249,13,249,267,262,280,275,293,288
2,249,17,249,271,266,288,283,305,300
2,249,19,249,273,268,292,287,311,306
2,250,2,250,257,252,259,254,261,256
2,250,3,250,258,253,261,256,264,259
2,250,5,250,260,255,265,260,270,265
2,250,7,250,262,257,269,264,276,271
2,250,11,250,266,261,277,272,288,283
2,250,13,250,268,263,281,276,294,289
2,250,17,250,272,267,289,284,306,301
2,250,19,250,274,269,293,288,312,307
2,251,2,251,258,253,260,255,262,257
2,251,3,251,259,254,262,257,265,260
2,251,5,251,261,256,266,261,271,266
2,251,7,251,263,258,270,265,277,272
2,251,11,251,267,262,278,273,289,284
2,251,13,251,269,264,282,277,295,290
2,251,17,251,273,268,290,285,307,302
2,251,19,251,275,270,294,289,313,308
2,252,2,252,259,254,261,256,263,258
2,252,3,252,260,255,263,258,266,261
2,252,5,252,262,257,267,262,272,267
2,252,7,252,264,259,271,266,278,273
2,252,11,252,268,263,279,274,290,285
2,252,13,252,270,265,283,278,296,291
2,252,17,252,274,269,291,286,308,303
2,252,19,252,276,271,295,290,314,309
2,253,2,253,260,255,262,257,264,259
2,253,3,253,261,256,264,259,267,262
2,253,5,253,263,258,268,263,273,268
2,253,7,253,265,260,272,267,279,274
2,253,11,253,269,264,280,275,291,286
2,253,13,253,271,266,284,279,297,292
2,253,17,253,275,270,292,287,309,304
2,253,19,253,277,272,296,291,315,310
2,254,2,254,261,256,263,258,265,260
2,254,3,254,262,257,265,260,268,263
2,254,5,254,264,259,269,264,274,269
2,254,7,254,266,261,273,268,280,275
2,254,11,254,270,265,281,276,292,287
2,254,13,254,272,267,285,280,298,293
2,254,17,254,276,271,293,288,310,305
2,254,19,254,278,273,297,292,316,311
2,255,2,255,262,257,264,259,266,261
2,255,3,255,263,258,266,261,269,264
2,255,5,255,265,260,270,265,275,270
2,255,7,255,267,262,274,269,281,276
2,255,11,255,271,266,282,277,293,288
2,255,13,255,273,268,286,281,299,294
2,255,17,255,277,272,294,289,311,306
2,255,19,255,279,274,298,293,317,312
2,256,2,256,263,258,265,260,267,262
2,256,3,256,264,259,267,262,270,265
2,256,5,256,266,261,271,266,276,271
2,256,7,256,268,263,275,270,282,277
2,256,11,256,272,267,283,278,294,289
2,256,13,256,274,269,287,282,300,295
2,256,17,256,278,273,295,290,312,307
2,256,19,256,280,275,299,294,318,313
2,257,2,257,264,259,266,261,268,263
2,257,3,257,265,260,268,263,271,266
2,257,5,257,267,262,272,267,277,272
2,257,7,257,269,264,276,271,283,278
2,257,11,257,273,268,284,279,295,290
2,257,13,257,275,270,288,283,301,296
2,257,17,257,279,274,296,291,313,308
2,257,19,257,281,276,300,295,319,314
2,258,2,258,265,260,267,262,269,264
2,258,3,258,266,261,269,264,272,267
2,258,5,258,268,263,273,268,278,273
2,258,7,258,270,265,277,272,284,279
2,258,11,258,274,269,285,280,296,291
2,258,13,258,276,271,289,284,302,297
2,258,17,258,280,275,297,292,314,309
2,258,19,258,282,277,301,296,320,315
2,259,2,259,266,261,268,263,270,265
2,259,3,259,267,262,270,265,273,268
2,259,5,259,269,264,274,269,279,274
2,259,7,259,271,266,278,273,285,280
2,259,11,259,275,270,286,281,297,292
2,259,13,259,277,272,290,285,303,298
2,259,17,259,281,276,298,293,315,310
2,259,19,259,283,278,302,297,321,316
2,260,2,260,267,262,269,264,271,266
2,260,3,260,268,263,271,266,274,269
2,260,5,260,270,265,275,270,280,275
2,260,7,260,272,267,279,274,286,281
2,260,11,260,276,271,287,282,298,293
2,260,13,260,278,273,291,286,304,299
2,260,17,260,282,277,299,294,316,311
2,260,19,260,284,279,303,298,322,317
2,261,2,261,268,263,270,265,272,267
2,261,3,261,269,264,272,267,275,270
2,261,5,261,271,266,276,271,281,276
2,261,7,261,273,268,280,275,287,282
2,261,11,261,277,272,288,283,299,294
2,261,13,261,279,274,292,287,305,300
2,261,17,261,283,278,300,295,317,312
2,261,19,261,285,280,304,299,323,318
2,262,2,262,269,264,271,266,273,268
2,262,3,262,270,265,273,268,276,271
2,262,5,262,272,267,277,272,282,277
2,262,7,262,274,269,281,276,288,283
2,262,11,262,278,273,289,284,300,295
2,262,13,262,280,275,293,288,306,301
2,262,17,262,284,279,301,296,318,313
2,262,19,262,286,281,305,300,324,319
2,263,2,263,270,265,272,267,274,269
2,263,3,263,271,266,274,269,277,272
2,263,5,263,273,268,278,273,283,278
2,263,7,263,275,270,282,277,289,284
2,263,11,263,279,274,290,285,301,296
2,263,13,263,281,276,294,289,307,302
2,263,17,263,285,280,302,297,319,314
2,263,19,263,287,282,306,301,325,320
2,264,2,264,271,266,273,268,275,270
2,264,3,264,272,267,275,270,278,273
2,264,5,264,274,269,279,274,284,279
2,264,7,264,276,271,283,278,290,285
2,264,11,264,280,275,291,286,302,297
2,264,13,264,282,277,295,290,308,303
2,264,17,264,286,281,303,298,320,315
2,264,19,264,288,283,307,302,326,321
2,265,2,265,272,267,274,269,276,271
2,265,3,265,273,268,276,271,279,274
2,265,5,265,275,270,280,275,285,280
2,265,7,265,277,272,284,279,291,286
2,265,11,265,281,276,292,287,303,298
2,265,13,265,283,278,296,291,309,304
2,265,17,265,287,282,304,299,321,316
2,265,19,265,289,284,308,303,327,322
2,266,2,266,273,268,275,270,277,272
2,266,3,266,274,269,277,272,280,275
2,266,5,266,276,271,281,276,286,281
2,266,7,266,278,273,285,280,292,287
2,266,11,266,282,277,293,288,304,299
2,266,13,266,284,279,297,292,310,305
2,266,17,266,288,283,305,300,322,317
2,266,19,266,290,285,309,304,328,323
2,267,2,267,274,269,276,271,278,273
2,267,3,267,275,270,278,273,281,276
2,267,5,267,277,272,282,277,287,282
2,267,7,267,279,274,286,281,293,288
2,267,11,267,283,278,294,289,305,300
2,267,13,267,285,280,298,293,311,306
2,267,17,267,289,284,306,301,323,318
2,267,19,267,291,286,310,305,329,324
2,268,2,268,275,270,277,272,279,274
2,268,3,268,276,271,279,274,282,277
2,268,5,268,278,273,283,278,288,283
2,268,7,268,280,275,287,282,294,289
2,268,11,268,284,279,295,290,306,301
2,268,13,268,286,281,299,294,312,307
2,268,17,268,290,285,307,302,324,319
2,268,19,268,292,287,311,306,330,325
2,269,2,269,276,271,278,273,280,275
2,269,3,269,277,272,280,275,283,278
2,269,5,269,279,274,284,279,289,284
2,269,7,269,281,276,288,283,295,290
2,269,11,269,285,280,296,291,307,302
2,269,13,269,287,282,300,295,313,308
2,269,17,269,291,286,308,303,325,320
2,269,19,269,293,288,312,307,331,326
2,270,2,270,277,272,279,274,281,276
2,270,3,270,278,273,281,276,284,279
2,270,5,270,280,275,285,280,290,285
2,270,7,270,282,277,289,284,296,291
2,270,11,270,286,281,297,292,308,303
2,270,13,270,288,283,301,296,314,309
2,270,17,270,292,287,309,304,326,321
2,270,19,270,294,289,313,308,332,327
2,271,2,271,278,273,280,275,282,277
2,271,3,271,279,274,282,277,285,280
2,271,5,271,281,276,286,281,291,286
2,271,7,271,283,278,290,285,297,292
2,271,11,271,287,282,298,293,309,304
2,271,13,271,289,284,302,297,315,310
2,271,17,271,293,288,310,305,327,322
2,271,19,271,295,290,314,309,333,328
2,272,2,272,279,274,281,276,283,278
2,272,3,272,280,275,283,278,286,281
2,272,5,272,282,277,287,282,292,287
2,272,7,272,284,279,291,286,298,293
2,272,11,272,288,283,299,294,310,305
2,272,13,272,290,285,303,298,316,311
2,272,17,272,294,289,311,306,328,323
2,272,19,272,296,291,315,310,334,329
2,273,2,273,280,275,282,277,284,279
2,273,3,273,281,276,284,279,287,282
2,273,5,273,283,278,288,283,293,288
2,273,7,273,285,280,292,287,299,294
2,273,11,273,289,284,300,295,311,306
2,273,13,273,291,286,304,299,317,312
2,273,17,273,295,290,312,307,329,324
2,273,19,273,297,292,316,311,335,330
2,274,2,274,281,276,283,278,285,280
2,274,3,274,282,277,285,280,288,283
2,274,5,274,284,279,289,284,294,289
2,274,7,274,286,281,293,288,300,295
2,274,11,274,290,285,301,296,312,307
2,274,13,274,292,287,305,300,318,313
2,274,17,274,296,291,313,308,330,325
2,274,19,274,298,293,317,312,336,331
2,275,2,275,282,277,284,279,286,281
2,275,3,275,283,278,286,281,289,284
2,275,5,275,285,280,290,285,295,290
2,275,7,275,287,282,294,289,301,296
2,275,11,275,291,286,302,297,313,308
2,275,13,275,293,288,306,301,319,314
2,275,17,275,297,292,314,309,331,326
2,275,19,275,299,294,318,313,337,332
2,276,2,276,283,278,285,280,287,282
2,276,3,276,284,279,287,282,290,285
2,276,5,276,286,281,291,286,296,291
2,276,7,276,288,283,295,290,302,297
2,276,11,276,292,287,303,298,314,309
2,276,13,276,294,289,307,302,320,315
2,276,17,276,298,293,315,310,332,327
2,276,19,276,300,295,319,314,338,333
2,277,2,277,284,279,286,281,288,283
2,277,3,277,285,280,288,283,291,286
2,277,5,277,287,282,292,287,297,292
2,277,7,277,289,284,296,291,303,298
2,277,11,277,293,288,304,299,315,310
2,277,13,277,295,290,308,303,321,316
2,277,17,277,299,294,316,311,333,328
2,277,19,277,301,296,320,315,339,334
2,278,2,278,285,280,287,282,289,284
2,278,3,278,286,281,289,284,292,287
2,278,5,278,288,283,293,288,298,293
2,278,7,278,290,285,297,292,304,299
2,278,11,278,294,289,305,300,316,311
2,278,13,278,296,291,309,304,322,317
2,278,17,278,300,295,317,312,334,329
2,278,19,278,302,297,321,316,340,335
2,279,2,279,286,281,288,283,290,285
2,279,3,279,287,282,290,285,293,288
2,279,5,279,289,284,294,289,299,294
2,279,7,279,291,286,298,293,305,300
2,279,11,279,295,290,306,301,317,312
2,279,13,279,297,292,310,305,323,318
2,279,17,279,301,296,318,313,335,330
2,279,19,279,303,298,322,317,341,336
2,280,2,280,287,282,289,284,291,286
2,280,3,280,288,283,291,286,294,289
2,280,5,280,290,285,295,290,300,295
2,280,7,280,292,287,299,294,306,301
2,280,11,280,296,291,307,302,318,313
2,280,13,280,298,293,311,306,324,319
2,280,17,280,302,297,319,314,336,331
2,280,19,280,304,299,323,318,342,337
2,281,2,281,288,283,290,285,292,287
2,281,3,281,289,284,292,287,295,290
2,281,5,281,291,286,296,291,301,296
2,281,7,281,293,288,300,295,307,302
2,281,11,281,297,292,308,303,319,314
2,281,13,281,299,294,312,307,325,320
2,281,17,281,303,298,320,315,337,332
2,281,19,281,305,300,324,319,343,338
2,282,2,282,289,284,291,286,293,288
2,282,3,282,290,285,293,288,296,291
2,282,5,282,292,287,297,292,302,297
2,282,7,282,294,289,301,296,308,303
2,282,11,282,298,293,309,304,320,315
2,282,13,282,300,295,313,308,326,321
2,282,17,282,304,299,321,316,338,333
2,282,19,282,306,301,325,320,344,339
2,283,2,283,290,285,292,287,294,289
2,283,3,283,291,286,294,289,297,292
2,283,5,283,293,288,298,293,303,298
2,283,7,283,295,290,302,297,309,304
2,283,11,283,299,294,310,305,321,316
2,283,13,283,301,296,314,309,327,322
2,283,17,283,305,300,322,317,339,334
2,283,19,283,307,302,326,321,345,340
2,284,2,284,291,286,293,288,295,290
2,284,3,284,292,287,295,290,298,293
2,284,5,284,294,289,299,294,304,299
2,284,7,284,296,291,303,298,310,305
2,284,11,284,300,295,311,306,322,317
2,284,13,284,302,297,315,310,328,323
2,284,17,284,306,301,323,318,340,335
2,284,19,284,308,303,327,322,346,341
2,285,2,285,292,287,294,289,296,291
2,285,3,285,293,288,296,291,299,294
2,285,5,285,295,290,300,295,305,300
2,285,7,285,297,292,304,299,311,306
2,285,11,285,301,296,312,307,323,318
2,285,13,285,303,298,316,311,329,324
2,285,17,285,307,302,324,319,341,336
2,285,19,285,309,304,328,323,347,342
2,286,2,286,293,288,295,290,297,292
2,286,3,286,294,289,297,292,300,295
2,286,5,286,296,291,301,296,306,301
2,286,7,286,298,293,305,300,312,307
2,286,11,286,302,297,313,308,324,319
2,286,13,286,304,299,317,312,330,325
2,286,17,286,308,303,325,320,342,337
2,286,19,286,310,305,329,324,348,343
2,287,2,287,294,289,296,291,298,293
2,287,3,287,295,290,298,293,301,296
2,287,5,287,297,292,302,297,307,302
2,287,7,287,299,294,306,301,313,308
2,287,11,287,303,298,314,309,325,320
2,287,13,287,305,300,318,313,331,326
2,287,17,287,309,304,326,321,343,338
2,287,19,287,311,306,330,325,349,344
2,288,2,288,295,290,297,292,299,294
2,288,3,288,296,291,299,294,302,297
2,288,5,288,298,293,303,298,308,303
2,288,7,288,300,295,307,302,314,309
2,288,11,288,304,299,315,310,326,321
2,288,13,288,306,301,319,314,332,327
2,288,17,288,310,305,327,322,344,339
2,288,19,288,312,307,331,326,350,345
2,289,2,289,296,291,298,293,300,295
2,289,3,289,297,292,300,295,303,298
2,289,5,289,299,294,304,299,309,304
2,289,7,289,301,296,308,303,315,310
2,289,11,289,305,300,316,311,327,322
2,289,13,289,307,302,320,315,333,328
2,289,17,289,311,306,328,323,345,340
2,289,19,289,313,308,332,327,351,346
2,290,2,290,297,292,299,294,301,296
2,290,3,290,298,293,301,296,304,299
2,290,5,290,300,295,305,300,310,305
2,290,7,290,302,297,309,304,316,311
2,290,11,290,306,301,317,312,328,323
2,290,13,290,308,303,321,316,334,329
2,290,17,290,312,307,329,324,346,341
2,290,19,290,314,309,333,328,352,347
2,291,2,291,298,293,300,295,302,297
2,291,3,291,299,294,302,297,305,300
2,291,5,291,301,296,306,301,311,306
2,291,7,291,303,298,310,305,317,312
2,291,11,291,307,302,318,313,329,324
2,291,13,291,309,304,322,317,335,330
2,291,17,291,313,308,330,325,347,342
2,291,19,291,315,310,334,329,353,348
2,292,2,292,299,294,301,296,303,298
2,292,3,292,300,295,303,298,306,301
2,292,5,292,302,297,307,302,312,307
2,292,7,292,304,299,311,306,318,313
2,292,11,292,308,303,319,314,330,325
2,292,13,292,310,305,323,318,336,331
2,292,17,292,314,309,331,326,348,343
2,292,19,292,316,311,335,330,354,349
2,293,2,293,300,295,302,297,304,299
2,293,3,293,301,296,304,299,307,302
2,293,5,293,303,298,308,303,313,308
2,293,7,293,305,300,312,307,319,314
2,293,11,293,309,304,320,315,331,326
2,293,13,293,311,306,324,319,337,332
2,293,17,293,315,310,332,327,349,344
2,293,19,293,317,312,336,331,355,350
2,294,2,294,301,296,303,298,305,300
2,294,3,294,302,297,305,300,308,303
2,294,5,294,304,299,309,304,314,309
2,294,7,294,306,301,313,308,320,315
2,294,11,294,310,305,321,316,332,327
2,294,13,294,312,307,325,320,338,333
2,294,17,294,316,311,333,328,350,345
2,294,19,294,318,313,337,332,356,351
2,295,2,295,302,297,304,299,306,301
2,295,3,295,303,298,306,301,309,304
2,295,5,295,305,300,310,305,315,310
2,295,7,295,307,302,314,309,321,316
2,295,11,295,311,306,322,317,333,328
2,295,13,295,313,308,326,321,339,334
2,295,17,295,317,312,334,329,351,346
2,295,19,295,319,314,338,333,357,352
2,296,2,296,303,298,305,300,307,302
2,296,3,296,304,299,307,302,310,305
2,296,5,296,306,301,311,306,316,311
2,296,7,296,308,303,315,310,322,317
2,296,11,296,312,307,323,318,334,329
2,296,13,296,314,309,327,322,340,335
2,296,17,296,318,313,335,330,352,347
2,296,19,296,320,315,339,334,358,353
2,297,2,297,304,299,306,301,308,303
2,297,3,297,305,300,308,303,311,306
2,297,5,297,307,302,312,307,317,312
2,297,7,297,309,304,316,311,323,318
2,297,11,297,313,308,324,319,335,330
2,297,13,297,315,310,328,323,341,336
2,297,17,297,319,314,336,331,353,348
2,297,19,297,321,316,340,335,359,354
2,298,2,298,305,300,307,302,309,304
2,298,3,298,306,301,309,304,312,307
2,298,5,298,308,303,313,308,318,313
2,298,7,298,310,305,317,312,324,319
2,298,11,298,314,309,325,320,336,331
2,298,13,298,316,311,329,324,342,337
2,298,17,298,320,315,337,332,354,349
2,298,19,298,322,317,341,336,360,355
2,299,2,299,306,301,308,303,310,305
2,299,3,299,307,302,310,305,313,308
2,299,5,299,309,304,314,309,319,314
2,299,7,299,311,306,318,313,325,320
2,299,11,299,315,310,326,321,337,332
2,299,13,299,317,312,330,325,343,338
2,299,17,299,321,316,338,333,355,350
2,299,19,299,323,318,342,337,361,356
2,300,2,300,307,302,309,304,311,306
2,300,3,300,308,303,311,306,314,309
2,300,5,300,310,305,315,310,320,315
2,300,7,300,312,307,319,314,326,321
2,300,11,300,316,311,327,322,338,333
2,300,13,300,318,313,331,326,344,339
2,300,17,300,322,317,339,334,356,351
2,300,19,300,324,319,343,338,362,357
2,301,2,301,308,303,310,305,312,307
2,301,3,301,309,304,312,307,315,310
2,301,5,301,311,306,316,311,321,316
2,301,7,301,313,308,320,315,327,322
2,301,11,301,317,312,328,323,339,334
2,301,13,301,319,314,332,327,345,340
2,301,17,301,323,318,340,335,357,352
2,301,19,301,325,320,344,339,363,358
2,302,2,302,309,304,311,306,313,308
2,302,3,302,310,305,313,308,316,311
2,302,5,302,312,307,317,312,322,317
2,302,7,302,314,309,321,316,328,323
2,302,11,302,318,313,329,324,340,335
2,302,13,302,320,315,333,328,346,341
2,302,17,302,324,319,341,336,358,353
2,302,19,302,326,321,345,340,364,359
2,303,2,303,310,305,312,307,314,309
2,303,3,303,311,306,314,309,317,312
2,303,5,303,313,308,318,313,323,318
2,303,7,303,315,310,322,317,329,324
2,303,11,303,319,314,330,325,341,336
2,303,13,303,321,316,334,329,347,342
2,303,17,303,325,320,342,337,359,354
2,303,19,303,327,322,346,341,365,360
2,304,2,304,311,306,313,308,315,310
2,304,3,304,312,307,315,310,318,313
2,304,5,304,314,309,319,314,324,319
2,304,7,304,316,311,323,318,330,325
2,304,11,304,320,315,331,326,342,337
2,304,13,304,322,317,335,330,348,343
2,304,17,304,326,321,343,338,360,355
2,304,19,304,328,323,347,342,366,361
2,305,2,305,312,307,314,309,316,311
2,305,3,305,313,308,316,311,319,314
2,305,5,305,315,310,320,315,325,320
2,305,7,305,317,312,324,319,331,326
2,305,11,305,321,316,332,327,343,338
2,305,13,305,323,318,336,331,349,344
2,305,17,305,327,322,344,339,361,356
2,305,19,305,329,324,348,343,367,362
2,306,2,306,313,308,315,310,317,312
2,306,3,306,314,309,317,312,320,315
2,306,5,306,316,311,321,316,326,321
2,306,7,306,318,313,325,320,332,327
2,306,11,306,322,317,333,328,344,339
2,306,13,306,324,319,337,332,350,345
2,306,17,306,328,323,345,340,362,357
2,306,19,306,330,325,349,344,368,363
2,307,2,307,314,309,316,311,318,313
2,307,3,307,315,310,318,313,321,316
2,307,5,307,317,312,322,317,327,322
2,307,7,307,319,314,326,321,333,328
2,307,11,307,323,318,334,329,345,340
2,307,13,307,325,320,338,333,351,346
2,307,17,307,329,324,346,341,363,358
2,307,19,307,331,326,350,345,369,364
2,308,2,308,315,310,317,312,319,314
2,308,3,308,316,311,319,314,322,317
2,308,5,308,318,313,323,318,328,323
2,308,7,308,320,315,327,322,334,329
2,308,11,308,324,319,335,330,346,341
2,308,13,308,326,321,339,334,352,347
2,308,17,308,330,325,347,342,364,359
2,308,19,308,332,327,351,346,370,365
2,309,2,309,316,311,318,313,320,315
2,309,3,309,317,312,320,315,323,318
2,309,5,309,319,314,324,319,329,324
2,309,7,309,321,316,328,323,335,330
2,309,11,309,325,320,336,331,347,342
2,309,13,309,327,322,340,335,353,348
2,309,17,309,331,326,348,343,365,360
2,309,19,309,333,328,352,347,371,366
2,310,2,310,317,312,319,314,321,316
2,310,3,310,318,313,321,316,324,319
2,310,5,310,320,315,325,320,330,325
2,310,7,310,322,317,329,324,336,331
2,310,11,310,326,321,337,332,348,343
2,310,13,310,328,323,341,336,354,349
2,310,17,310,332,327,349,344,366,361
2,310,19,310,334,329,353,348,372,367
2,311,2,311,318,313,320,315,322,317
2,311,3,311,319,314,322,317,325,320
2,311,5,311,321,316,326,321,331,326
2,311,7,311,323,318,330,325,337,332
2,311,11,311,327,322,338,333,349,344
2,311,13,311,329,324,342,337,355,350
2,311,17,311,333,328,350,345,367,362
2,311,19,311,335,330,354,349,373,368
2,312,2,312,319,314,321,316,323,318
2,312,3,312,320,315,323,318,326,321
2,312,5,312,322,317,327,322,332,327
2,312,7,312,324,319,331,326,338,333
2,312,11,312,328,323,339,334,350,345
2,312,13,312,330,325,343,338,356,351
2,312,17,312,334,329,351,346,368,363
2,312,19,312,336,331,355,350,374,369
2,313,2,313,320,315,322,317,324,319
2,313,3,313,321,316,324,319,327,322
2,313,5,313,323,318,328,323,333,328
2,313,7,313,325,320,332,327,339,334
2,313,11,313,329,324,340,335,351,346
2,313,13,313,331,326,344,339,357,352
2,313,17,313,335,330,352,347,369,364
2,313,19,313,337,332,356,351,375,370
2,314,2,314,321,316,323,318,325,320
2,314,3,314,322,317,325,320,328,323
2,314,5,314,324,319,329,324,334,329
2,314,7,314,326,321,333,328,340,335
2,314,11,314,330,325,341,336,352,347
2,314,13,314,332,327,345,340,358,353
2,314,17,314,336,331,353,348,370,365
2,314,19,314,338,333,357,352,376,371
2,315,2,315,322,317,324,319,326,321
2,315,3,315,323,318,326,321,329,324
2,315,5,315,325,320,330,325,335,330
2,315,7,315,327,322,334,329,341,336
2,315,11,315,331,326,342,337,353,348
2,315,13,315,333,328,346,341,359,354
2,315,17,315,337,332,354,349,371,366
2,315,19,315,339,334,358,353,377,372
2,316,2,316,323,318,325,320,327,322
2,316,3,316,324,319,327,322,330,325
2,316,5,316,326,321,331,326,336,331
2,316,7,316,328,323,335,330,342,337
2,316,11,316,332,327,343,338,354,349
2,316,13,316,334,329,347,342,360,355
2,316,17,316,338,333,355,350,372,367
2,316,19,316,340,335,359,354,378,373
2,317,2,317,324,319,326,321,328,323
2,317,3,317,325,320,328,323,331,326
2,317,5,317,327,322,332,327,337,332
2,317,7,317,329,324,336,331,343,338
2,317,11,317,333,328,344,339,355,350
2,317,13,317,335,330,348,343,361,356
2,317,17,317,339,334,356,351,373,368
2,317,19,317,341,336,360,355,379,374
2,318,2,318,325,320,327,322,329,324
2,318,3,318,326,321,329,324,332,327
2,318,5,318,328,323,333,328,338,333
2,318,7,318,330,325,337,332,344,339
2,318,11,318,334,329,345,340,356,351
2,318,13,318,336,331,349,344,362,357
2,318,17,318,340,335,357,352,374,369
2,318,19,318,342,337,361,356,380,375
2,319,2,319,326,321,328,323,330,325
2,319,3,319,327,322,330,325,333,328
2,319,5,319,329,324,334,329,339,334
2,319,7,319,331,326,338,333,345,340
2,319,11,319,335,330,346,341,357,352
2,319,13,319,337,332,350,345,363,358
2,319,17,319,341,336,358,353,375,370
2,319,19,319,343,338,362,357,381,376
2,320,2,320,327,322,329,324,331,326
2,320,3,320,328,323,331,326,334,329
2,320,5,320,330,325,335,330,340,335
2,320,7,320,332,327,339,334,346,341
2,320,11,320,336,331,347,342,358,353
2,320,13,320,338,333,351,346,364,359
2,320,17,320,342,337,359,354,376,371
2,320,19,320,344,339,363,358,382,377
2,321,2,321,328,323,330,325,332,327
2,321,3,321,329,324,332,327,335,330
2,321,5,321,331,326,336,331,341,336
2,321,7,321,333,328,340,335,347,342
2,321,11,321,337,332,348,343,359,354
2,321,13,321,339,334,352,347,365,360
2,321,17,321,343,338,360,355,377,372
2,321,19,321,345,340,364,359,383,378
2,322,2,322,329,324,331,326,333,328
2,322,3,322,330,325,333,328,336,331
2,322,5,322,332,327,337,332,342,337
2,322,7,322,334,329,341,336,348,343
2,322,11,322,338,333,349,344,360,355
2,322,13,322,340,335,353,348,366,361
2,322,17,322,344,339,361,356,378,373
2,322,19,322,346,341,365,360,384,379
2,323,2,323,330,325,332,327,334,329
2,323,3,323,331,326,334,329,337,332
2,323,5,323,333,328,338,333,343,338
2,323,7,323,335,330,342,337,349,344
2,323,11,323,339,334,350,345,361,356
2,323,13,323,341,336,354,349,367,362
2,323,17,323,345,340,362,357,379,374
2,323,19,323,347,342,366,361,385,380
2,324,2,324,331,326,333,328,335,330
2,324,3,324,332,327,335,330,338,333
2,324,5,324,334,329,339,334,344,339
2,324,7,324,336,331,343,338,350,345
2,324,11,324,340,335,351,346,362,357
2,324,13,324,342,337,355,350,368,363
2,324,17,324,346,341,363,358,380,375
2,324,19,324,348,343,367,362,386,381
2,325,2,325,332,327,334,329,336,331
2,325,3,325,333,328,336,331,339,334
2,325,5,325,335,330,340,335,345,340
2,325,7,325,337,332,344,339,351,346
2,325,11,325,341,336,352,347,363,358
2,325,13,325,343,338,356,351,369,364
2,325,17,325,347,342,364,359,381,376
2,325,19,325,349,344,368,363,387,382
2,326,2,326,333,328,335,330,337,332
2,326,3,326,334,329,337,332,340,335
2,326,5,326,336,331,341,336,346,341
2,326,7,326,338,333,345,340,352,347
2,326,11,326,342,337,353,348,364,359
2,326,13,326,344,339,357,352,370,365
2,326,17,326,348,343,365,360,382,377
2,326,19,326,350,345,369,364,388,383
2,327,2,327,334,329,336,331,338,333
2,327,3,327,335,330,338,333,341,336
2,327,5,327,337,332,342,337,347,342
2,327,7,327,339,334,346,341,353,348
2,327,11,327,343,338,354,349,365,360
2,327,13,327,345,340,358,353,371,366
2,327,17,327,349,344,366,361,383,378
2,327,19,327,351,346,370,365,389,384
2,328,2,328,335,330,337,332,339,334
2,328,3,328,336,331,339,334,342,337
2,328,5,328,338,333,343,338,348,343
2,328,7,328,340,335,347,342,354,349
2,328,11,328,344,339,355,350,366,361
2,328,13,328,346,341,359,354,372,367
2,328,17,328,350,345,367,362,384,379
2,328,19,328,352,347,371,366,390,385
2,329,2,329,336,331,338,333,340,335
2,329,3,329,337,332,340,335,343,338
2,329,5,329,339,334,344,339,349,344
2,329,7,329,341,336,348,343,355,350
2,329,11,329,345,340,356,351,367,362
2,329,13,329,347,342,360,355,373,368
2,329,17,329,351,346,368,363,385,380
2,329,19,329,353,348,372,367,391,386
2,330,2,330,337,332,339,334,341,336
2,330,3,330,338,333,341,336,344,339
2,330,5,330,340,335,345,340,350,345
2,330,7,330,342,337,349,344,356,351
2,330,11,330,346,341,357,352,368,363
2,330,13,330,348,343,361,356,374,369
2,330,17,330,352,347,369,364,386,381
2,330,19,330,354,349,373,368,392,387
2,331,2,331,338,333,340,335,342,337
2,331,3,331,339,334,342,337,345,340
2,331,5,331,341,336,346,341,351,346
2,331,7,331,343,338,350,345,357,352
2,331,11,331,347,342,358,353,369,364
2,331,13,331,349,344,362,357,375,370
2,331,17,331,353,348,370,365,387,382
2,331,19,331,355,350,374,369,393,388
2,332,2,332,339,334,341,336,343,338
2,332,3,332,340,335,343,338,346,341
2,332,5,332,342,337,347,342,352,347
2,332,7,332,344,339,351,346,358,353
2,332,11,332,348,343,359,354,370,365
2,332,13,332,350,345,363,358,376,371
2,332,17,332,354,349,371,366,388,383
2,332,19,332,356,351,375,370,394,389
2,333,2,333,340,335,342,337,344,339
2,333,3,333,341,336,344,339,347,342
2,333,5,333,343,338,348,343,353,348
2,333,7,333,345,340,352,347,359,354
2,333,11,333,349,344,360,355,371,366
2,333,13,333,351,346,364,359,377,372
2,333,17,333,355,350,372,367,389,384
2,333,19,333,357,352,376,371,395,390
2,334,2,334,341,336,343,338,345,340
2,334,3,334,342,337,345,340,348,343
2,334,5,334,344,339,349,344,354,349
2,334,7,334,346,341,353,348,360,355
2,334,11,334,350,345,361,356,372,367
2,334,13,334,352,347,365,360,378,373
2,334,17,334,356,351,373,368,390,385
2,334,19,334,358,353,377,372,396,391
2,335,2,335,342,337,344,339,346,341
2,335,3,335,343,338,346,341,349,344
2,335,5,335,345,340,350,345,355,350
2,335,7,335,347,342,354,349,361,356
2,335,11,335,351,346,362,357,373,368
2,335,13,335,353,348,366,361,379,374
2,335,17,335,357,352,374,369,391,386
2,335,19,335,359,354,378,373,397,392
2,336,2,336,343,338,345,340,347,342
2,336,3,336,344,339,347,342,350,345
2,336,5,336,346,341,351,346,356,351
2,336,7,336,348,343,355,350,362,357
2,336,11,336,352,347,363,358,374,369
2,336,13,336,354,349,367,362,380,375
2,336,17,336,358,353,375,370,392,387
2,336,19,336,360,355,379,374,398,393
2,337,2,337,344,339,346,341,348,343
2,337,3,337,345,340,348,343,351,346
2,337,5,337,347,342,352,347,357,352
2,337,7,337,349,344,356,351,363,358
2,337,11,337,353,348,364,359,375,370
2,337,13,337,355,350,368,363,381,376
2,337,17,337,359,354,376,371,393,388
2,337,19,337,361,356,380,375,399,394
2,338,2,338,345,340,347,342,349,344
2,338,3,338,346,341,349,344,352,347
2,338,5,338,348,343,353,348,358,353
2,338,7,338,350,345,357,352,364,359
2,338,11,338,354,349,365,360,376,371
2,338,13,338,356,351,369,364,382,377
2,338,17,338,360,355,377,372,394,389
2,338,19,338,362,357,381,376,400,395
2,339,2,339,346,341,348,343,350,345
2,339,3,339,347,342,350,345,353,348
2,339,5,339,349,344,354,349,359,354
2,339,7,339,351,346,358,353,365,360
2,339,11,339,355,350,366,361,377,372
2,339,13,339,357,352,370,365,383,378
2,339,17,339,361,356,378,373,395,390
2,339,19,339,363,358,382,377,401,396
2,340,2,340,347,342,349,344,351,346
2,340,3,340,348,343,351,346,354,349
2,340,5,340,350,345,355,350,360,355
2,340,7,340,352,347,359,354,366,361
2,340,11,340,356,351,367,362,378,373
2,340,13,340,358,353,371,366,384,379
2,340,17,340,362,357,379,374,396,391
2,340,19,340,364,359,383,378,402,397
2,341,2,341,348,343,350,345,352,347
2,341,3,341,349,344,352,347,355,350
2,341,5,341,351,346,356,351,361,356
2,341,7,341,353,348,360,355,367,362
2,341,11,341,357,352,368,363,379,374
2,341,13,341,359,354,372,367,385,380
2,341,17,341,363,358,380,375,397,392
2,341,19,341,365,360,384,379,403,398
2,342,2,342,349,344,351,346,353,348
2,342,3,342,350,345,353,348,356,351
2,342,5,342,352,347,357,352,362,357
2,342,7,342,354,349,361,356,368,363
2,342,11,342,358,353,369,364,380,375
2,342,13,342,360,355,373,368,386,381
2,342,17,342,364,359,381,376,398,393
2,342,19,342,366,361,385,380,404,399
2,343,2,343,350,345,352,347,354,349
2,343,3,343,351,346,354,349,357,352
2,343,5,343,353,348,358,353,363,358
2,343,7,343,355,350,362,357,369,364
2,343,11,343,359,354,370,365,381,376
2,343,13,343,361,356,374,369,387,382
2,343,17,343,365,360,382,377,399,394
2,343,19,343,367,362,386,381,405,400
2,344,2,344,351,346,353,348,355,350
2,344,3,344,352,347,355,350,358,353
2,344,5,344,354,349,359,354,364,359
2,344,7,344,356,351,363,358,370,365
2,344,11,344,360,355,371,366,382,377
2,344,13,344,362,357,375,370,388,383
2,344,17,344,366,361,383,378,400,395
2,344,19,344,368,363,387,382,406,401
2,345,2,345,352,347,354,349,356,351
2,345,3,345,353,348,356,351,359,354
2,345,5,345,355,350,360,355,365,360
2,345,7,345,357,352,364,359,371,366
2,345,11,345,361,356,372,367,383,378
2,345,13,345,363,358,376,371,389,384
2,345,17,345,367,362,384,379,401,396
2,345,19,345,369,364,388,383,407,402
2,346,2,346,353,348,355,350,357,352
2,346,3,346,354,349,357,352,360,355
2,346,5,346,356,351,361,356,366,361
2,346,7,346,358,353,365,360,372,367
2,346,11,346,362,357,373,368,384,379
2,346,13,346,364,359,377,372,390,385
2,346,17,346,368,363,385,380,402,397
2,346,19,346,370,365,389,384,408,403
2,347,2,347,354,349,356,351,358,353
2,347,3,347,355,350,358,353,361,356
2,347,5,347,357,352,362,357,367,362
2,347,7,347,359,354,366,361,373,368
2,347,11,347,363,358,374,369,385,380
2,347,13,347,365,360,378,373,391,386
2,347,17,347,369,364,386,381,403,398
2,347,19,347,371,366,390,385,409,404
2,348,2,348,355,350,357,352,359,354
2,348,3,348,356,351,359,354,362,357
2,348,5,348,358,353,363,358,368,363
2,348,7,348,360,355,367,362,374,369
2,348,11,348,364,359,375,370,386,381
2,348,13,348,366,361,379,374,392,387
2,348,17,348,370,365,387,382,404,399
2,348,19,348,372,367,391,386,410,405
2,349,2,349,356,351,358,353,360,355
2,349,3,349,357,352,360,355,363,358
2,349,5,349,359,354,364,359,369,364
2,349,7,349,361,356,368,363,375,370
2,349,11,349,365,360,376,371,387,382
2,349,13,349,367,362,380,375,393,388
2,349,17,349,371,366,388,383,405,400
2,349,19,349,373,368,392,387,411,406
2,350,2,350,357,352,359,354,361,356
2,350,3,350,358,353,361,356,364,359
2,350,5,350,360,355,365,360,370,365
2,350,7,350,362,357,369,364,376,371
2,350,11,350,366,361,377,372,388,383
2,350,13,350,368,363,381,376,394,389
2,350,17,350,372,367,389,384,406,401
2,350,19,350,374,369,393,388,412,407
2,351,2,351,358,353,360,355,362,357
2,351,3,351,359,354,362,357,365,360
2,351,5,351,361,356,366,361,371,366
2,351,7,351,363,358,370,365,377,372
2,351,11,351,367,362,378,373,389,384
2,351,13,351,369,364,382,377,395,390
2,351,17,351,373,368,390,385,407,402
2,351,19,351,375,370,394,389,413,408
2,352,2,352,359,354,361,356,363,358
2,352,3,352,360,355,363,358,366,361
2,352,5,352,362,357,367,362,372,367
2,352,7,352,364,359,371,366,378,373
2,352,11,352,368,363,379,374,390,385
2,352,13,352,370,365,383,378,396,391
2,352,17,352,374,369,391,386,408,403
2,352,19,352,376,371,395,390,414,409
2,353,2,353,360,355,362,357,364,359
2,353,3,353,361,356,364,359,367,362
2,353,5,353,363,358,368,363,373,368
2,353,7,353,365,360,372,367,379,374
2,353,11,353,369,364,380,375,391,386
2,353,13,353,371,366,384,379,397,392
2,353,17,353,375,370,392,387,409,404
2,353,19,353,377,372,396,391,415,410
2,354,2,354,361,356,363,358,365,360
2,354,3,354,362,357,365,360,368,363
2,354,5,354,364,359,369,364,374,369
2,354,7,354,366,361,373,368,380,375
2,354,11,354,370,365,381,376,392,387
2,354,13,354,372,367,385,380,398,393
2,354,17,354,376,371,393,388,410,405
2,354,19,354,378,373,397,392,416,411
2,355,2,355,362,357,364,359,366,361
2,355,3,355,363,358,366,361,369,364
2,355,5,355,365,360,370,365,375,370
2,355,7,355,367,362,374,369,381,376
2,355,11,355,371,366,382,377,393,388
2,355,13,355,373,368,386,381,399,394
2,355,17,355,377,372,394,389,411,406
2,355,19,355,379,374,398,393,417,412
2,356,2,356,363,358,365,360,367,362
2,356,3,356,364,359,367,362,370,365
2,356,5,356,366,361,371,366,376,371
2,356,7,356,368,363,375,370,382,377
2,356,11,356,372,367,383,378,394,389
2,356,13,356,374,369,387,382,400,395
2,356,17,356,378,373,395,390,412,407
2,356,19,356,380,375,399,394,418,413
2,357,2,357,364,359,366,361,368,363
2,357,3,357,365,360,368,363,371,366
2,357,5,357,367,362,372,367,377,372
2,357,7,357,369,364,376,371,383,378
2,357,11,357,373,368,384,379,395,390
2,357,13,357,375,370,388,383,401,396
2,357,17,357,379,374,396,391,413,408
2,357,19,357,381,376,400,395,419,414
2,358,2,358,365,360,367,362,369,364
2,358,3,358,366,361,369,364,372,367
2,358,5,358,368,363,373,368,378,373
2,358,7,358,370,365,377,372,384,379
2,358,11,358,374,369,385,380,396,391
2,358,13,358,376,371,389,384,402,397
2,358,17,358,380,375,397,392,414,409
2,358,19,358,382,377,401,396,420,415
2,359,2,359,366,361,368,363,370,365
2,359,3,359,367,362,370,365,373,368
2,359,5,359,369,364,374,369,379,374
2,359,7,359,371,366,378,373,385,380
2,359,11,359,375,370,386,381,397,392
2,359,13,359,377,372,390,385,403,398
2,359,17,359,381,376,398,393,415,410
2,359,19,359,383,378,402,397,421,416
2,360,2,360,367,362,369,364,371,366
2,360,3,360,368,363,371,366,374,369
2,360,5,360,370,365,375,370,380,375
2,360,7,360,372,367,379,374,386,381
2,360,11,360,376,371,387,382,398,393
2,360,13,360,378,373,391,386,404,399
2,360,17,360,382,377,399,394,416,411
2,360,19,360,384,379,403,398,422,417
2,361,2,361,368,363,370,365,372,367
2,361,3,361,369,364,372,367,375,370
2,361,5,361,371,366,376,371,381,376
2,361,7,361,373,368,380,375,387,382
2,361,11,361,377,372,388,383,399,394
2,361,13,361,379,374,392,387,405,400
2,361,17,361,383,378,400,395,417,412
2,361,19,361,385,380,404,399,423,418
2,362,2,362,369,364,371,366,373,368
2,362,3,362,370,365,373,368,376,371
2,362,5,362,372,367,377,372,382,377
2,362,7,362,374,369,381,376,388,383
2,362,11,362,378,373,389,384,400,395
2,362,13,362,380,375,393,388,406,401
2,362,17,362,384,379,401,396,418,413
2,362,19,362,386,381,405,400,424,419
2,363,2,363,370,365,372,367,374,369
2,363,3,363,371,366,374,369,377,372
2,363,5,363,373,368,378,373,383,378
2,363,7,363,375,370,382,377,389,384
2,363,11,363,379,374,390,385,401,396
2,363,13,363,381,376,394,389,407,402
2,363,17,363,385,380,402,397,419,414
2,363,19,363,387,382,406,401,425,420
2,364,2,364,371,366,373,368,375,370
2,364,3,364,372,367,375,370,378,373
2,364,5,364,374,369,379,374,384,379
2,364,7,364,376,371,383,378,390,385
2,364,11,364,380,375,391,386,402,397
2,364,13,364,382,377,395,390,408,403
2,364,17,364,386,381,403,398,420,415
2,364,19,364,388,383,407,402,426,421
2,365,2,365,372,367,374,369,376,371
2,365,3,365,373,368,376,371,379,374
2,365,5,365,375,370,380,375,385,380
2,365,7,365,377,372,384,379,391,386
2,365,11,365,381,376,392,387,403,398
2,365,13,365,383,378,396,391,409,404
2,365,17,365,387,382,404,399,421,416
2,365,19,365,389,384,408,403,427,422
2,366,2,366,373,368,375,370,377,372
2,366,3,366,374,369,377,372,380,375
2,366,5,366,376,371,381,376,386,381
2,366,7,366,378,373,385,380,392,387
2,366,11,366,382,377,393,388,404,399
2,366,13,366,384,379,397,392,410,405
2,366,17,366,388,383,405,400,422,417
2,366,19,366,390,385,409,404,428,423
2,367,2,367,374,369,376,371,378,373
2,367,3,367,375,370,378,373,381,376
2,367,5,367,377,372,382,377,387,382
2,367,7,367,379,374,386,381,393,388
2,367,11,367,383,378,394,389,405,400
2,367,13,367,385,380,398,393,411,406
2,367,17,367,389,384,406,401,423,418
2,367,19,367,391,386,410,405,429,424
2,368,2,368,375,370,377,372,379,374
2,368,3,368,376,371,379,374,382,377
2,368,5,368,378,373,383,378,388,383
2,368,7,368,380,375,387,382,394,389
2,368,11,368,384,379,395,390,406,401
2,368,13,368,386,381,399,394,412,407
2,368,17,368,390,385,407,402,424,419
2,368,19,368,392,387,411,406,430,425
2,369,2,369,376,371,378,373,380,375
2,369,3,369,377,372,380,375,383,378
2,369,5,369,379,374,384,379,389,384
2,369,7,369,381,376,388,383,395,390
2,369,11,369,385,380,396,391,407,402
2,369,13,369,387,382,400,395,413,408
2,369,17,369,391,386,408,403,425,420
2,369,19,369,393,388,412,407,431,426
2,370,2,370,377,372,379,374,381,376
2,370,3,370,378,373,381,376,384,379
2,370,5,370,380,375,385,380,390,385
2,370,7,370,382,377,389,384,396,391
2,370,11,370,386,381,397,392,408,403
2,370,13,370,388,383,401,396,414,409
2,370,17,370,392,387,409,404,426,421
2,370,19,370,394,389,413,408,432,427
2,371,2,371,378,373,380,375,382,377
2,371,3,371,379,374,382,377,385,380
2,371,5,371,381,376,386,381,391,386
2,371,7,371,383,378,390,385,397,392
2,371,11,371,387,382,398,393,409,404
2,371,13,371,389,384,402,397,415,410
2,371,17,371,393,388,410,405,427,422
2,371,19,371,395,390,414,409,433,428
2,372,2,372,379,374,381,376,383,378
2,372,3,372,380,375,383,378,386,381
2,372,5,372,382,377,387,382,392,387
2,372,7,372,384,379,391,386,398,393
2,372,11,372,388,383,399,394,410,405
2,372,13,372,390,385,403,398,416,411
2,372,17,372,394,389,411,406,428,423
2,372,19,372,396,391,415,410,434,429
2,373,2,373,380,375,382,377,384,379
2,373,3,373,381,376,384,379,387,382
2,373,5,373,383,378,388,383,393,388
2,373,7,373,385,380,392,387,399,394
2,373,11,373,389,384,400,395,411,406
2,373,13,373,391,386,404,399,417,412
2,373,17,373,395,390,412,407,429,424
2,373,19,373,397,392,416,411,435,430
2,374,2,374,381,376,383,378,385,380
2,374,3,374,382,377,385,380,388,383
2,374,5,374,384,379,389,384,394,389
2,374,7,374,386,381,393,388,400,395
2,374,11,374,390,385,401,396,412,407
2,374,13,374,392,387,405,400,418,413
2,374,17,374,396,391,413,408,430,425
2,374,19,374,398,393,417,412,436,431
2,375,2,375,382,377,384,379,386,381
2,375,3,375,383,378,386,381,389,384
2,375,5,375,385,380,390,385,395,390
2,375,7,375,387,382,394,389,401,396
2,375,11,375,391,386,402,397,413,408
2,375,13,375,393,388,406,401,419,414
2,375,17,375,397,392,414,409,431,426
2,375,19,375,399,394,418,413,437,432
2,376,2,376,383,378,385,380,387,382
2,376,3,376,384,379,387,382,390,385
2,376,5,376,386,381,391,386,396,391
2,376,7,376,388,383,395,390,402,397
2,376,11,376,392,387,403,398,414,409
2,376,13,376,394,389,407,402,420,415
2,376,17,376,398,393,415,410,432,427
2,376,19,376,400,395,419,414,438,433
2,377,2,377,384,379,386,381,388,383
2,377,3,377,385,380,388,383,391,386
2,377,5,377,387,382,392,387,397,392
2,377,7,377,389,384,396,391,403,398
2,377,11,377,393,388,404,399,415,410
2,377,13,377,395,390,408,403,421,416
2,377,17,377,399,394,416,411,433,428
2,377,19,377,401,396,420,415,439,434
2,378,2,378,385,380,387,382,389,384
2,378,3,378,386,381,389,384,392,387
2,378,5,378,388,383,393,388,398,393
2,378,7,378,390,385,397,392,404,399
2,378,11,378,394,389,405,400,416,411
2,378,13,378,396,391,409,404,422,417
2,378,17,378,400,395,417,412,434,429
2,378,19,378,402,397,421,416,440,435
2,379,2,379,386,381,388,383,390,385
2,379,3,379,387,382,390,385,393,388
2,379,5,379,389,384,394,389,399,394
2,379,7,379,391,386,398,393,405,400
2,379,11,379,395,390,406,401,417,412
2,379,13,379,397,392,410,405,423,418
2,379,17,379,401,396,418,413,435,430
2,379,19,379,403,398,422,417,441,436
2,380,2,380,387,382,389,384,391,386
2,380,3,380,388,383,391,386,394,389
2,380,5,380,390,385,395,390,400,395
2,380,7,380,392,387,399,394,406,401
2,380,11,380,396,391,407,402,418,413
2,380,13,380,398,393,411,406,424,419
2,380,17,380,402,397,419,414,436,431
2,380,19,380,404,399,423,418,442,437
2,381,2,381,388,383,390,385,392,387
2,381,3,381,389,384,392,387,395,390
2,381,5,381,391,386,396,391,401,396
2,381,7,381,393,388,400,395,407,402
2,381,11,381,397,392,408,403,419,414
2,381,13,381,399,394,412,407,425,420
2,381,17,381,403,398,420,415,437,432
2,381,19,381,405,400,424,419,443,438
2,382,2,382,389,384,391,386,393,388
2,382,3,382,390,385,393,388,396,391
2,382,5,382,392,387,397,392,402,397
2,382,7,382,394,389,401,396,408,403
2,382,11,382,398,393,409,404,420,415
2,382,13,382,400,395,413,408,426,421
2,382,17,382,404,399,421,416,438,433
2,382,19,382,406,401,425,420,444,439
2,383,2,383,390,385,392,387,394,389
2,383,3,383,391,386,394,389,397,392
2,383,5,383,393,388,398,393,403,398
2,383,7,383,395,390,402,397,409,404
2,383,11,383,399,394,410,405,421,416
2,383,13,383,401,396,414,409,427,422
2,383,17,383,405,400,422,417,439,434
2,383,19,383,407,402,426,421,445,440
2,384,2,384,391,386,393,388,395,390
2,384,3,384,392,387,395,390,398,393
2,384,5,384,394,389,399,394,404,399
2,384,7,384,396,391,403,398,410,405
2,384,11,384,400,395,411,406,422,417
2,384,13,384,402,397,415,410,428,423
2,384,17,384,406,401,423,418,440,435
2,384,19,384,408,403,427,422,446,441
2,385,2,385,392,387,394,389,396,391
2,385,3,385,393,388,396,391,399,394
2,385,5,385,395,390,400,395,405,400
2,385,7,385,397,392,404,399,411,406
2,385,11,385,401,396,412,407,423,418
2,385,13,385,403,398,416,411,429,424
2,385,17,385,407,402,424,419,441,436
2,385,19,385,409,404,428,423,447,442
2,386,2,386,393,388,395,390,397,392
2,386,3,386,394,389,397,392,400,395
2,386,5,386,396,391,401,396,406,401
2,386,7,386,398,393,405,400,412,407
2,386,11,386,402,397,413,408,424,419
2,386,13,386,404,399,417,412,430,425
2,386,17,386,408,403,425,420,442,437
2,386,19,386,410,405,429,424,448,443
2,387,2,387,394,389,396,391,398,393
2,387,3,387,395,390,398,393,401,396
2,387,5,387,397,392,402,397,407,402
2,387,7,387,399,394,406,401,413,408
2,387,11,387,403,398,414,409,425,420
2,387,13,387,405,400,418,413,431,426
2,387,17,387,409,404,426,421,443,438
2,387,19,387,411,406,430,425,449,444
2,388,2,388,395,390,397,392,399,394
2,388,3,388,396,391,399,394,402,397
2,388,5,388,398,393,403,398,408,403
2,388,7,388,400,395,407,402,414,409
2,388,11,388,404,399,415,410,426,421
2,388,13,388,406,401,419,414,432,427
2,388,17,388,410,405,427,422,444,439
2,388,19,388,412,407,431,426,450,445
2,389,2,389,396,391,398,393,400,395
2,389,3,389,397,392,400,395,403,398
2,389,5,389,399,394,404,399,409,404
2,389,7,389,401,396,408,403,415,410
2,389,11,389,405,400,416,411,427,422
2,389,13,389,407,402,420,415,433,428
2,389,17,389,411,406,428,423,445,440
2,389,19,389,413,408,432,427,451,446
2,390,2,390,397,392,399,394,401,396
2,390,3,390,398,393,401,396,404,399
2,390,5,390,400,395,405,400,410,405
2,390,7,390,402,397,409,404,416,411
2,390,11,390,406,401,417,412,428,423
2,390,13,390,408,403,421,416,434,429
2,390,17,390,412,407,429,424,446,441
2,390,19,390,414,409,433,428,452,447
2,391,2,391,398,393,400,395,402,397
2,391,3,391,399,394,402,397,405,400
2,391,5,391,401,396,406,401,411,406
2,391,7,391,403,398,410,405,417,412
2,391,11,391,407,402,418,413,429,424
2,391,13,391,409,404,422,417,435,430
2,391,17,391,413,408,430,425,447,442
2,391,19,391,415,410,434,429,453,448
2,392,2,392,399,394,401,396,403,398
2,392,3,392,400,395,403,398,406,401
2,392,5,392,402,397,407,402,412,407
2,392,7,392,404,399,411,406,418,413
2,392,11,392,408,403,419,414,430,425
2,392,13,392,410,405,423,418,436,431
2,392,17,392,414,409,431,426,448,443
2,392,19,392,416,411,435,430,454,449
2,393,2,393,400,395,402,397,404,399
2,393,3,393,401,396,404,399,407,402
2,393,5,393,403,398,408,403,413,408
2,393,7,393,405,400,412,407,419,414
2,393,11,393,409,404,420,415,431,426
2,393,13,393,411,406,424,419,437,432
2,393,17,393,415,410,432,427,449,444
2,393,19,393,417,412,436,431,455,450
2,394,2,394,401,396,403,398,405,400
2,394,3,394,402,397,405,400,408,403
2,394,5,394,404,399,409,404,414,409
2,394,7,394,406,401,413,408,420,415
2,394,11,394,410,405,421,416,432,427
2,394,13,394,412,407,425,420,438,433
2,394,17,394,416,411,433,428,450,445
2,394,19,394,418,413,437,432,456,451
2,395,2,395,402,397,404,399,406,401
2,395,3,395,403,398,406,401,409,404
2,395,5,395,405,400,410,405,415,410
2,395,7,395,407,402,414,409,421,416
2,395,11,395,411,406,422,417,433,428
2,395,13,395,413,408,426,421,439,434
2,395,17,395,417,412,434,429,451,446
2,395,19,395,419,414,438,433,457,452
2,396,2,396,403,398,405,400,407,402
2,396,3,396,404,399,407,402,410,405
2,396,5,396,406,401,411,406,416,411
2,396,7,396,408,403,415,410,422,417
2,396,11,396,412,407,423,418,434,429
2,396,13,396,414,409,427,422,440,435
2,396,17,396,418,413,435,430,452,447
2,396,19,396,420,415,439,434,458,453
2,397,2,397,404,399,406,401,408,403
2,397,3,397,405,400,408,403,411,406
2,397,5,397,407,402,412,407,417,412
2,397,7,397,409,404,416,411,423,418
2,397,11,397,413,408,424,419,435,430
2,397,13,397,415,410,428,423,441,436
2,397,17,397,419,414,436,431,453,448
2,397,19,397,421,416,440,435,459,454
2,398,2,398,405,400,407,402,409,404
2,398,3,398,406,401,409,404,412,407
2,398,5,398,408,403,413,408,418,413
2,398,7,398,410,405,417,412,424,419
2,398,11,398,414,409,425,420,436,431
2,398,13,398,416,411,429,424,442,437
2,398,17,398,420,415,437,432,454,449
2,398,19,398,422,417,441,436,460,455
2,399,2,399,406,401,408,403,410,405
2,399,3,399,407,402,410,405,413,408
2,399,5,399,409,404,414,409,419,414
2,399,7,399,411,406,418,413,425,420
2,399,11,399,415,410,426,421,437,432
2,399,13,399,417,412,430,425,443,438
2,399,17,399,421,416,438,433,455,450
2,399,19,399,423,418,442,437,461,456
2,400,2,400,407,402,409,404,411,406
2,400,3,400,408,403,411,406,414,409
2,400,5,400,410,405,415,410,420,415
2,400,7,400,412,407,419,414,426,421
2,400,11,400,416,411,427,422,438,433
2,400,13,400,418,413,431,426,444,439
2,400,17,400,422,417,439,434,456,451
2,400,19,400,424,419,443,438,462,457
2,401,2,401,408,403,410,405,412,407
2,401,3,401,409,404,412,407,415,410
2,401,5,401,411,406,416,411,421,416
2,401,7,401,413,408,420,415,427,422
2,401,11,401,417,412,428,423,439,434
2,401,13,401,419,414,432,427,445,440
2,401,17,401,423,418,440,435,457,452
2,401,19,401,425,420,444,439,463,458
2,402,2,402,409,404,411,406,413,408
2,402,3,402,410,405,413,408,416,411
2,402,5,402,412,407,417,412,422,417
2,402,7,402,414,409,421,416,428,423
2,402,11,402,418,413,429,424,440,435
2,402,13,402,420,415,433,428,446,441
2,402,17,402,424,419,441,436,458,453
2,402,19,402,426,421,445,440,464,459
2,403,2,403,410,405,412,407,414,409
2,403,3,403,411,406,414,409,417,412
2,403,5,403,413,408,418,413,423,418
2,403,7,403,415,410,422,417,429,424
2,403,11,403,419,414,430,425,441,436
2,403,13,403,421,416,434,429,447,442
2,403,17,403,425,420,442,437,459,454
2,403,19,403,427,422,446,441,465,460
2,404,2,404,411,406,413,408,415,410
2,404,3,404,412,407,415,410,418,413
2,404,5,404,414,409,419,414,424,419
2,404,7,404,416,411,423,418,430,425
2,404,11,404,420,415,431,426,442,437
2,404,13,404,422,417,435,430,448,443
2,404,17,404,426,421,443,438,460,455
2,404,19,404,428,423,447,442,466,461
2,405,2,405,412,407,414,409,416,411
2,405,3,405,413,408,416,411,419,414
2,405,5,405,415,410,420,415,425,420
2,405,7,405,417,412,424,419,431,426
2,405,11,405,421,416,432,427,443,438
2,405,13,405,423,418,436,431,449,444
2,405,17,405,427,422,444,439,461,456
2,405,19,405,429,424,448,443,467,462
2,406,2,406,413,408,415,410,417,412
2,406,3,406,414,409,417,412,420,415
2,406,5,406,416,411,421,416,426,421
2,406,7,406,418,413,425,420,432,427
2,406,11,406,422,417,433,428,444,439
2,406,13,406,424,419,437,432,450,445
2,406,17,406,428,423,445,440,462,457
2,406,19,406,430,425,449,444,468,463
2,407,2,407,414,409,416,411,418,413
2,407,3,407,415,410,418,413,421,416
2,407,5,407,417,412,422,417,427,422
2,407,7,407,419,414,426,421,433,428
2,407,11,407,423,418,434,429,445,440
2,407,13,407,425,420,438,433,451,446
2,407,17,407,429,424,446,441,463,458
2,407,19,407,431,426,450,445,469,464
2,408,2,408,415,410,417,412,419,414
2,408,3,408,416,411,419,414,422,417
2,408,5,408,418,413,423,418,428,423
2,408,7,408,420,415,427,422,434,429
2,408,11,408,424,419,435,430,446,441
2,408,13,408,426,421,439,434,452,447
2,408,17,408,430,425,447,442,464,459
2,408,19,408,432,427,451,446,470,465
2,409,2,409,416,411,418,413,420,415
2,409,3,409,417,412,420,415,423,418
2,409,5,409,419,414,424,419,429,424
2,409,7,409,421,416,428,423,435,430
2,409,11,409,425,420,436,431,447,442
2,409,13,409,427,422,440,435,453,448
2,409,17,409,431,426,448,443,465,460
2,409,19,409,433,428,452,447,471,466
2,410,2,410,417,412,419,414,421,416
2,410,3,410,418,413,421,416,424,419
2,410,5,410,420,415,425,420,430,425
2,410,7,410,422,417,429,424,436,431
2,410,11,410,426,421,437,432,448,443
2,410,13,410,428,423,441,436,454,449
2,410,17,410,432,427,449,444,466,461
2,410,19,410,434,429,453,448,472,467
2,411,2,411,418,413,420,415,422,417
2,411,3,411,419,414,422,417,425,420
2,411,5,411,421,416,426,421,431,426
2,411,7,411,423,418,430,425,437,432
2,411,11,411,427,422,438,433,449,444
2,411,13,411,429,424,442,437,455,450
2,411,17,411,433,428,450,445,467,462
2,411,19,411,435,430,454,449,473,468
2,412,2,412,419,414,421,416,423,418
2,412,3,412,420,415,423,418,426,421
2,412,5,412,422,417,427,422,432,427
2,412,7,412,424,419,431,426,438,433
2,412,11,412,428,423,439,434,450,445
2,412,13,412,430,425,443,438,456,451
2,412,17,412,434,429,451,446,468,463
2,412,19,412,436,431,455,450,474,469
2,413,2,413,420,415,422,417,424,419
2,413,3,413,421,416,424,419,427,422
2,413,5,413,423,418,428,423,433,428
2,413,7,413,425,420,432,427,439,434
2,413,11,413,429,424,440,435,451,446
2,413,13,413,431,426,444,439,457,452
2,413,17,413,435,430,452,447,469,464
2,413,19,413,437,432,456,451,475,470
2,414,2,414,421,416,423,418,425,420
2,414,3,414,422,417,425,420,428,423
2,414,5,414,424,419,429,424,434,429
2,414,7,414,426,421,433,428,440,435
2,414,11,414,430,425,441,436,452,447
2,414,13,414,432,427,445,440,458,453
2,414,17,414,436,431,453,448,470,465
2,414,19,414,438,433,457,452,476,471
2,415,2,415,422,417,424,419,426,421
2,415,3,415,423,418,426,421,429,424
2,415,5,415,425,420,430,425,435,430
2,415,7,415,427,422,434,429,441,436
2,415,11,415,431,426,442,437,453,448
2,415,13,415,433,428,446,441,459,454
2,415,17,415,437,432,454,449,471,466
2,415,19,415,439,434,458,453,477,472
2,416,2,416,423,418,425,420,427,422
2,416,3,416,424,419,427,422,430,425
2,416,5,416,426,421,431,426,436,431
2,416,7,416,428,423,435,430,442,437
2,416,11,416,432,427,443,438,454,449
2,416,13,416,434,429,447,442,460,455
2,416,17,416,438,433,455,450,472,467
2,416,19,416,440,435,459,454,478,473
2,417,2,417,424,419,426,421,428,423
2,417,3,417,425,420,428,423,431,426
2,417,5,417,427,422,432,427,437,432
2,417,7,417,429,424,436,431,443,438
2,417,11,417,433,428,444,439,455,450
2,417,13,417,435,430,448,443,461,456
2,417,17,417,439,434,456,451,473,468
2,417,19,417,441,436,460,455,479,474
2,418,2,418,425,420,427,422,429,424
2,418,3,418,426,421,429,424,432,427
2,418,5,418,428,423,433,428,438,433
2,418,7,418,430,425,437,432,444,439
2,418,11,418,434,429,445,440,456,451
2,418,13,418,436,431,449,444,462,457
2,418,17,418,440,435,457,452,474,469
2,418,19,418,442,437,461,456,480,475
2,419,2,419,426,421,428,423,430,425
2,419,3,419,427,422,430,425,433,428
2,419,5,419,429,424,434,429,439,434
2,419,7,419,431,426,438,433,445,440
2,419,11,419,435,430,446,441,457,452
2,419,13,419,437,432,450,445,463,458
2,419,17,419,441,436,458,453,475,470
2,419,19,419,443,438,462,457,481,476
2,420,2,420,427,422,429,424,431,426
2,420,3,420,428,423,431,426,434,429
2,420,5,420,430,425,435,430,440,435
2,420,7,420,432,427,439,434,446,441
2,420,11,420,436,431,447,442,458,453
2,420,13,420,438,433,451,446,464,459
2,420,17,420,442,437,459,454,476,471
2,420,19,420,444,439,463,458,482,477
2,421,2,421,428,423,430,425,432,427
2,421,3,421,429,424,432,427,435,430
2,421,5,421,431,426,436,431,441,436
2,421,7,421,433,428,440,435,447,442
2,421,11,421,437,432,448,443,459,454
2,421,13,421,439,434,452,447,465,460
2,421,17,421,443,438,460,455,477,472
2,421,19,421,445,440,464,459,483,478
2,422,2,422,429,424,431,426,433,428
2,422,3,422,430,425,433,428,436,431
2,422,5,422,432,427,437,432,442,437
2,422,7,422,434,429,441,436,448,443
2,422,11,422,438,433,449,444,460,455
2,422,13,422,440,435,453,448,466,461
2,422,17,422,444,439,461,456,478,473
2,422,19,422,446,441,465,460,484,479
2,423,2,423,430,425,432,427,434,429
2,423,3,423,431,426,434,429,437,432
2,423,5,423,433,428,438,433,443,438
2,423,7,423,435,430,442,437,449,444
2,423,11,423,439,434,450,445,461,456
2,423,13,423,441,436,454,449,467,462
2,423,17,423,445,440,462,457,479,474
2,423,19,423,447,442,466,461,485,480
2,424,2,424,431,426,433,428,435,430
2,424,3,424,432,427,435,430,438,433
2,424,5,424,434,429,439,434,444,439
2,424,7,424,436,431,443,438,450,445
2,424,11,424,440,435,451,446,462,457
2,424,13,424,442,437,455,450,468,463
2,424,17,424,446,441,463,458,480,475
2,424,19,424,448,443,467,462,486,481
2,425,2,425,432,427,434,429,436,431
2,425,3,425,433,428,436,431,439,434
2,425,5,425,435,430,440,435,445,440
2,425,7,425,437,432,444,439,451,446
2,425,11,425,441,436,452,447,463,458
2,425,13,425,443,438,456,451,469,464
2,425,17,425,447,442,464,459,481,476
2,425,19,425,449,444,468,463,487,482
2,426,2,426,433,428,435,430,437,432
2,426,3,426,434,429,437,432,440,435
2,426,5,426,436,431,441,436,446,441
2,426,7,426,438,433,445,440,452,447
2,426,11,426,442,437,453,448,464,459
2,426,13,426,444,439,457,452,470,465
2,426,17,426,448,443,465,460,482,477
2,426,19,426,450,445,469,464,488,483
2,427,2,427,434,429,436,431,438,433
2,427,3,427,435,430,438,433,441,436
2,427,5,427,437,432,442,437,447,442
2,427,7,427,439,434,446,441,453,448
2,427,11,427,443,438,454,449,465,460
2,427,13,427,445,440,458,453,471,466
2,427,17,427,449,444,466,461,483,478
2,427,19,427,451,446,470,465,489,484
2,428,2,428,435,430,437,432,439,434
2,428,3,428,436,431,439,434,442,437
2,428,5,428,438,433,443,438,448,443
2,428,7,428,440,435,447,442,454,449
2,428,11,428,444,439,455,450,466,461
2,428,13,428,446,441,459,454,472,467
2,428,17,428,450,445,467,462,484,479
2,428,19,428,452,447,471,466,490,485
2,429,2,429,436,431,438,433,440,435
2,429,3,429,437,432,440,435,443,438
2,429,5,429,439,434,444,439,449,444
2,429,7,429,441,436,448,443,455,450
2,429,11,429,445,440,456,451,467,462
2,429,13,429,447,442,460,455,473,468
2,429,17,429,451,446,468,463,485,480
2,429,19,429,453,448,472,467,491,486
2,430,2,430,437,432,439,434,441,436
2,430,3,430,438,433,441,436,444,439
2,430,5,430,440,435,445,440,450,445
2,430,7,430,442,437,449,444,456,451
2,430,11,430,446,441,457,452,468,463
2,430,13,430,448,443,461,456,474,469
2,430,17,430,452,447,469,464,486,481
2,430,19,430,454,449,473,468,492,487
2,431,2,431,438,433,440,435,442,437
2,431,3,431,439,434,442,437,445,440
2,431,5,431,441,436,446,441,451,446
2,431,7,431,443,438,450,445,457,452
2,431,11,431,447,442,458,453,469,464
2,431,13,431,449,444,462,457,475,470
2,431,17,431,453,448,470,465,487,482
2,431,19,431,455,450,474,469,493,488
2,432,2,432,439,434,441,436,443,438
2,432,3,432,440,435,443,438,446,441
2,432,5,432,442,437,447,442,452,447
2,432,7,432,444,439,451,446,458,453
2,432,11,432,448,443,459,454,470,465
2,432,13,432,450,445,463,458,476,471
2,432,17,432,454,449,471,466,488,483
2,432,19,432,456,451,475,470,494,489
2,433,2,433,440,435,442,437,444,439
2,433,3,433,441,436,444,439,447,442
2,433,5,433,443,438,448,443,453,448
2,433,7,433,445,440,452,447,459,454
2,433,11,433,449,444,460,455,471,466
2,433,13,433,451,446,464,459,477,472
2,433,17,433,455,450,472,467,489,484
2,433,19,433,457,452,476,471,495,490
2,434,2,434,441,436,443,438,445,440
2,434,3,434,442,437,445,440,448,443
2,434,5,434,444,439,449,444,454,449
2,434,7,434,446,441,453,448,460,455
2,434,11,434,450,445,461,456,472,467
2,434,13,434,452,447,465,460,478,473
2,434,17,434,456,451,473,468,490,485
2,434,19,434,458,453,477,472,496,491
2,435,2,435,442,437,444,439,446,441
2,435,3,435,443,438,446,441,449,444
2,435,5,435,445,440,450,445,455,450
2,435,7,435,447,442,454,449,461,456
2,435,11,435,451,446,462,457,473,468
2,435,13,435,453,448,466,461,479,474
2,435,17,435,457,452,474,469,491,486
2,435,19,435,459,454,478,473,497,492
2,436,2,436,443,438,445,440,447,442
2,436,3,436,444,439,447,442,450,445
2,436,5,436,446,441,451,446,456,451
2,436,7,436,448,443,455,450,462,457
2,436,11,436,452,447,463,458,474,469
2,436,13,436,454,449,467,462,480,475
2,436,17,436,458,453,475,470,492,487
2,436,19,436,460,455,479,474,498,493
2,437,2,437,444,439,446,441,448,443
2,437,3,437,445,440,448,443,451,446
2,437,5,437,447,442,452,447,457,452
2,437,7,437,449,444,456,451,463,458
2,437,11,437,453,448,464,459,475,470
2,437,13,437,455,450,468,463,481,476
2,437,17,437,459,454,476,471,493,488
2,437,19,437,461,456,480,475,499,494
2,438,2,438,445,440,447,442,449,444
2,438,3,438,446,441,449,444,452,447
2,438,5,438,448,443,453,448,458,453
2,438,7,438,450,445,457,452,464,459
2,438,11,438,454,449,465,460,476,471
2,438,13,438,456,451,469,464,482,477
2,438,17,438,460,455,477,472,494,489
2,438,19,438,462,457,481,476,500,495
2,439,2,439,446,441,448,443,450,445
2,439,3,439,447,442,450,445,453,448
2,439,5,439,449,444,454,449,459,454
2,439,7,439,451,446,458,453,465,460
2,439,11,439,455,450,466,461,477,472
2,439,13,439,457,452,470,465,483,478
2,439,17,439,461,456,478,473,495,490
2,439,19,439,463,458,482,477,501,496
2,440,2,440,447,442,449,444,451,446
2,440,3,440,448,443,451,446,454,449
2,440,5,440,450,445,455,450,460,455
2,440,7,440,452,447,459,454,466,461
2,440,11,440,456,451,467,462,478,473
2,440,13,440,458,453,471,466,484,479
2,440,17,440,462,457,479,474,496,491
2,440,19,440,464,459,483,478,502,497
2,441,2,441,448,443,450,445,452,447
2,441,3,441,449,444,452,447,455,450
2,441,5,441,451,446,456,451,461,456
2,441,7,441,453,448,460,455,467,462
2,441,11,441,457,452,468,463,479,474
2,441,13,441,459,454,472,467,485,480
2,441,17,441,463,458,480,475,497,492
2,441,19,441,465,460,484,479,503,498
2,442,2,442,449,444,451,446,453,448
2,442,3,442,450,445,453,448,456,451
2,442,5,442,452,447,457,452,462,457
2,442,7,442,454,449,461,456,468,463
2,442,11,442,458,453,469,464,480,475
2,442,13,442,460,455,473,468,486,481
2,442,17,442,464,459,481,476,498,493
2,442,19,442,466,461,485,480,504,499
2,443,2,443,450,445,452,447,454,449
2,443,3,443,451,446,454,449,457,452
2,443,5,443,453,448,458,453,463,458
2,443,7,443,455,450,462,457,469,464
2,443,11,443,459,454,470,465,481,476
2,443,13,443,461,456,474,469,487,482
2,443,17,443,465,460,482,477,499,494
2,443,19,443,467,462,486,481,505,500
2,444,2,444,451,446,453,448,455,450
2,444,3,444,452,447,455,450,458,453
2,444,5,444,454,449,459,454,464,459
2,444,7,444,456,451,463,458,470,465
2,444,11,444,460,455,471,466,482,477
2,444,13,444,462,457,475,470,488,483
2,444,17,444,466,461,483,478,500,495
2,444,19,444,468,463,487,482,506,501
2,445,2,445,452,447,454,449,456,451
2,445,3,445,453,448,456,451,459,454
2,445,5,445,455,450,460,455,465,460
2,445,7,445,457,452,464,459,471,466
2,445,11,445,461,456,472,467,483,478
2,445,13,445,463,458,476,471,489,484
2,445,17,445,467,462,484,479,501,496
2,445,19,445,469,464,488,483,507,502
2,446,2,446,453,448,455,450,457,452
2,446,3,446,454,449,457,452,460,455
2,446,5,446,456,451,461,456,466,461
2,446,7,446,458,453,465,460,472,467
2,446,11,446,462,457,473,468,484,479
2,446,13,446,464,459,477,472,490,485
2,446,17,446,468,463,485,480,502,497
2,446,19,446,470,465,489,484,508,503
2,447,2,447,454,449,456,451,458,453
2,447,3,447,455,450,458,453,461,456
2,447,5,447,457,452,462,457,467,462
2,447,7,447,459,454,466,461,473,468
2,447,11,447,463,458,474,469,485,480
2,447,13,447,465,460,478,473,491,486
2,447,17,447,469,464,486,481,503,498
2,447,19,447,471,466,490,485,509,504
2,448,2,448,455,450,457,452,459,454
2,448,3,448,456,451,459,454,462,457
2,448,5,448,458,453,463,458,468,463
2,448,7,448,460,455,467,462,474,469
2,448,11,448,464,459,475,470,486,481
2,448,13,448,466,461,479,474,492,487
2,448,17,448,470,465,487,482,504,499
2,448,19,448,472,467,491,486,510,505
2,449,2,449,456,451,458,453,460,455
2,449,3,449,457,452,460,455,463,458
2,449,5,449,459,454,464,459,469,464
2,449,7,449,461,456,468,463,475,470
2,449,11,449,465,460,476,471,487,482
2,449,13,449,467,462,480,475,493,488
2,449,17,449,471,466,488,483,505,500
2,449,19,449,473,468,492,487,511,506
2,450,2,450,457,452,459,454,461,456
2,450,3,450,458,453,461,456,464,459
2,450,5,450,460,455,465,460,470,465
2,450,7,450,462,457,469,464,476,471
2,450,11,450,466,461,477,472,488,483
2,450,13,450,468,463,481,476,494,489
2,450,17,450,472,467,489,484,506,501
2,450,19,450,474,469,493,488,512,507
2,451,2,451,458,453,460,455,462,457
2,451,3,451,459,454,462,457,465,460
2,451,5,451,461,456,466,461,471,466
2,451,7,451,463,458,470,465,477,472
2,451,11,451,467,462,478,473,489,484
2,451,13,451,469,464,482,477,495,490
2,451,17,451,473,468,490,485,507,502
2,451,19,451,475,470,494,489,513,508
2,452,2,452,459,454,461,456,463,458
2,452,3,452,460,455,463,458,466,461
2,452,5,452,462,457,467,462,472,467
2,452,7,452,464,459,471,466,478,473
2,452,11,452,468,463,479,474,490,485
2,452,13,452,470,465,483,478,496,491
2,452,17,452,474,469,491,486,508,503
2,452,19,452,476,471,495,490,514,509
2,453,2,453,460,455,462,457,464,459
2,453,3,453,461,456,464,459,467,462
2,453,5,453,463,458,468,463,473,468
2,453,7,453,465,460,472,467,479,474
2,453,11,453,469,464,480,475,491,486
2,453,13,453,471,466,484,479,497,492
2,453,17,453,475,470,492,487,509,504
2,453,19,453,477,472,496,491,515,510
2,454,2,454,461,456,463,458,465,460
2,454,3,454,462,457,465,460,468,463
2,454,5,454,464,459,469,464,474,469
2,454,7,454,466,461,473,468,480,475
2,454,11,454,470,465,481,476,492,487
2,454,13,454,472,467,485,480,498,493
2,454,17,454,476,471,493,488,510,505
2,454,19,454,478,473,497,492,516,511
2,455,2,455,462,457,464,459,466,461
2,455,3,455,463,458,466,461,469,464
2,455,5,455,465,460,470,465,475,470
2,455,7,455,467,462,474,469,481,476
2,455,11,455,471,466,482,477,493,488
2,455,13,455,473,468,486,481,499,494
2,455,17,455,477,472,494,489,511,506
2,455,19,455,479,474,498,493,517,512
2,456,2,456,463,458,465,460,467,462
2,456,3,456,464,459,467,462,470,465
2,456,5,456,466,461,471,466,476,471
2,456,7,456,468,463,475,470,482,477
2,456,11,456,472,467,483,478,494,489
2,456,13,456,474,469,487,482,500,495
2,456,17,456,478,473,495,490,512,507
2,456,19,456,480,475,499,494,518,513
2,457,2,457,464,459,466,461,468,463
2,457,3,457,465,460,468,463,471,466
2,457,5,457,467,462,472,467,477,472
2,457,7,457,469,464,476,471,483,478
2,457,11,457,473,468,484,479,495,490
2,457,13,457,475,470,488,483,501,496
2,457,17,457,479,474,496,491,513,508
2,457,19,457,481,476,500,495,519,514
2,458,2,458,465,460,467,462,469,464
2,458,3,458,466,461,469,464,472,467
2,458,5,458,468,463,473,468,478,473
2,458,7,458,470,465,477,472,484,479
2,458,11,458,474,469,485,480,496,491
2,458,13,458,476,471,489,484,502,497
2,458,17,458,480,475,497,492,514,509
2,458,19,458,482,477,501,496,520,515
2,459,2,459,466,461,468,463,470,465
2,459,3,459,467,462,470,465,473,468
2,459,5,459,469,464,474,469,479,474
2,459,7,459,471,466,478,473,485,480
2,459,11,459,475,470,486,481,497,492
2,459,13,459,477,472,490,485,503,498
2,459,17,459,481,476,498,493,515,510
2,459,19,459,483,478,502,497,521,516
2,460,2,460,467,462,469,464,471,466
2,460,3,460,468,463,471,466,474,469
2,460,5,460,470,465,475,470,480,475
2,460,7,460,472,467,479,474,486,481
2,460,11,460,476,471,487,482,498,493
2,460,13,460,478,473,491,486,504,499
2,460,17,460,482,477,499,494,516,511
2,460,19,460,484,479,503,498,522,517
2,461,2,461,468,463,470,465,472,467
2,461,3,461,469,464,472,467,475,470
2,461,5,461,471,466,476,471,481,476
2,461,7,461,473,468,480,475,487,482
2,461,11,461,477,472,488,483,499,494
2,461,13,461,479,474,492,487,505,500
2,461,17,461,483,478,500,495,517,512
2,461,19,461,485,480,504,499,523,518
2,462,2,462,469,464,471,466,473,468
2,462,3,462,470,465,473,468,476,471
2,462,5,462,472,467,477,472,482,477
2,462,7,462,474,469,481,476,488,483
2,462,11,462,478,473,489,484,500,495
2,462,13,462,480,475,493,488,506,501
2,462,17,462,484,479,501,496,518,513
2,462,19,462,486,481,505,500,524,519
2,463,2,463,470,465,472,467,474,469
2,463,3,463,471,466,474,469,477,472
2,463,5,463,473,468,478,473,483,478
2,463,7,463,475,470,482,477,489,484
2,463,11,463,479,474,490,485,501,496
2,463,13,463,481,476,494,489,507,502
2,463,17,463,485,480,502,497,519,514
2,463,19,463,487,482,506,501,525,520
2,464,2,464,471,466,473,468,475,470
2,464,3,464,472,467,475,470,478,473
2,464,5,464,474,469,479,474,484,479
2,464,7,464,476,471,483,478,490,485
2,464,11,464,480,475,491,486,502,497
2,464,13,464,482,477,495,490,508,503
2,464,17,464,486,481,503,498,520,515
2,464,19,464,488,483,507,502,526,521
2,465,2,465,472,467,474,469,476,471
2,465,3,465,473,468,476,471,479,474
2,465,5,465,475,470,480,475,485,480
2,465,7,465,477,472,484,479,491,486
2,465,11,465,481,476,492,487,503,498
2,465,13,465,483,478,496,491,509,504
2,465,17,465,487,482,504,499,521,516
2,465,19,465,489,484,508,503,527,522
2,466,2,466,473,468,475,470,477,472
2,466,3,466,474,469,477,472,480,475
2,466,5,466,476,471,481,476,486,481
2,466,7,466,478,473,485,480,492,487
2,466,11,466,482,477,493,488,504,499
2,466,13,466,484,479,497,492,510,505
2,466,17,466,488,483,505,500,522,517
2,466,19,466,490,485,509,504,528,523
2,467,2,467,474,469,476,471,478,473
2,467,3,467,475,470,478,473,481,476
2,467,5,467,477,472,482,477,487,482
2,467,7,467,479,474,486,481,493,488
2,467,11,467,483,478,494,489,505,500
2,467,13,467,485,480,498,493,511,506
2,467,17,467,489,484,506,501,523,518
2,467,19,467,491,486,510,505,529,524
2,468,2,468,475,470,477,472,479,474
2,468,3,468,476,471,479,474,482,477
2,468,5,468,478,473,483,478,488,483
2,468,7,468,480,475,487,482,494,489
2,468,11,468,484,479,495,490,506,501
2,468,13,468,486,481,499,494,512,507
2,468,17,468,490,485,507,502,524,519
2,468,19,468,492,487,511,506,530,525
2,469,2,469,476,471,478,473,480,475
2,469,3,469,477,472,480,475,483,478
2,469,5,469,479,474,484,479,489,484
2,469,7,469,481,476,488,483,495,490
2,469,11,469,485,480,496,491,507,502
2,469,13,469,487,482,500,495,513,508
2,469,17,469,491,486,508,503,525,520
2,469,19,469,493,488,512,507,531,526
2,470,2,470,477,472,479,474,481,476
2,470,3,470,478,473,481,476,484,479
2,470,5,470,480,475,485,480,490,485
2,470,7,470,482,477,489,484,496,491
2,470,11,470,486,481,497,492,508,503
2,470,13,470,488,483,501,496,514,509
2,470,17,470,492,487,509,504,526,521
2,470,19,470,494,489,513,508,532,527
2,471,2,471,478,473,480,475,482,477
2,471,3,471,479,474,482,477,485,480
2,471,5,471,481,476,486,481,491,486
2,471,7,471,483,478,490,485,497,492
2,471,11,471,487,482,498,493,509,504
2,471,13,471,489,484,502,497,515,510
2,471,17,471,493,488,510,505,527,522
2,471,19,471,495,490,514,509,533,528
2,472,2,472,479,474,481,476,483,478
2,472,3,472,480,475,483,478,486,481
2,472,5,472,482,477,487,482,492,487
2,472,7,472,484,479,491,486,498,493
2,472,11,472,488,483,499,494,510,505
2,472,13,472,490,485,503,498,516,511
2,472,17,472,494,489,511,506,528,523
2,472,19,472,496,491,515,510,534,529
2,473,2,473,480,475,482,477,484,479
2,473,3,473,481,476,484,479,487,482
2,473,5,473,483,478,488,483,493,488
2,473,7,473,485,480,492,487,499,494
2,473,11,473,489,484,500,495,511,506
2,473,13,473,491,486,504,499,517,512
2,473,17,473,495,490,512,507,529,524
2,473,19,473,497,492,516,511,535,530
2,474,2,474,481,476,483,478,485,480
2,474,3,474,482,477,485,480,488,483
2,474,5,474,484,479,489,484,494,489
2,474,7,474,486,481,493,488,500,495
2,474,11,474,490,485,501,496,512,507
2,474,13,474,492,487,505,500,518,513
2,474,17,474,496,491,513,508,530,525
2,474,19,474,498,493,517,512,536,531
2,475,2,475,482,477,484,479,486,481
2,475,3,475,483,478,486,481,489,484
2,475,5,475,485,480,490,485,495,490
2,475,7,475,487,482,494,489,501,496
2,475,11,475,491,486,502,497,513,508
2,475,13,475,493,488,506,501,519,514
2,475,17,475,497,492,514,509,531,526
2,475,19,475,499,494,518,513,537,532
2,476,2,476,483,478,485,480,487,482
2,476,3,476,484,479,487,482,490,485
2,476,5,476,486,481,491,486,496,491
2,476,7,476,488,483,495,490,502,497
2,476,11,476,492,487,503,498,514,509
2,476,13,476,494,489,507,502,520,515
2,476,17,476,498,493,515,510,532,527
2,476,19,476,500,495,519,514,538,533
2,477,2,477,484,479,486,481,488,483
2,477,3,477,485,480,488,483,491,486
2,477,5,477,487,482,492,487,497,492
2,477,7,477,489,484,496,491,503,498
2,477,11,477,493,488,504,499,515,510
2,477,13,477,495,490,508,503,521,516
2,477,17,477,499,494,516,511,533,528
2,477,19,477,501,496,520,515,539,534
2,478,2,478,485,480,487,482,489,484
2,478,3,478,486,481,489,484,492,487
2,478,5,478,488,483,493,488,498,493
2,478,7,478,490,485,497,492,504,499
2,478,11,478,494,489,505,500,516,511
2,478,13,478,496,491,509,504,522,517
2,478,17,478,500,495,517,512,534,529
2,478,19,478,502,497,521,516,540,535
2,479,2,479,486,481,488,483,490,485
2,479,3,479,487,482,490,485,493,488
2,479,5,479,489,484,494,489,499,494
2,479,7,479,491,486,498,493,505,500
2,479,11,479,495,490,506,501,517,512
2,479,13,479,497,492,510,505,523,518
2,479,17,479,501,496,518,513,535,530
2,479,19,479,503,498,522,517,541,536
2,480,2,480,487,482,489,484,491,486
2,480,3,480,488,483,491,486,494,489
2,480,5,480,490,485,495,490,500,495
2,480,7,480,492,487,499,494,506,501
2,480,11,480,496,491,507,502,518,513
2,480,13,480,498,493,511,506,524,519
2,480,17,480,502,497,519,514,536,531
2,480,19,480,504,499,523,518,542,537
2,481,2,481,488,483,490,485,492,487
2,481,3,481,489,484,492,487,495,490
2,481,5,481,491,486,496,491,501,496
2,481,7,481,493,488,500,495,507,502
2,481,11,481,497,492,508,503,519,514
2,481,13,481,499,494,512,507,525,520
2,481,17,481,503,498,520,515,537,532
2,481,19,481,505,500,524,519,543,538
2,482,2,482,489,484,491,486,493,488
2,482,3,482,490,485,493,488,496,491
2,482,5,482,492,487,497,492,502,497
2,482,7,482,494,489,501,496,508,503
2,482,11,482,498,493,509,504,520,515
2,482,13,482,500,495,513,508,526,521
2,482,17,482,504,499,521,516,538,533
2,482,19,482,506,501,525,520,544,539
2,483,2,483,490,485,492,487,494,489
2,483,3,483,491,486,494,489,497,492
2,483,5,483,493,488,498,493,503,498
2,483,7,483,495,490,502,497,509,504
2,483,11,483,499,494,510,505,521,516
2,483,13,483,501,496,514,509,527,522
2,483,17,483,505,500,522,517,539,534
2,483,19,483,507,502,526,521,545,540
2,484,2,484,491,486,493,488,495,490
2,484,3,484,492,487,495,490,498,493
2,484,5,484,494,489,499,494,504,499
2,484,7,484,496,491,503,498,510,505
2,484,11,484,500,495,511,506,522,517
2,484,13,484,502,497,515,510,528,523
2,484,17,484,506,501,523,518,540,535
2,484,19,484,508,503,527,522,546,541
2,485,2,485,492,487,494,489,496,491
2,485,3,485,493,488,496,491,499,494
2,485,5,485,495,490,500,495,505,500
2,485,7,485,497,492,504,499,511,506
2,485,11,485,501,496,512,507,523,518
2,485,13,485,503,498,516,511,529,524
2,485,17,485,507,502,524,519,541,536
2,485,19,485,509,504,528,523,547,542
2,486,2,486,493,488,495,490,497,492
2,486,3,486,494,489,497,492,500,495
2,486,5,486,496,491,501,496,506,501
2,486,7,486,498,493,505,500,512,507
2,486,11,486,502,497,513,508,524,519
2,486,13,486,504,499,517,512,530,525
2,486,17,486,508,503,525,520,542,537
2,486,19,486,510,505,529,524,548,543
2,487,2,487,494,489,496,491,498,493
2,487,3,487,495,490,498,493,501,496
2,487,5,487,497,492,502,497,507,502
2,487,7,487,499,494,506,501,513,508
2,487,11,487,503,498,514,509,525,520
2,487,13,487,505,500,518,513,531,526
2,487,17,487,509,504,526,521,543,538
2,487,19,487,511,506,530,525,549,544
2,488,2,488,495,490,497,492,499,494
2,488,3,488,496,491,499,494,502,497
2,488,5,488,498,493,503,498,508,503
2,488,7,488,500,495,507,502,514,509
2,488,11,488,504,499,515,510,526,521
2,488,13,488,506,501,519,514,532,527
2,488,17,488,510,505,527,522,544,539
2,488,19,488,512,507,531,526,550,545
2,489,2,489,496,491,498,493,500,495
2,489,3,489,497,492,500,495,503,498
2,489,5,489,499,494,504,499,509,504
2,489,7,489,501,496,508,503,515,510
2,489,11,489,505,500,516,511,527,522
2,489,13,489,507,502,520,515,533,528
2,489,17,489,511,506,528,523,545,540
2,489,19,489,513,508,532,527,551,546
2,490,2,490,497,492,499,494,501,496
2,490,3,490,498,493,501,496,504,499
2,490,5,490,500,495,505,500,510,505
2,490,7,490,502,497,509,504,516,511
2,490,11,490,506,501,517,512,528,523
2,490,13,490,508,503,521,516,534,529
2,490,17,490,512,507,529,524,546,541
2,490,19,490,514,509,533,528,552,547
2,491,2,491,498,493,500,495,502,497
2,491,3,491,499,494,502,497,505,500
2,491,5,491,501,496,506,501,511,506
2,491,7,491,503,498,510,505,517,512
2,491,11,491,507,502,518,513,529,524
2,491,13,491,509,504,522,517,535,530
2,491,17,491,513,508,530,525,547,542
2,491,19,491,515,510,534,529,553,548
2,492,2,492,499,494,501,496,503,498
2,492,3,492,500,495,503,498,506,501
2,492,5,492,502,497,507,502,512,507
2,492,7,492,504,499,511,506,518,513
2,492,11,492,508,503,519,514,530,525
2,492,13,492,510,505,523,518,536,531
2,492,17,492,514,509,531,526,548,543
2,492,19,492,516,511,535,530,554,549
2,493,2,493,500,495,502,497,504,499
2,493,3,493,501,496,504,499,507,502
2,493,5,493,503,498,508,503,513,508
2,493,7,493,505,500,512,507,519,514
2,493,11,493,509,504,520,515,531,526
2,493,13,493,511,506,524,519,537,532
2,493,17,493,515,510,532,527,549,544
2,493,19,493,517,512,536,531,555,550
2,494,2,494,501,496,503,498,505,500
2,494,3,494,502,497,505,500,508,503
2,494,5,494,504,499,509,504,514,509
2,494,7,494,506,501,513,508,520,515
2,494,11,494,510,505,521,516,532,527
2,494,13,494,512,507,525,520,538,533
2,494,17,494,516,511,533,528,550,545
2,494,19,494,518,513,537,532,556,551
2,495,2,495,502,497,504,499,506,501
2,495,3,495,503,498,506,501,509,504
2,495,5,495,505,500,510,505,515,510
2,495,7,495,507,502,514,509,521,516
2,495,11,495,511,506,522,517,533,528
2,495,13,495,513,508,526,521,539,534
2,495,17,495,517,512,534,529,551,546
2,495,19,495,519,514,538,533,557,552
2,496,2,496,503,498,505,500,507,502
2,496,3,496,504,499,507,502,510,505
2,496,5,496,506,501,511,506,516,511
2,496,7,496,508,503,515,510,522,517
2,496,11,496,512,507,523,518,534,529
2,496,13,496,514,509,527,522,540,535
2,496,17,496,518,513,535,530,552,547
2,496,19,496,520,515,539,534,558,553
2,497,2,497,504,499,506,501,508,503
2,497,3,497,505,500,508,503,511,506
2,497,5,497,507,502,512,507,517,512
2,497,7,497,509,504,516,511,523,518
2,497,11,497,513,508,524,519,535,530
2,497,13,497,515,510,528,523,541,536
2,497,17,497,519,514,536,531,553,548
2,497,19,497,521,516,540,535,559,554
2,498,2,498,505,500,507,502,509,504
2,498,3,498,506,501,509,504,512,507
2,498,5,498,508,503,513,508,518,513
2,498,7,498,510,505,517,512,524,519
2,498,11,498,514,509,525,520,536,531
2,498,13,498,516,511,529,524,542,537
2,498,17,498,520,515,537,532,554,549
2,498,19,498,522,517,541,536,560,555
2,499,2,499,506,501,508,503,510,505
2,499,3,499,507,502,510,505,513,508
2,499,5,499,509,504,514,509,519,514
2,499,7,499,511,506,518,513,525,520
2,499,11,499,515,510,526,521,537,532
2,499,13,499,517,512,530,525,543,538
2,499,17,499,521,516,538,533,555,550
2,499,19,499,523,518,542,537,561,556
2,500,2,500,507,502,509,504,511,506
2,500,3,500,508,503,511,506,514,509
2,500,5,500,510,505,515,510,520,515
2,500,7,500,512,507,519,514,526,521
2,500,11,500,516,511,527,522,538,533
2,500,13,500,518,513,531,526,544,539
2,500,17,500,522,517,539,534,556,551
2,500,19,500,524,519,543,538,562,557
3,601,2,601,608,603,610,605,612,607
3,601,3,601,609,604,612,607,615,610
3,601,5,601,611,606,616,611,621,616
3,601,7,601,613,608,620,615,627,622
3,601,11,601,617,612,628,623,639,634
3,601,13,601,619,614,632,627,645,640
3,601,17,601,623,618,640,635,657,652
3,601,19,601,625,620,644,639,663,658
3,602,2,602,609,604,611,606,613,608
3,602,3,602,610,605,613,608,616,611
3,602,5,602,612,607,617,612,622,617
3,602,7,602,614,609,621,616,628,623
3,602,11,602,618,613,629,624,640,635
3,602,13,602,620,615,633,628,646,641
3,602,17,602,624,619,641,636,658,653
3,602,19,602,626,621,645,640,664,659
3,603,2,603,610,605,612,607,614,609
3,603,3,603,611,606,614,609,617,612
3,603,5,603,613,608,618,613,623,618
3,603,7,603,615,610,622,617,629,624
3,603,11,603,619,614,630,625,641,636
3,603,13,603,621,616,634,629,647,642
3,603,17,603,625,620,642,637,659,654
3,603,19,603,627,622,646,641,665,660
3,604,2,604,611,606,613,608,615,610
3,604,3,604,612,607,615,610,618,613
3,604,5,604,614,609,619,614,624,619
3,604,7,604,616,611,623,618,630,625
3,604,11,604,620,615,631,626,642,637
3,604,13,604,622,617,635,630,648,643
3,604,17,604,626,621,643,638,660,655
3,604,19,604,628,623,647,642,666,661
3,605,2,605,612,607,614,609,616,611
3,605,3,605,613,608,616,611,619,614
3,605,5,605,615,610,620,615,625,620
3,605,7,605,617,612,624,619,631,626
3,605,11,605,621,616,632,627,643,638
3,605,13,605,623,618,636,631,649,644
3,605,17,605,627,622,644,639,661,656
3,605,19,605,629,624,648,643,667,662
3,606,2,606,613,608,615,610,617,612
3,606,3,606,614,609,617,612,620,615
3,606,5,606,616,611,621,616,626,621
3,606,7,606,618,613,625,620,632,627
3,606,11,606,622,617,633,628,644,639
3,606,13,606,624,619,637,632,650,645
3,606,17,606,628,623,645,640,662,657
3,606,19,606,630,625,649,644,668,663
3,607,2,607,614,609,616,611,618,613
3,607,3,607,615,610,618,613,621,616
3,607,5,607,617,612,622,617,627,622
3,607,7,607,619,614,626,621,633,628
3,607,11,607,623,618,634,629,645,640
3,607,13,607,625,620,638,633,651,646
3,607,17,607,629,624,646,641,663,658
3,607,19,607,631,626,650,645,669,664
3,608,2,608,615,610,617,612,619,614
3,608,3,608,616,611,619,614,622,617
3,608,5,608,618,613,623,618,628,623
3,608,7,608,620,615,627,622,634,629
3,608,11,608,624,619,635,630,646,641
3,608,13,608,626,621,639,634,652,647
3,608,17,608,630,625,647,642,664,659
3,608,19,608,632,627,651,646,670,665
3,609,2,609,616,611,618,613,620,615
3,609,3,609,617,612,620,615,623,618
3,609,5,609,619,614,624,619,629,624
3,609,7,609,621,616,628,623,635,630
3,609,11,609,625,620,636,631,647,642
3,609,13,609,627,622,640,635,653,648
3,609,17,609,631,626,648,643,665,660
3,609,19,609,633,628,652,647,671,666
3,610,2,610,617,612,619,614,621,616
3,610,3,610,618,613,621,616,624,619
3,610,5,610,620,615,625,620,630,625
3,610,7,610,622,617,629,624,636,631
3,610,11,610,626,621,637,632,648,643
3,610,13,610,628,623,641,636,654,649
3,610,17,610,632,627,649,644,666,661
3,610,19,610,634,629,653,648,672,667
3,611,2,611,618,613,620,615,622,617
3,611,3,611,619,614,622,617,625,620
3,611,5,611,621,616,626,621,631,626
3,611,7,611,623,618,630,625,637,632
3,611,11,611,627,622,638,633,649,644
3,611,13,611,629,624,642,637,655,650
3,611,17,611,633,628,650,645,667,662
3,611,19,611,635,630,654,649,673,668
3,612,2,612,619,614,621,616,623,618
3,612,3,612,620,615,623,618,626,621
3,612,5,612,622,617,627,622,632,627
3,612,7,612,624,619,631,626,638,633
3,612,11,612,628,623,639,634,650,645
3,612,13,612,630,625,643,638,656,651
3,612,17,612,634,629,651,646,668,663
3,612,19,612,636,631,655,650,674,669
3,613,2,613,620,615,622,617,624,619
3,613,3,613,621,616,624,619,627,622
3,613,5,613,623,618,628,623,633,628
3,613,7,613,625,620,632,627,639,634
3,613,11,613,629,624,640,635,651,646
3,613,13,613,631,626,644,639,657,652
3,613,17,613,635,630,652,647,669,664
3,613,19,613,637,632,656,651,675,670
3,614,2,614,621,616,623,618,625,620
3,614,3,614,622,617,625,620,628,623
3,614,5,614,624,619,629,624,634,629
3,614,7,614,626,621,633,628,640,635
3,614,11,614,630,625,641,636,652,647
3,614,13,614,632,627,645,640,658,653
3,614,17,614,636,631,653,648,670,665
3,614,19,614,638,633,657,652,676,671
3,615,2,615,622,617,624,619,626,621
3,615,3,615,623,618,626,621,629,624
3,615,5,615,625,620,630,625,635,630
3,615,7,615,627,622,634,629,641,636
3,615,11,615,631,626,642,637,653,648
3,615,13,615,633,628,646,641,659,654
3,615,17,615,637,632,654,649,671,666
3,615,19,615,639,634,658,653,677,672
3,616,2,616,623,618,625,620,627,622
3,616,3,616,624,619,627,622,630,625
3,616,5,616,626,621,631,626,636,631
3,616,7,616,628,623,635,630,642,637
3,616,11,616,632,627,643,638,654,649
3,616,13,616,634,629,647,642,660,655
3,616,17,616,638,633,655,650,672,667
3,616,19,616,640,635,659,654,678,673
3,617,2,617,624,619,626,621,628,623
3,617,3,617,625,620,628,623,631,626
3,617,5,617,627,622,632,627,637,632
3,617,7,617,629,624,636,631,643,638
3,617,11,617,633,628,644,639,655,650
3,617,13,617,635,630,648,643,661,656
3,617,17,617,639,634,656,651,673,668
3,617,19,617,641,636,660,655,679,674
3,618,2,618,625,620,627,622,629,624
3,618,3,618,626,621,629,624,632,627
3,618,5,618,628,623,633,628,638,633
3,618,7,618,630,625,637,632,644,639
3,618,11,618,634,629,645,640,656,651
3,618,13,618,636,631,649,644,662,657
3,618,17,618,640,635,657,652,674,669
3,618,19,618,642,637,661,656,680,675
3,619,2,619,626,621,628,623,630,625
3,619,3,619,627,622,630,625,633,628
3,619,5,619,629,624,634,629,639,634
3,619,7,619,631,626,638,633,645,640
3,619,11,619,635,630,646,641,657,652
3,619,13,619,637,632,650,645,663,658
3,619,17,619,641,636,658,653,675,670
3,619,19,619,643,638,662,657,681,676
3,620,2,620,627,622,629,624,631,626
3,620,3,620,628,623,631,626,634,629
3,620,5,620,630,625,635,630,640,635
3,620,7,620,632,627,639,634,646,641
3,620,11,620,636,631,647,642,658,653
3,620,13,620,638,633,651,646,664,659
3,620,17,620,642,637,659,654,676,671
3,620,19,620,644,639,663,658,682,677
3,621,2,621,628,623,630,625,632,627
3,621,3,621,629,624,632,627,635,630
3,621,5,621,631,626,636,631,641,636
3,621,7,621,633,628,640,635,647,642
3,621,11,621,637,632,648,643,659,654
3,621,13,621,639,634,652,647,665,660
3,621,17,621,643,638,660,655,677,672
3,621,19,621,645,640,664,659,683,678
3,622,2,622,629,624,631,626,633,628
3,622,3,622,630,625,633,628,636,631
3,622,5,622,632,627,637,632,642,637
3,622,7,622,634,629,641,636,648,643
3,622,11,622,638,633,649,644,660,655
3,622,13,622,640,635,653,648,666,661
3,622,17,622,644,639,661,656,678,673
3,622,19,622,646,641,665,660,684,679
3,623,2,623,630,625,632,627,634,629
3,623,3,623,631,626,634,629,637,632
3,623,5,623,633,628,638,633,643,638
3,623,7,623,635,630,642,637,649,644
3,623,11,623,639,634,650,645,661,656
3,623,13,623,641,636,654,649,667,662
3,623,17,623,645,640,662,657,679,674
3,623,19,623,647,642,666,661,685,680
3,624,2,624,631,626,633,628,635,630
3,624,3,624,632,627,635,630,638,633
3,624,5,624,634,629,639,634,644,639
3,624,7,624,636,631,643,638,650,645
3,624,11,624,640,635,651,646,662,657
3,624,13,624,642,637,655,650,668,663
3,624,17,624,646,641,663,658,680,675
3,624,19,624,648,643,667,662,686,681
3,625,2,625,632,627,634,629,636,631
3,625,3,625,633,628,636,631,639,634
3,625,5,625,635,630,640,635,645,640
3,625,7,625,637,632,644,639,651,646
3,625,11,625,641,636,652,647,663,658
3,625,13,625,643,638,656,651,669,664
3,625,17,625,647,642,664,659,681,676
3,625,19,625,649,644,668,663,687,682
3,626,2,626,633,628,635,630,637,632
3,626,3,626,634,629,637,632,640,635
3,626,5,626,636,631,641,636,646,641
3,626,7,626,638,633,645,640,652,647
3,626,11,626,642,637,653,648,664,659
3,626,13,626,644,639,657,652,670,665
3,626,17,626,648,643,665,660,682,677
3,626,19,626,650,645,669,664,688,683
3,627,2,627,634,629,636,631,638,633
3,627,3,627,635,630,638,633,641,636
3,627,5,627,637,632,642,637,647,642
3,627,7,627,639,634,646,641,653,648
3,627,11,627,643,638,654,649,665,660
3,627,13,627,645,640,658,653,671,666
3,627,17,627,649,644,666,661,683,678
3,627,19,627,651,646,670,665,689,684
3,628,2,628,635,630,637,632,639,634
3,628,3,628,636,631,639,634,642,637
3,628,5,628,638,633,643,638,648,643
3,628,7,628,640,635,647,642,654,649
3,628,11,628,644,639,655,650,666,661
3,628,13,628,646,641,659,654,672,667
3,628,17,628,650,645,667,662,684,679
3,628,19,628,652,647,671,666,690,685
3,629,2,629,636,631,638,633,640,635
3,629,3,629,637,632,640,635,643,638
3,629,5,629,639,634,644,639,649,644
3,629,7,629,641,636,648,643,655,650
3,629,11,629,645,640,656,651,667,662
3,629,13,629,647,642,660,655,673,668
3,629,17,629,651,646,668,663,685,680
3,629,19,629,653,648,672,667,691,686
3,630,2,630,637,632,639,634,641,636
3,630,3,630,638,633,641,636,644,639
3,630,5,630,640,635,645,640,650,645
3,630,7,630,642,637,649,644,656,651
3,630,11,630,646,641,657,652,668,663
3,630,13,630,648,643,661,656,674,669
3,630,17,630,652,647,669,664,686,681
3,630,19,630,654,649,673,668,692,687
3,631,2,631,638,633,640,635,642,637
3,631,3,631,639,634,642,637,645,640
3,631,5,631,641,636,646,641,651,646
3,631,7,631,643,638,650,645,657,652
3,631,11,631,647,642,658,653,669,664
3,631,13,631,649,644,662,657,675,670
3,631,17,631,653,648,670,665,687,682
3,631,19,631,655,650,674,669,693,688
3,632,2,632,639,634,641,636,643,638
3,632,3,632,640,635,643,638,646,641
3,632,5,632,642,637,647,642,652,647
3,632,7,632,644,639,651,646,658,653
3,632,11,632,648,643,659,654,670,665
3,632,13,632,650,645,663,658,676,671
3,632,17,632,654,649,671,666,688,683
3,632,19,632,656,651,675,670,694,689
3,633,2,633,640,635,642,637,644,639
3,633,3,633,641,636,644,639,647,642
3,633,5,633,643,638,648,643,653,648
3,633,7,633,645,640,652,647,659,654
3,633,11,633,649,644,660,655,671,666
3,633,13,633,651,646,664,659,677,672
3,633,17,633,655,650,672,667,689,684
3,633,19,633,657,652,676,671,695,690
3,634,2,634,641,636,643,638,645,640
3,634,3,634,642,637,645,640,648,643
3,634,5,634,644,639,649,644,654,649
3,634,7,634,646,641,653,648,660,655
3,634,11,634,650,645,661,656,672,667
3,634,13,634,652,647,665,660,678,673
3,634,17,634,656,651,673,668,690,685
3,634,19,634,658,653,677,672,696,691
3,635,2,635,642,637,644,639,646,641
3,635,3,635,643,638,646,641,649,644
3,635,5,635,645,640,650,645,655,650
3,635,7,635,647,642,654,649,661,656
3,635,11,635,651,646,662,657,673,668
3,635,13,635,653,648,666,661,679,674
3,635,17,635,657,652,674,669,691,686
3,635,19,635,659,654,678,673,697,692
3,636,2,636,643,638,645,640,647,642
3,636,3,636,644,639,647,642,650,645
3,636,5,636,646,641,651,646,656,651
3,636,7,636,648,643,655,650,662,657
3,636,11,636,652,647,663,658,674,669
3,636,13,636,654,649,667,662,680,675
3,636,17,636,658,653,675,670,692,687
3,636,19,636,660,655,679,674,698,693
3,637,2,637,644,639,646,641,648,643
3,637,3,637,645,640,648,643,651,646
3,637,5,637,647,642,652,647,657,652
3,637,7,637,649,644,656,651,663,658
3,637,11,637,653,648,664,659,675,670
3,637,13,637,655,650,668,663,681,676
3,637,17,637,659,654,676,671,693,688
3,637,19,637,661,656,680,675,699,694
3,638,2,638,645,640,647,642,649,644
3,638,3,638,646,641,649,644,652,647
3,638,5,638,648,643,653,648,658,653
3,638,7,638,650,645,657,652,664,659
3,638,11,638,654,649,665,660,676,671
3,638,13,638,656,651,669,664,682,677
3,638,17,638,660,655,677,672,694,689
3,638,19,638,662,657,681,676,700,695
3,639,2,639,646,641,648,643,650,645
3,639,3,639,647,642,650,645,653,648
3,639,5,639,649,644,654,649,659,654
3,639,7,639,651,646,658,653,665,660
3,639,11,639,655,650,666,661,677,672
3,639,13,639,657,652,670,665,683,678
3,639,17,639,661,656,678,673,695,690
3,639,19,639,663,658,682,677,701,696
3,640,2,640,647,642,649,644,651,646
3,640,3,640,648,643,651,646,654,649
3,640,5,640,650,645,655,650,660,655
3,640,7,640,652,647,659,654,666,661
3,640,11,640,656,651,667,662,678,673
3,640,13,640,658,653,671,666,684,679
3,640,17,640,662,657,679,674,696,691
3,640,19,640,664,659,683,678,702,697
3,641,2,641,648,643,650,645,652,647
3,641,3,641,649,644,652,647,655,650
3,641,5,641,651,646,656,651,661,656
3,641,7,641,653,648,660,655,667,662
3,641,11,641,657,652,668,663,679,674
3,641,13,641,659,654,672,667,685,680
3,641,17,641,663,658,680,675,697,692
3,641,19,641,665,660,684,679,703,698
3,642,2,642,649,644,651,646,653,648
3,642,3,642,650,645,653,648,656,651
3,642,5,642,652,647,657,652,662,657
3,642,7,642,654,649,661,656,668,663
3,642,11,642,658,653,669,664,680,675
3,642,13,642,660,655,673,668,686,681
3,642,17,642,664,659,681,676,698,693
3,642,19,642,666,661,685,680,704,699
3,643,2,643,650,645,652,647,654,649
3,643,3,643,651,646,654,649,657,652
3,643,5,643,653,648,658,653,663,658
3,643,7,643,655,650,662,657,669,664
3,643,11,643,659,654,670,665,681,676
3,643,13,643,661,656,674,669,687,682
3,643,17,643,665,660,682,677,699,694
3,643,19,643,667,662,686,681,705,700
3,644,2,644,651,646,653,648,655,650
3,644,3,644,652,647,655,650,658,653
3,644,5,644,654,649,659,654,664,659
3,644,7,644,656,651,663,658,670,665
3,644,11,644,660,655,671,666,682,677
3,644,13,644,662,657,675,670,688,683
3,644,17,644,666,661,683,678,700,695
3,644,19,644,668,663,687,682,706,701
3,645,2,645,652,647,654,649,656,651
3,645,3,645,653,648,656,651,659,654
3,645,5,645,655,650,660,655,665,660
3,645,7,645,657,652,664,659,671,666
3,645,11,645,661,656,672,667,683,678
3,645,13,645,663,658,676,671,689,684
3,645,17,645,667,662,684,679,701,696
3,645,19,645,669,664,688,683,707,702
3,646,2,646,653,648,655,650,657,652
3,646,3,646,654,649,657,652,660,655
3,646,5,646,656,651,661,656,666,661
3,646,7,646,658,653,665,660,672,667
3,646,11,646,662,657,673,668,684,679
3,646,13,646,664,659,677,672,690,685
3,646,17,646,668,663,685,680,702,697
3,646,19,646,670,665,689,684,708,703
3,647,2,647,654,649,656,651,658,653
3,647,3,647,655,650,658,653,661,656
3,647,5,647,657,652,662,657,667,662
3,647,7,647,659,654,666,661,673,668
3,647,11,647,663,658,674,669,685,680
3,647,13,647,665,660,678,673,691,686
3,647,17,647,669,664,686,681,703,698
3,647,19,647,671,666,690,685,709,704
3,648,2,648,655,650,657,652,659,654
3,648,3,648,656,651,659,654,662,657
3,648,5,648,658,653,663,658,668,663
3,648,7,648,660,655,667,662,674,669
3,648,11,648,664,659,675,670,686,681
3,648,13,648,666,661,679,674,692,687
3,648,17,648,670,665,687,682,704,699
3,648,19,648,672,667,691,686,710,705
3,649,2,649,656,651,658,653,660,655
3,649,3,649,657,652,660,655,663,658
3,649,5,649,659,654,664,659,669,664
3,649,7,649,661,656,668,663,675,670
3,649,11,649,665,660,676,671,687,682
3,649,13,649,667,662,680,675,693,688
3,649,17,649,671,666,688,683,705,700
3,649,19,649,673,668,692,687,711,706
3,650,2,650,657,652,659,654,661,656
3,650,3,650,658,653,661,656,664,659
3,650,5,650,660,655,665,660,670,665
3,650,7,650,662,657,669,664,676,671
3,650,11,650,666,661,677,672,688,683
3,650,13,650,668,663,681,676,694,689
3,650,17,650,672,667,689,684,706,701
3,650,19,650,674,669,693,688,712,707
3,651,2,651,658,653,660,655,662,657
3,651,3,651,659,654,662,657,665,660
3,651,5,651,661,656,666,661,671,666
3,651,7,651,663,658,670,665,677,672
3,651,11,651,667,662,678,673,689,684
3,651,13,651,669,664,682,677,695,690
3,651,17,651,673,668,690,685,707,702
3,651,19,651,675,670,694,689,713,708
3,652,2,652,659,654,661,656,663,658
3,652,3,652,660,655,663,658,666,661
3,652,5,652,662,657,667,662,672,667
3,652,7,652,664,659,671,666,678,673
3,652,11,652,668,663,679,674,690,685
3,652,13,652,670,665,683,678,696,691
3,652,17,652,674,669,691,686,708,703
3,652,19,652,676,671,695,690,714,709
3,653,2,653,660,655,662,657,664,659
3,653,3,653,661,656,664,659,667,662
3,653,5,653,663,658,668,663,673,668
3,653,7,653,665,660,672,667,679,674
3,653,11,653,669,664,680,675,691,686
3,653,13,653,671,666,684,679,697,692
3,653,17,653,675,670,692,687,709,704
3,653,19,653,677,672,696,691,715,710
3,654,2,654,661,656,663,658,665,660
3,654,3,654,662,657,665,660,668,663
3,654,5,654,664,659,669,664,674,669
3,654,7,654,666,661,673,668,680,675
3,654,11,654,670,665,681,676,692,687
3,654,13,654,672,667,685,680,698,693
3,654,17,654,676,671,693,688,710,705
3,654,19,654,678,673,697,692,716,711
3,655,2,655,662,657,664,659,666,661
3,655,3,655,663,658,666,661,669,664
3,655,5,655,665,660,670,665,675,670
3,655,7,655,667,662,674,669,681,676
3,655,11,655,671,666,682,677,693,688
3,655,13,655,673,668,686,681,699,694
3,655,17,655,677,672,694,689,711,706
3,655,19,655,679,674,698,693,717,712
3,656,2,656,663,658,665,660,667,662
3,656,3,656,664,659,667,662,670,665
3,656,5,656,666,661,671,666,676,671
3,656,7,656,668,663,675,670,682,677
3,656,11,656,672,667,683,678,694,689
3,656,13,656,674,669,687,682,700,695
3,656,17,656,678,673,695,690,712,707
3,656,19,656,680,675,699,694,718,713
3,657,2,657,664,659,666,661,668,663
3,657,3,657,665,660,668,663,671,666
3,657,5,657,667,662,672,667,677,672
3,657,7,657,669,664,676,671,683,678
3,657,11,657,673,668,684,679,695,690
3,657,13,657,675,670,688,683,701,696
3,657,17,657,679,674,696,691,713,708
3,657,19,657,681,676,700,695,719,714
3,658,2,658,665,660,667,662,669,664
3,658,3,658,666,661,669,664,672,667
3,658,5,658,668,663,673,668,678,673
3,658,7,658,670,665,677,672,684,679
3,658,11,658,674,669,685,680,696,691
3,658,13,658,676,671,689,684,702,697
3,658,17,658,680,675,697,692,714,709
3,658,19,658,682,677,701,696,720,715
3,659,2,659,666,661,668,663,670,665
3,659,3,659,667,662,670,665,673,668
3,659,5,659,669,664,674,669,679,674
3,659,7,659,671,666,678,673,685,680
3,659,11,659,675,670,686,681,697,692
3,659,13,659,677,672,690,685,703,698
3,659,17,659,681,676,698,693,715,710
3,659,19,659,683,678,702,697,721,716
3,660,2,660,667,662,669,664,671,666
3,660,3,660,668,663,671,666,674,669
3,660,5,660,670,665,675,670,680,675
3,660,7,660,672,667,679,674,686,681
3,660,11,660,676,671,687,682,698,693
3,660,13,660,678,673,691,686,704,699
3,660,17,660,682,677,699,694,716,711
3,660,19,660,684,679,703,698,722,717
3,661,2,661,668,663,670,665,672,667
3,661,3,661,669,664,672,667,675,670
3,661,5,661,671,666,676,671,681,676
3,661,7,661,673,668,680,675,687,682
3,661,11,661,677,672,688,683,699,694
3,661,13,661,679,674,692,687,705,700
3,661,17,661,683,678,700,695,717,712
3,661,19,661,685,680,704,699,723,718
3,662,2,662,669,664,671,666,673,668
3,662,3,662,670,665,673,668,676,671
3,662,5,662,672,667,677,672,682,677
3,662,7,662,674,669,681,676,688,683
3,662,11,662,678,673,689,684,700,695
3,662,13,662,680,675,693,688,706,701
3,662,17,662,684,679,701,696,718,713
3,662,19,662,686,681,705,700,724,719
3,663,2,663,670,665,672,667,674,669
3,663,3,663,671,666,674,669,677,672
3,663,5,663,673,668,678,673,683,678
3,663,7,663,675,670,682,677,689,684
3,663,11,663,679,674,690,685,701,696
3,663,13,663,681,676,694,689,707,702
3,663,17,663,685,680,702,697,719,714
3,663,19,663,687,682,706,701,725,720
3,664,2,664,671,666,673,668,675,670
3,664,3,664,672,667,675,670,678,673
3,664,5,664,674,669,679,674,684,679
3,664,7,664,676,671,683,678,690,685
3,664,11,664,680,675,691,686,702,697
3,664,13,664,682,677,695,690,708,703
3,664,17,664,686,681,703,698,720,715
3,664,19,664,688,683,707,702,726,721
3,665,2,665,672,667,674,669,676,671
3,665,3,665,673,668,676,671,679,674
3,665,5,665,675,670,680,675,685,680
3,665,7,665,677,672,684,679,691,686
3,665,11,665,681,676,692,687,703,698
3,665,13,665,683,678,696,691,709,704
3,665,17,665,687,682,704,699,721,716
3,665,19,665,689,684,708,703,727,722
3,666,2,666,673,668,675,670,677,672
3,666,3,666,674,669,677,672,680,675
3,666,5,666,676,671,681,676,686,681
3,666,7,666,678,673,685,680,692,687
3,666,11,666,682,677,693,688,704,699
3,666,13,666,684,679,697,692,710,705
3,666,17,666,688,683,705,700,722,717
3,666,19,666,690,685,709,704,728,723
3,667,2,667,674,669,676,671,678,673
3,667,3,667,675,670,678,673,681,676
3,667,5,667,677,672,682,677,687,682
3,667,7,667,679,674,686,681,693,688
3,667,11,667,683,678,694,689,705,700
3,667,13,667,685,680,698,693,711,706
3,667,17,667,689,684,706,701,723,718
3,667,19,667,691,686,710,705,729,724
3,668,2,668,675,670,677,672,679,674
3,668,3,668,676,671,679,674,682,677
3,668,5,668,678,673,683,678,688,683
3,668,7,668,680,675,687,682,694,689
3,668,11,668,684,679,695,690,706,701
3,668,13,668,686,681,699,694,712,707
3,668,17,668,690,685,707,702,724,719
3,668,19,668,692,687,711,706,730,725
3,669,2,669,676,671,678,673,680,675
3,669,3,669,677,672,680,675,683,678
3,669,5,669,679,674,684,679,689,684
3,669,7,669,681,676,688,683,695,690
3,669,11,669,685,680,696,691,707,702
3,669,13,669,687,682,700,695,713,708
3,669,17,669,691,686,708,703,725,720
3,669,19,669,693,688,712,707,731,726
3,670,2,670,677,672,679,674,681,676
3,670,3,670,678,673,681,676,684,679
3,670,5,670,680,675,685,680,690,685
3,670,7,670,682,677,689,684,696,691
3,670,11,670,686,681,697,692,708,703
3,670,13,670,688,683,701,696,714,709
3,670,17,670,692,687,709,704,726,721
3,670,19,670,694,689,713,708,732,727
3,671,2,671,678,673,680,675,682,677
3,671,3,671,679,674,682,677,685,680
3,671,5,671,681,676,686,681,691,686
3,671,7,671,683,678,690,685,697,692
3,671,11,671,687,682,698,693,709,704
3,671,13,671,689,684,702,697,715,710
3,671,17,671,693,688,710,705,727,722
3,671,19,671,695,690,714,709,733,728
3,672,2,672,679,674,681,676,683,678
3,672,3,672,680,675,683,678,686,681
3,672,5,672,682,677,687,682,692,687
3,672,7,672,684,679,691,686,698,693
3,672,11,672,688,683,699,694,710,705
3,672,13,672,690,685,703,698,716,711
3,672,17,672,694,689,711,706,728,723
3,672,19,672,696,691,715,710,734,729
3,673,2,673,680,675,682,677,684,679
3,673,3,673,681,676,684,679,687,682
3,673,5,673,683,678,688,683,693,688
3,673,7,673,685,680,692,687,699,694
3,673,11,673,689,684,700,695,711,706
3,673,13,673,691,686,704,699,717,712
3,673,17,673,695,690,712,707,729,724
3,673,19,673,697,692,716,711,735,730
3,674,2,674,681,676,683,678,685,680
3,674,3,674,682,677,685,680,688,683
3,674,5,674,684,679,689,684,694,689
3,674,7,674,686,681,693,688,700,695
3,674,11,674,690,685,701,696,712,707
3,674,13,674,692,687,705,700,718,713
3,674,17,674,696,691,713,708,730,725
3,674,19,674,698,693,717,712,736,731
3,675,2,675,682,677,684,679,686,681
3,675,3,675,683,678,686,681,689,684
3,675,5,675,685,680,690,685,695,690
3,675,7,675,687,682,694,689,701,696
3,675,11,675,691,686,702,697,713,708
3,675,13,675,693,688,706,701,719,714
3,675,17,675,697,692,714,709,731,726
3,675,19,675,699,694,718,713,737,732
3,676,2,676,683,678,685,680,687,682
3,676,3,676,684,679,687,682,690,685
3,676,5,676,686,681,691,686,696,691
3,676,7,676,688,683,695,690,702,697
3,676,11,676,692,687,703,698,714,709
3,676,13,676,694,689,707,702,720,715
3,676,17,676,698,693,715,710,732,727
3,676,19,676,700,695,719,714,738,733
3,677,2,677,684,679,686,681,688,683
3,677,3,677,685,680,688,683,691,686
3,677,5,677,687,682,692,687,697,692
3,677,7,677,689,684,696,691,703,698
3,677,11,677,693,688,704,699,715,710
3,677,13,677,695,690,708,703,721,716
3,677,17,677,699,694,716,711,733,728
3,677,19,677,701,696,720,715,739,734
3,678,2,678,685,680,687,682,689,684
3,678,3,678,686,681,689,684,692,687
3,678,5,678,688,683,693,688,698,693
3,678,7,678,690,685,697,692,704,699
3,678,11,678,694,689,705,700,716,711
3,678,13,678,696,691,709,704,722,717
3,678,17,678,700,695,717,712,734,729
3,678,19,678,702,697,721,716,740,735
3,679,2,679,686,681,688,683,690,685
3,679,3,679,687,682,690,685,693,688
3,679,5,679,689,684,694,689,699,694
3,679,7,679,691,686,698,693,705,700
3,679,11,679,695,690,706,701,717,712
3,679,13,679,697,692,710,705,723,718
3,679,17,679,701,696,718,713,735,730
3,679,19,679,703,698,722,717,741,736
3,680,2,680,687,682,689,684,691,686
3,680,3,680,688,683,691,686,694,689
3,680,5,680,690,685,695,690,700,695
3,680,7,680,692,687,699,694,706,701
3,680,11,680,696,691,707,702,718,713
3,680,13,680,698,693,711,706,724,719
3,680,17,680,702,697,719,714,736,731
3,680,19,680,704,699,723,718,742,737
3,681,2,681,688,683,690,685,692,687
3,681,3,681,689,684,692,687,695,690
3,681,5,681,691,686,696,691,701,696
3,681,7,681,693,688,700,695,707,702
3,681,11,681,697,692,708,703,719,714
3,681,13,681,699,694,712,707,725,720
3,681,17,681,703,698,720,715,737,732
3,681,19,681,705,700,724,719,743,738
3,682,2,682,689,684,691,686,693,688
3,682,3,682,690,685,693,688,696,691
3,682,5,682,692,687,697,692,702,697
3,682,7,682,694,689,701,696,708,703
3,682,11,682,698,693,709,704,720,715
3,682,13,682,700,695,713,708,726,721
3,682,17,682,704,699,721,716,738,733
3,682,19,682,706,701,725,720,744,739
3,683,2,683,690,685,692,687,694,689
3,683,3,683,691,686,694,689,697,692
3,683,5,683,693,688,698,693,703,698
3,683,7,683,695,690,702,697,709,704
3,683,11,683,699,694,710,705,721,716
3,683,13,683,701,696,714,709,727,722
3,683,17,683,705,700,722,717,739,734
3,683,19,683,707,702,726,721,745,740
3,684,2,684,691,686,693,688,695,690
3,684,3,684,692,687,695,690,698,693
3,684,5,684,694,689,699,694,704,699
3,684,7,684,696,691,703,698,710,705
3,684,11,684,700,695,711,706,722,717
3,684,13,684,702,697,715,710,728,723
3,684,17,684,706,701,723,718,740,735
3,684,19,684,708,703,727,722,746,741
3,685,2,685,692,687,694,689,696,691
3,685,3,685,693,688,696,691,699,694
3,685,5,685,695,690,700,695,705,700
3,685,7,685,697,692,704,699,711,706
3,685,11,685,701,696,712,707,723,718
3,685,13,685,703,698,716,711,729,724
3,685,17,685,707,702,724,719,741,736
3,685,19,685,709,704,728,723,747,742
3,686,2,686,693,688,695,690,697,692
3,686,3,686,694,689,697,692,700,695
3,686,5,686,696,691,701,696,706,701
3,686,7,686,698,693,705,700,712,707
3,686,11,686,702,697,713,708,724,719
3,686,13,686,704,699,717,712,730,725
3,686,17,686,708,703,725,720,742,737
3,686,19,686,710,705,729,724,748,743
3,687,2,687,694,689,696,691,698,693
3,687,3,687,695,690,698,693,701,696
3,687,5,687,697,692,702,697,707,702
3,687,7,687,699,694,706,701,713,708
3,687,11,687,703,698,714,709,725,720
3,687,13,687,705,700,718,713,731,726
3,687,17,687,709,704,726,721,743,738
3,687,19,687,711,706,730,725,749,744
3,688,2,688,695,690,697,692,699,694
3,688,3,688,696,691,699,694,702,697
3,688,5,688,698,693,703,698,708,703
3,688,7,688,700,695,707,702,714,709
3,688,11,688,704,699,715,710,726,721
3,688,13,688,706,701,719,714,732,727
3,688,17,688,710,705,727,722,744,739
3,688,19,688,712,707,731,726,750,745
3,689,2,689,696,691,698,693,700,695
3,689,3,689,697,692,700,695,703,698
3,689,5,689,699,694,704,699,709,704
3,689,7,689,701,696,708,703,715,710
3,689,11,689,705,700,716,711,727,722
3,689,13,689,707,702,720,715,733,728
3,689,17,689,711,706,728,723,745,740
3,689,19,689,713,708,732,727,751,746
3,690,2,690,697,692,699,694,701,696
3,690,3,690,698,693,701,696,704,699
3,690,5,690,700,695,705,700,710,705
3,690,7,690,702,697,709,704,716,711
3,690,11,690,706,701,717,712,728,723
3,690,13,690,708,703,721,716,734,729
3,690,17,690,712,707,729,724,746,741
3,690,19,690,714,709,733,728,752,747
3,691,2,691,698,693,700,695,702,697
3,691,3,691,699,694,702,697,705,700
3,691,5,691,701,696,706,701,711,706
3,691,7,691,703,698,710,705,717,712
3,691,11,691,707,702,718,713,729,724
3,691,13,691,709,704,722,717,735,730
3,691,17,691,713,708,730,725,747,742
3,691,19,691,715,710,734,729,753,748
3,692,2,692,699,694,701,696,703,698
3,692,3,692,700,695,703,698,706,701
3,692,5,692,702,697,707,702,712,707
3,692,7,692,704,699,711,706,718,713
3,692,11,692,708,703,719,714,730,725
3,692,13,692,710,705,723,718,736,731
3,692,17,692,714,709,731,726,748,743
3,692,19,692,716,711,735,730,754,749
3,693,2,693,700,695,702,697,704,699
3,693,3,693,701,696,704,699,707,702
3,693,5,693,703,698,708,703,713,708
3,693,7,693,705,700,712,707,719,714
3,693,11,693,709,704,720,715,731,726
3,693,13,693,711,706,724,719,737,732
3,693,17,693,715,710,732,727,749,744
3,693,19,693,717,712,736,731,755,750
3,694,2,694,701,696,703,698,705,700
3,694,3,694,702,697,705,700,708,703
3,694,5,694,704,699,709,704,714,709
3,694,7,694,706,701,713,708,720,715
3,694,11,694,710,705,721,716,732,727
3,694,13,694,712,707,725,720,738,733
3,694,17,694,716,711,733,728,750,745
3,694,19,694,718,713,737,732,756,751
3,695,2,695,702,697,704,699,706,701
3,695,3,695,703,698,706,701,709,704
3,695,5,695,705,700,710,705,715,710
3,695,7,695,707,702,714,709,721,716
3,695,11,695,711,706,722,717,733,728
3,695,13,695,713,708,726,721,739,734
3,695,17,695,717,712,734,729,751,746
3,695,19,695,719,714,738,733,757,752
3,696,2,696,703,698,705,700,707,702
3,696,3,696,704,699,707,702,710,705
3,696,5,696,706,701,711,706,716,711
3,696,7,696,708,703,715,710,722,717
3,696,11,696,712,707,723,718,734,729
3,696,13,696,714,709,727,722,740,735
3,696,17,696,718,713,735,730,752,747
3,696,19,696,720,715,739,734,758,753
3,697,2,697,704,699,706,701,708,703
3,697,3,697,705,700,708,703,711,706
3,697,5,697,707,702,712,707,717,712
3,697,7,697,709,704,716,711,723,718
3,697,11,697,713,708,724,719,735,730
3,697,13,697,715,710,728,723,741,736
3,697,17,697,719,714,736,731,753,748
3,697,19,697,721,716,740,735,759,754
3,698,2,698,705,700,707,702,709,704
3,698,3,698,706,701,709,704,712,707
3,698,5,698,708,703,713,708,718,713
3,698,7,698,710,705,717,712,724,719
3,698,11,698,714,709,725,720,736,731
3,698,13,698,716,711,729,724,742,737
3,698,17,698,720,715,737,732,754,749
3,698,19,698,722,717,741,736,760,755
3,699,2,699,706,701,708,703,710,705
3,699,3,699,707,702,710,705,713,708
3,699,5,699,709,704,714,709,719,714
3,699,7,699,711,706,718,713,725,720
3,699,11,699,715,710,726,721,737,732
3,699,13,699,717,712,730,725,743,738
3,699,17,699,721,716,738,733,755,750
3,699,19,699,723,718,742,737,761,756
3,700,2,700,707,702,709,704,711,706
3,700,3,700,708,703,711,706,714,709
3,700,5,700,710,705,715,710,720,715
3,700,7,700,712,707,719,714,726,721
3,700,11,700,716,711,727,722,738,733
3,700,13,700,718,713,731,726,744,739
3,700,17,700,722,717,739,734,756,751
3,700,19,700,724,719,743,738,762,757
3,701,2,701,708,703,710,705,712,707
3,701,3,701,709,704,712,707,715,710
3,701,5,701,711,706,716,711,721,716
3,701,7,701,713,708,720,715,727,722
3,701,11,701,717,712,728,723,739,734
3,701,13,701,719,714,732,727,745,740
3,701,17,701,723,718,740,735,757,752
3,701,19,701,725,720,744,739,763,758
3,702,2,702,709,704,711,706,713,708
3,702,3,702,710,705,713,708,716,711
3,702,5,702,712,707,717,712,722,717
3,702,7,702,714,709,721,716,728,723
3,702,11,702,718,713,729,724,740,735
3,702,13,702,720,715,733,728,746,741
3,702,17,702,724,719,741,736,758,753
3,702,19,702,726,721,745,740,764,759
3,703,2,703,710,705,712,707,714,709
3,703,3,703,711,706,714,709,717,712
3,703,5,703,713,708,718,713,723,718
3,703,7,703,715,710,722,717,729,724
3,703,11,703,719,714,730,725,741,736
3,703,13,703,721,716,734,729,747,742
3,703,17,703,725,720,742,737,759,754
3,703,19,703,727,722,746,741,765,760
3,704,2,704,711,706,713,708,715,710
3,704,3,704,712,707,715,710,718,713
3,704,5,704,714,709,719,714,724,719
3,704,7,704,716,711,723,718,730,725
3,704,11,704,720,715,731,726,742,737
3,704,13,704,722,717,735,730,748,743
3,704,17,704,726,721,743,738,760,755
3,704,19,704,728,723,747,742,766,761
3,705,2,705,712,707,714,709,716,711
3,705,3,705,713,708,716,711,719,714
3,705,5,705,715,710,720,715,725,720
3,705,7,705,717,712,724,719,731,726
3,705,11,705,721,716,732,727,743,738
3,705,13,705,723,718,736,731,749,744
3,705,17,705,727,722,744,739,761,756
3,705,19,705,729,724,748,743,767,762
3,706,2,706,713,708,715,710,717,712
3,706,3,706,714,709,717,712,720,715
3,706,5,706,716,711,721,716,726,721
3,706,7,706,718,713,725,720,732,727
3,706,11,706,722,717,733,728,744,739
3,706,13,706,724,719,737,732,750,745
3,706,17,706,728,723,745,740,762,757
3,706,19,706,730,725,749,744,768,763
3,707,2,707,714,709,716,711,718,713
3,707,3,707,715,710,718,713,721,716
3,707,5,707,717,712,722,717,727,722
3,707,7,707,719,714,726,721,733,728
3,707,11,707,723,718,734,729,745,740
3,707,13,707,725,720,738,733,751,746
3,707,17,707,729,724,746,741,763,758
3,707,19,707,731,726,750,745,769,764
3,708,2,708,715,710,717,712,719,714
3,708,3,708,716,711,719,714,722,717
3,708,5,708,718,713,723,718,728,723
3,708,7,708,720,715,727,722,734,729
3,708,11,708,724,719,735,730,746,741
3,708,13,708,726,721,739,734,752,747
3,708,17,708,730,725,747,742,764,759
3,708,19,708,732,727,751,746,770,765
3,709,2,709,716,711,718,713,720,715
3,709,3,709,717,712,720,715,723,718
3,709,5,709,719,714,724,719,729,724
3,709,7,709,721,716,728,723,735,730
3,709,11,709,725,720,736,731,747,742
3,709,13,709,727,722,740,735,753,748
3,709,17,709,731,726,748,743,765,760
3,709,19,709,733,728,752,747,771,766
3,710,2,710,717,712,719,714,721,716
3,710,3,710,718,713,721,716,724,719
3,710,5,710,720,715,725,720,730,725
3,710,7,710,722,717,729,724,736,731
3,710,11,710,726,721,737,732,748,743
3,710,13,710,728,723,741,736,754,749
3,710,17,710,732,727,749,744,766,761
3,710,19,710,734,729,753,748,772,767
3,711,2,711,718,713,720,715,722,717
3,711,3,711,719,714,722,717,725,720
3,711,5,711,721,716,726,721,731,726
3,711,7,711,723,718,730,725,737,732
3,711,11,711,727,722,738,733,749,744
3,711,13,711,729,724,742,737,755,750
3,711,17,711,733,728,750,745,767,762
3,711,19,711,735,730,754,749,773,768
3,712,2,712,719,714,721,716,723,718
3,712,3,712,720,715,723,718,726,721
3,712,5,712,722,717,727,722,732,727
3,712,7,712,724,719,731,726,738,733
3,712,11,712,728,723,739,734,750,745
3,712,13,712,730,725,743,738,756,751
3,712,17,712,734,729,751,746,768,763
3,712,19,712,736,731,755,750,774,769
3,713,2,713,720,715,722,717,724,719
3,713,3,713,721,716,724,719,727,722
3,713,5,713,723,718,728,723,733,728
3,713,7,713,725,720,732,727,739,734
3,713,11,713,729,724,740,735,751,746
3,713,13,713,731,726,744,739,757,752
3,713,17,713,735,730,752,747,769,764
3,713,19,713,737,732,756,751,775,770
3,714,2,714,721,716,723,718,725,720
3,714,3,714,722,717,725,720,728,723
3,714,5,714,724,719,729,724,734,729
3,714,7,714,726,721,733,728,740,735
3,714,11,714,730,725,741,736,752,747
3,714,13,714,732,727,745,740,758,753
3,714,17,714,736,731,753,748,770,765
3,714,19,714,738,733,757,752,776,771
3,715,2,715,722,717,724,719,726,721
3,715,3,715,723,718,726,721,729,724
3,715,5,715,725,720,730,725,735,730
3,715,7,715,727,722,734,729,741,736
3,715,11,715,731,726,742,737,753,748
3,715,13,715,733,728,746,741,759,754
3,715,17,715,737,732,754,749,771,766
3,715,19,715,739,734,758,753,777,772
3,716,2,716,723,718,725,720,727,722
3,716,3,716,724,719,727,722,730,725
3,716,5,716,726,721,731,726,736,731
3,716,7,716,728,723,735,730,742,737
3,716,11,716,732,727,743,738,754,749
3,716,13,716,734,729,747,742,760,755
3,716,17,716,738,733,755,750,772,767
3,716,19,716,740,735,759,754,778,773
3,717,2,717,724,719,726,721,728,723
3,717,3,717,725,720,728,723,731,726
3,717,5,717,727,722,732,727,737,732
3,717,7,717,729,724,736,731,743,738
3,717,11,717,733,728,744,739,755,750
3,717,13,717,735,730,748,743,761,756
3,717,17,717,739,734,756,751,773,768
3,717,19,717,741,736,760,755,779,774
3,718,2,718,725,720,727,722,729,724
3,718,3,718,726,721,729,724,732,727
3,718,5,718,728,723,733,728,738,733
3,718,7,718,730,725,737,732,744,739
3,718,11,718,734,729,745,740,756,751
3,718,13,718,736,731,749,744,762,757
3,718,17,718,740,735,757,752,774,769
3,718,19,718,742,737,761,756,780,775
3,719,2,719,726,721,728,723,730,725
3,719,3,719,727,722,730,725,733,728
3,719,5,719,729,724,734,729,739,734
3,719,7,719,731,726,738,733,745,740
3,719,11,719,735,730,746,741,757,752
3,719,13,719,737,732,750,745,763,758
3,719,17,719,741,736,758,753,775,770
3,719,19,719,743,738,762,757,781,776
3,720,2,720,727,722,729,724,731,726
3,720,3,720,728,723,731,726,734,729
3,720,5,720,730,725,735,730,740,735
3,720,7,720,732,727,739,734,746,741
3,720,11,720,736,731,747,742,758,753
3,720,13,720,738,733,751,746,764,759
3,720,17,720,742,737,759,754,776,771
3,720,19,720,744,739,763,758,782,777
3,721,2,721,728,723,730,725,732,727
3,721,3,721,729,724,732,727,735,730
3,721,5,721,731,726,736,731,741,736
3,721,7,721,733,728,740,735,747,742
3,721,11,721,737,732,748,743,759,754
3,721,13,721,739,734,752,747,765,760
3,721,17,721,743,738,760,755,777,772
3,721,19,721,745,740,764,759,783,778
3,722,2,722,729,724,731,726,733,728
3,722,3,722,730,725,733,728,736,731
3,722,5,722,732,727,737,732,742,737
3,722,7,722,734,729,741,736,748,743
3,722,11,722,738,733,749,744,760,755
3,722,13,722,740,735,753,748,766,761
3,722,17,722,744,739,761,756,778,773
3,722,19,722,746,741,765,760,784,779
3,723,2,723,730,725,732,727,734,729
3,723,3,723,731,726,734,729,737,732
3,723,5,723,733,728,738,733,743,738
3,723,7,723,735,730,742,737,749,744
3,723,11,723,739,734,750,745,761,756
3,723,13,723,741,736,754,749,767,762
3,723,17,723,745,740,762,757,779,774
3,723,19,723,747,742,766,761,785,780
3,724,2,724,731,726,733,728,735,730
3,724,3,724,732,727,735,730,738,733
3,724,5,724,734,729,739,734,744,739
3,724,7,724,736,731,743,738,750,745
3,724,11,724,740,735,751,746,762,757
3,724,13,724,742,737,755,750,768,763
3,724,17,724,746,741,763,758,780,775
3,724,19,724,748,743,767,762,786,781
3,725,2,725,732,727,734,729,736,731
3,725,3,725,733,728,736,731,739,734
3,725,5,725,735,730,740,735,745,740
3,725,7,725,737,732,744,739,751,746
3,725,11,725,741,736,752,747,763,758
3,725,13,725,743,738,756,751,769,764
3,725,17,725,747,742,764,759,781,776
3,725,19,725,749,744,768,763,787,782
3,726,2,726,733,728,735,730,737,732
3,726,3,726,734,729,737,732,740,735
3,726,5,726,736,731,741,736,746,741
3,726,7,726,738,733,745,740,752,747
3,726,11,726,742,737,753,748,764,759
3,726,13,726,744,739,757,752,770,765
3,726,17,726,748,743,765,760,782,777
3,726,19,726,750,745,769,764,788,783
3,727,2,727,734,729,736,731,738,733
3,727,3,727,735,730,738,733,741,736
3,727,5,727,737,732,742,737,747,742
3,727,7,727,739,734,746,741,753,748
3,727,11,727,743,738,754,749,765,760
3,727,13,727,745,740,758,753,771,766
3,727,17,727,749,744,766,761,783,778
3,727,19,727,751,746,770,765,789,784
3,728,2,728,735,730,737,732,739,734
3,728,3,728,736,731,739,734,742,737
3,728,5,728,738,733,743,738,748,743
3,728,7,728,740,735,747,742,754,749
3,728,11,728,744,739,755,750,766,761
3,728,13,728,746,741,759,754,772,767
3,728,17,728,750,745,767,762,784,779
3,728,19,728,752,747,771,766,790,785
3,729,2,729,736,731,738,733,740,735
3,729,3,729,737,732,740,735,743,738
3,729,5,729,739,734,744,739,749,744
3,729,7,729,741,736,748,743,755,750
3,729,11,729,745,740,756,751,767,762
3,729,13,729,747,742,760,755,773,768
3,729,17,729,751,746,768,763,785,780
3,729,19,729,753,748,772,767,791,786
3,730,2,730,737,732,739,734,741,736
3,730,3,730,738,733,741,736,744,739
3,730,5,730,740,735,745,740,750,745
3,730,7,730,742,737,749,744,756,751
3,730,11,730,746,741,757,752,768,763
3,730,13,730,748,743,761,756,774,769
3,730,17,730,752,747,769,764,786,781
3,730,19,730,754,749,773,768,792,787
3,731,2,731,738,733,740,735,742,737
3,731,3,731,739,734,742,737,745,740
3,731,5,731,741,736,746,741,751,746
3,731,7,731,743,738,750,745,757,752
3,731,11,731,747,742,758,753,769,764
3,731,13,731,749,744,762,757,775,770
3,731,17,731,753,748,770,765,787,782
3,731,19,731,755,750,774,769,793,788
3,732,2,732,739,734,741,736,743,738
3,732,3,732,740,735,743,738,746,741
3,732,5,732,742,737,747,742,752,747
3,732,7,732,744,739,751,746,758,753
3,732,11,732,748,743,759,754,770,765
3,732,13,732,750,745,763,758,776,771
3,732,17,732,754,749,771,766,788,783
3,732,19,732,756,751,775,770,794,789
3,733,2,733,740,735,742,737,744,739
3,733,3,733,741,736,744,739,747,742
3,733,5,733,743,738,748,743,753,748
3,733,7,733,745,740,752,747,759,754
3,733,11,733,749,744,760,755,771,766
3,733,13,733,751,746,764,759,777,772
3,733,17,733,755,750,772,767,789,784
3,733,19,733,757,752,776,771,795,790
3,734,2,734,741,736,743,738,745,740
3,734,3,734,742,737,745,740,748,743
3,734,5,734,744,739,749,744,754,749
3,734,7,734,746,741,753,748,760,755
3,734,11,734,750,745,761,756,772,767
3,734,13,734,752,747,765,760,778,773
3,734,17,734,756,751,773,768,790,785
3,734,19,734,758,753,777,772,796,791
3,735,2,735,742,737,744,739,746,741
3,735,3,735,743,738,746,741,749,744
3,735,5,735,745,740,750,745,755,750
3,735,7,735,747,742,754,749,761,756
3,735,11,735,751,746,762,757,773,768
3,735,13,735,753,748,766,761,779,774
3,735,17,735,757,752,774,769,791,786
3,735,19,735,759,754,778,773,797,792
3,736,2,736,743,738,745,740,747,742
3,736,3,736,744,739,747,742,750,745
3,736,5,736,746,741,751,746,756,751
3,736,7,736,748,743,755,750,762,757
3,736,11,736,752,747,763,758,774,769
3,736,13,736,754,749,767,762,780,775
3,736,17,736,758,753,775,770,792,787
3,736,19,736,760,755,779,774,798,793
3,737,2,737,744,739,746,741,748,743
3,737,3,737,745,740,748,743,751,746
3,737,5,737,747,742,752,747,757,752
3,737,7,737,749,744,756,751,763,758
3,737,11,737,753,748,764,759,775,770
3,737,13,737,755,750,768,763,781,776
3,737,17,737,759,754,776,771,793,788
3,737,19,737,761,756,780,775,799,794
3,738,2,738,745,740,747,742,749,744
3,738,3,738,746,741,749,744,752,747
3,738,5,738,748,743,753,748,758,753
3,738,7,738,750,745,757,752,764,759
3,738,11,738,754,749,765,760,776,771
3,738,13,738,756,751,769,764,782,777
3,738,17,738,760,755,777,772,794,789
3,738,19,738,762,757,781,776,800,795
3,739,2,739,746,741,748,743,750,745
3,739,3,739,747,742,750,745,753,748
3,739,5,739,749,744,754,749,759,754
3,739,7,739,751,746,758,753,765,760
3,739,11,739,755,750,766,761,777,772
3,739,13,739,757,752,770,765,783,778
3,739,17,739,761,756,778,773,795,790
3,739,19,739,763,758,782,777,801,796
3,740,2,740,747,742,749,744,751,746
3,740,3,740,748,743,751,746,754,749
3,740,5,740,750,745,755,750,760,755
3,740,7,740,752,747,759,754,766,761
3,740,11,740,756,751,767,762,778,773
3,740,13,740,758,753,771,766,784,779
3,740,17,740,762,757,779,774,796,791
3,740,19,740,764,759,783,778,802,797
3,741,2,741,748,743,750,745,752,747
3,741,3,741,749,744,752,747,755,750
3,741,5,741,751,746,756,751,761,756
3,741,7,741,753,748,760,755,767,762
3,741,11,741,757,752,768,763,779,774
3,741,13,741,759,754,772,767,785,780
3,741,17,741,763,758,780,775,797,792
3,741,19,741,765,760,784,779,803,798
3,742,2,742,749,744,751,746,753,748
3,742,3,742,750,745,753,748,756,751
3,742,5,742,752,747,757,752,762,757
3,742,7,742,754,749,761,756,768,763
3,742,11,742,758,753,769,764,780,775
3,742,13,742,760,755,773,768,786,781
3,742,17,742,764,759,781,776,798,793
3,742,19,742,766,761,785,780,804,799
3,743,2,743,750,745,752,747,754,749
3,743,3,743,751,746,754,749,757,752
3,743,5,743,753,748,758,753,763,758
3,743,7,743,755,750,762,757,769,764
3,743,11,743,759,754,770,765,781,776
3,743,13,743,761,756,774,769,787,782
3,743,17,743,765,760,782,777,799,794
3,743,19,743,767,762,786,781,805,800
3,744,2,744,751,746,753,748,755,750
3,744,3,744,752,747,755,750,758,753
3,744,5,744,754,749,759,754,764,759
3,744,7,744,756,751,763,758,770,765
3,744,11,744,760,755,771,766,782,777
3,744,13,744,762,757,775,770,788,783
3,744,17,744,766,761,783,778,800,795
3,744,19,744,768,763,787,782,806,801
3,745,2,745,752,747,754,749,756,751
3,745,3,745,753,748,756,751,759,754
3,745,5,745,755,750,760,755,765,760
3,745,7,745,757,752,764,759,771,766
3,745,11,745,761,756,772,767,783,778
3,745,13,745,763,758,776,771,789,784
3,745,17,745,767,762,784,779,801,796
3,745,19,745,769,764,788,783,807,802
3,746,2,746,753,748,755,750,757,752
3,746,3,746,754,749,757,752,760,755
3,746,5,746,756,751,761,756,766,761
3,746,7,746,758,753,765,760,772,767
3,746,11,746,762,757,773,768,784,779
3,746,13,746,764,759,777,772,790,785
3,746,17,746,768,763,785,780,802,797
3,746,19,746,770,765,789,784,808,803
3,747,2,747,754,749,756,751,758,753
3,747,3,747,755,750,758,753,761,756
3,747,5,747,757,752,762,757,767,762
3,747,7,747,759,754,766,761,773,768
3,747,11,747,763,758,774,769,785,780
3,747,13,747,765,760,778,773,791,786
3,747,17,747,769,764,786,781,803,798
3,747,19,747,771,766,790,785,809,804
3,748,2,748,755,750,757,752,759,754
3,748,3,748,756,751,759,754,762,757
3,748,5,748,758,753,763,758,768,763
3,748,7,748,760,755,767,762,774,769
3,748,11,748,764,759,775,770,786,781
3,748,13,748,766,761,779,774,792,787
3,748,17,748,770,765,787,782,804,799
3,748,19,748,772,767,791,786,810,805
3,749,2,749,756,751,758,753,760,755
3,749,3,749,757,752,760,755,763,758
3,749,5,749,759,754,764,759,769,764
3,749,7,749,761,756,768,763,775,770
3,749,11,749,765,760,776,771,787,782
3,749,13,749,767,762,780,775,793,788
3,749,17,749,771,766,788,783,805,800
3,749,19,749,773,768,792,787,811,806
3,750,2,750,757,752,759,754,761,756
3,750,3,750,758,753,761,756,764,759
3,750,5,750,760,755,765,760,770,765
3,750,7,750,762,757,769,764,776,771
3,750,11,750,766,761,777,772,788,783
3,750,13,750,768,763,781,776,794,789
3,750,17,750,772,767,789,784,806,801
3,750,19,750,774,769,793,788,812,807
3,751,2,751,758,753,760,755,762,757
3,751,3,751,759,754,762,757,765,760
3,751,5,751,761,756,766,761,771,766
3,751,7,751,763,758,770,765,777,772
3,751,11,751,767,762,778,773,789,784
3,751,13,751,769,764,782,777,795,790
3,751,17,751,773,768,790,785,807,802
3,751,19,751,775,770,794,789,813,808
3,752,2,752,759,754,761,756,763,758
3,752,3,752,760,755,763,758,766,761
3,752,5,752,762,757,767,762,772,767
3,752,7,752,764,759,771,766,778,773
3,752,11,752,768,763,779,774,790,785
3,752,13,752,770,765,783,778,796,791
3,752,17,752,774,769,791,786,808,803
3,752,19,752,776,771,795,790,814,809
3,753,2,753,760,755,762,757,764,759
3,753,3,753,761,756,764,759,767,762
3,753,5,753,763,758,768,763,773,768
3,753,7,753,765,760,772,767,779,774
3,753,11,753,769,764,780,775,791,786
3,753,13,753,771,766,784,779,797,792
3,753,17,753,775,770,792,787,809,804
3,753,19,753,777,772,796,791,815,810
3,754,2,754,761,756,763,758,765,760
3,754,3,754,762,757,765,760,768,763
3,754,5,754,764,759,769,764,774,769
3,754,7,754,766,761,773,768,780,775
3,754,11,754,770,765,781,776,792,787
3,754,13,754,772,767,785,780,798,793
3,754,17,754,776,771,793,788,810,805
3,754,19,754,778,773,797,792,816,811
3,755,2,755,762,757,764,759,766,761
3,755,3,755,763,758,766,761,769,764
3,755,5,755,765,760,770,765,775,770
3,755,7,755,767,762,774,769,781,776
3,755,11,755,771,766,782,777,793,788
3,755,13,755,773,768,786,781,799,794
3,755,17,755,777,772,794,789,811,806
3,755,19,755,779,774,798,793,817,812
3,756,2,756,763,758,765,760,767,762
3,756,3,756,764,759,767,762,770,765
3,756,5,756,766,761,771,766,776,771
3,756,7,756,768,763,775,770,782,777
3,756,11,756,772,767,783,778,794,789
3,756,13,756,774,769,787,782,800,795
3,756,17,756,778,773,795,790,812,807
3,756,19,756,780,775,799,794,818,813
3,757,2,757,764,759,766,761,768,763
3,757,3,757,765,760,768,763,771,766
3,757,5,757,767,762,772,767,777,772
3,757,7,757,769,764,776,771,783,778
3,757,11,757,773,768,784,779,795,790
3,757,13,757,775,770,788,783,801,796
3,757,17,757,779,774,796,791,813,808
3,757,19,757,781,776,800,795,819,814
3,758,2,758,765,760,767,762,769,764
3,758,3,758,766,761,769,764,772,767
3,758,5,758,768,763,773,768,778,773
3,758,7,758,770,765,777,772,784,779
3,758,11,758,774,769,785,780,796,791
3,758,13,758,776,771,789,784,802,797
3,758,17,758,780,775,797,792,814,809
3,758,19,758,782,777,801,796,820,815
3,759,2,759,766,761,768,763,770,765
3,759,3,759,767,762,770,765,773,768
3,759,5,759,769,764,774,769,779,774
3,759,7,759,771,766,778,773,785,780
3,759,11,759,775,770,786,781,797,792
3,759,13,759,777,772,790,785,803,798
3,759,17,759,781,776,798,793,815,810
3,759,19,759,783,778,802,797,821,816
3,760,2,760,767,762,769,764,771,766
3,760,3,760,768,763,771,766,774,769
3,760,5,760,770,765,775,770,780,775
3,760,7,760,772,767,779,774,786,781
3,760,11,760,776,771,787,782,798,793
3,760,13,760,778,773,791,786,804,799
3,760,17,760,782,777,799,794,816,811
3,760,19,760,784,779,803,798,822,817
3,761,2,761,768,763,770,765,772,767
3,761,3,761,769,764,772,767,775,770
3,761,5,761,771,766,776,771,781,776
3,761,7,761,773,768,780,775,787,782
3,761,11,761,777,772,788,783,799,794
3,761,13,761,779,774,792,787,805,800
3,761,17,761,783,778,800,795,817,812
3,761,19,761,785,780,804,799,823,818
3,762,2,762,769,764,771,766,773,768
3,762,3,762,770,765,773,768,776,771
3,762,5,762,772,767,777,772,782,777
3,762,7,762,774,769,781,776,788,783
3,762,11,762,778,773,789,784,800,795
3,762,13,762,780,775,793,788,806,801
3,762,17,762,784,779,801,796,818,813
3,762,19,762,786,781,805,800,824,819
3,763,2,763,770,765,772,767,774,769
3,763,3,763,771,766,774,769,777,772
3,763,5,763,773,768,778,773,783,778
3,763,7,763,775,770,782,777,789,784
3,763,11,763,779,774,790,785,801,796
3,763,13,763,781,776,794,789,807,802
3,763,17,763,785,780,802,797,819,814
3,763,19,763,787,782,806,801,825,820
3,764,2,764,771,766,773,768,775,770
3,764,3,764,772,767,775,770,778,773
3,764,5,764,774,769,779,774,784,779
3,764,7,764,776,771,783,778,790,785
3,764,11,764,780,775,791,786,802,797
3,764,13,764,782,777,795,790,808,803
3,764,17,764,786,781,803,798,820,815
3,764,19,764,788,783,807,802,826,821
3,765,2,765,772,767,774,769,776,771
3,765,3,765,773,768,776,771,779,774
3,765,5,765,775,770,780,775,785,780
3,765,7,765,777,772,784,779,791,786
3,765,11,765,781,776,792,787,803,798
3,765,13,765,783,778,796,791,809,804
3,765,17,765,787,782,804,799,821,816
3,765,19,765,789,784,808,803,827,822
3,766,2,766,773,768,775,770,777,772
3,766,3,766,774,769,777,772,780,775
3,766,5,766,776,771,781,776,786,781
3,766,7,766,778,773,785,780,792,787
3,766,11,766,782,777,793,788,804,799
3,766,13,766,784,779,797,792,810,805
3,766,17,766,788,783,805,800,822,817
3,766,19,766,790,785,809,804,828,823
3,767,2,767,774,769,776,771,778,773
3,767,3,767,775,770,778,773,781,776
3,767,5,767,777,772,782,777,787,782
3,767,7,767,779,774,786,781,793,788
3,767,11,767,783,778,794,789,805,800
3,767,13,767,785,780,798,793,811,806
3,767,17,767,789,784,806,801,823,818
3,767,19,767,791,786,810,805,829,824
3,768,2,768,775,770,777,772,779,774
3,768,3,768,776,771,779,774,782,777
3,768,5,768,778,773,783,778,788,783
3,768,7,768,780,775,787,782,794,789
3,768,11,768,784,779,795,790,806,801
3,768,13,768,786,781,799,794,812,807
3,768,17,768,790,785,807,802,824,819
3,768,19,768,792,787,811,806,830,825
3,769,2,769,776,771,778,773,780,775
3,769,3,769,777,772,780,775,783,778
3,769,5,769,779,774,784,779,789,784
3,769,7,769,781,776,788,783,795,790
3,769,11,769,785,780,796,791,807,802
3,769,13,769,787,782,800,795,813,808
3,769,17,769,791,786,808,803,825,820
3,769,19,769,793,788,812,807,831,826
3,770,2,770,777,772,779,774,781,776
3,770,3,770,778,773,781,776,784,779
3,770,5,770,780,775,785,780,790,785
3,770,7,770,782,777,789,784,796,791
3,770,11,770,786,781,797,792,808,803
3,770,13,770,788,783,801,796,814,809
3,770,17,770,792,787,809,804,826,821
3,770,19,770,794,789,813,808,832,827
3,771,2,771,778,773,780,775,782,777
3,771,3,771,779,774,782,777,785,780
3,771,5,771,781,776,786,781,791,786
3,771,7,771,783,778,790,785,797,792
3,771,11,771,787,782,798,793,809,804
3,771,13,771,789,784,802,797,815,810
3,771,17,771,793,788,810,805,827,822
3,771,19,771,795,790,814,809,833,828
3,772,2,772,779,774,781,776,783,778
3,772,3,772,780,775,783,778,786,781
3,772,5,772,782,777,787,782,792,787
3,772,7,772,784,779,791,786,798,793
3,772,11,772,788,783,799,794,810,805
3,772,13,772,790,785,803,798,816,811
3,772,17,772,794,789,811,806,828,823
3,772,19,772,796,791,815,810,834,829
3,773,2,773,780,775,782,777,784,779
3,773,3,773,781,776,784,779,787,782
3,773,5,773,783,778,788,783,793,788
3,773,7,773,785,780,792,787,799,794
3,773,11,773,789,784,800,795,811,806
3,773,13,773,791,786,804,799,817,812
3,773,17,773,795,790,812,807,829,824
3,773,19,773,797,792,816,811,835,830
3,774,2,774,781,776,783,778,785,780
3,774,3,774,782,777,785,780,788,783
3,774,5,774,784,779,789,784,794,789
3,774,7,774,786,781,793,788,800,795
3,774,11,774,790,785,801,796,812,807
3,774,13,774,792,787,805,800,818,813
3,774,17,774,796,791,813,808,830,825
3,774,19,774,798,793,817,812,836,831
3,775,2,775,782,777,784,779,786,781
3,775,3,775,783,778,786,781,789,784
3,775,5,775,785,780,790,785,795,790
3,775,7,775,787,782,794,789,801,796
3,775,11,775,791,786,802,797,813,808
3,775,13,775,793,788,806,801,819,814
3,775,17,775,797,792,814,809,831,826
3,775,19,775,799,794,818,813,837,832
3,776,2,776,783,778,785,780,787,782
3,776,3,776,784,779,787,782,790,785
3,776,5,776,786,781,791,786,796,791
3,776,7,776,788,783,795,790,802,797
3,776,11,776,792,787,803,798,814,809
3,776,13,776,794,789,807,802,820,815
3,776,17,776,798,793,815,810,832,827
3,776,19,776,800,795,819,814,838,833
3,777,2,777,784,779,786,781,788,783
3,777,3,777,785,780,788,783,791,786
3,777,5,777,787,782,792,787,797,792
3,777,7,777,789,784,796,791,803,798
3,777,11,777,793,788,804,799,815,810
3,777,13,777,795,790,808,803,821,816
3,777,17,777,799,794,816,811,833,828
3,777,19,777,801,796,820,815,839,834
3,778,2,778,785,780,787,782,789,784
3,778,3,778,786,781,789,784,792,787
3,778,5,778,788,783,793,788,798,793
3,778,7,778,790,785,797,792,804,799
3,778,11,778,794,789,805,800,816,811
3,778,13,778,796,791,809,804,822,817
3,778,17,778,800,795,817,812,834,829
3,778,19,778,802,797,821,816,840,835
3,779,2,779,786,781,788,783,790,785
3,779,3,779,787,782,790,785,793,788
3,779,5,779,789,784,794,789,799,794
3,779,7,779,791,786,798,793,805,800
3,779,11,779,795,790,806,801,817,812
3,779,13,779,797,792,810,805,823,818
3,779,17,779,801,796,818,813,835,830
3,779,19,779,803,798,822,817,841,836
3,780,2,780,787,782,789,784,791,786
3,780,3,780,788,783,791,786,794,789
3,780,5,780,790,785,795,790,800,795
3,780,7,780,792,787,799,794,806,801
3,780,11,780,796,791,807,802,818,813
3,780,13,780,798,793,811,806,824,819
3,780,17,780,802,797,819,814,836,831
3,780,19,780,804,799,823,818,842,837
3,781,2,781,788,783,790,785,792,787
3,781,3,781,789,784,792,787,795,790
3,781,5,781,791,786,796,791,801,796
3,781,7,781,793,788,800,795,807,802
3,781,11,781,797,792,808,803,819,814
3,781,13,781,799,794,812,807,825,820
3,781,17,781,803,798,820,815,837,832
3,781,19,781,805,800,824,819,843,838
3,782,2,782,789,784,791,786,793,788
3,782,3,782,790,785,793,788,796,791
3,782,5,782,792,787,797,792,802,797
3,782,7,782,794,789,801,796,808,803
3,782,11,782,798,793,809,804,820,815
3,782,13,782,800,795,813,808,826,821
3,782,17,782,804,799,821,816,838,833
3,782,19,782,806,801,825,820,844,839
3,783,2,783,790,785,792,787,794,789
3,783,3,783,791,786,794,789,797,792
3,783,5,783,793,788,798,793,803,798
3,783,7,783,795,790,802,797,809,804
3,783,11,783,799,794,810,805,821,816
3,783,13,783,801,796,814,809,827,822
3,783,17,783,805,800,822,817,839,834
3,783,19,783,807,802,826,821,845,840
3,784,2,784,791,786,793,788,795,790
3,784,3,784,792,787,795,790,798,793
3,784,5,784,794,789,799,794,804,799
3,784,7,784,796,791,803,798,810,805
3,784,11,784,800,795,811,806,822,817
3,784,13,784,802,797,815,810,828,823
3,784,17,784,806,801,823,818,840,835
3,784,19,784,808,803,827,822,846,841
3,785,2,785,792,787,794,789,796,791
3,785,3,785,793,788,796,791,799,794
3,785,5,785,795,790,800,795,805,800
3,785,7,785,797,792,804,799,811,806
3,785,11,785,801,796,812,807,823,818
3,785,13,785,803,798,816,811,829,824
3,785,17,785,807,802,824,819,841,836
3,785,19,785,809,804,828,823,847,842
3,786,2,786,793,788,795,790,797,792
3,786,3,786,794,789,797,792,800,795
3,786,5,786,796,791,801,796,806,801
3,786,7,786,798,793,805,800,812,807
3,786,11,786,802,797,813,808,824,819
3,786,13,786,804,799,817,812,830,825
3,786,17,786,808,803,825,820,842,837
3,786,19,786,810,805,829,824,848,843
3,787,2,787,794,789,796,791,798,793
3,787,3,787,795,790,798,793,801,796
3,787,5,787,797,792,802,797,807,802
3,787,7,787,799,794,806,801,813,808
3,787,11,787,803,798,814,809,825,820
3,787,13,787,805,800,818,813,831,826
3,787,17,787,809,804,826,821,843,838
3,787,19,787,811,806,830,825,849,844
3,788,2,788,795,790,797,792,799,794
3,788,3,788,796,791,799,794,802,797
3,788,5,788,798,793,803,798,808,803
3,788,7,788,800,795,807,802,814,809
3,788,11,788,804,799,815,810,826,821
3,788,13,788,806,801,819,814,832,827
3,788,17,788,810,805,827,822,844,839
3,788,19,788,812,807,831,826,850,845
3,789,2,789,796,791,798,793,800,795
3,789,3,789,797,792,800,795,803,798
3,789,5,789,799,794,804,799,809,804
3,789,7,789,801,796,808,803,815,810
3,789,11,789,805,800,816,811,827,822
3,789,13,789,807,802,820,815,833,828
3,789,17,789,811,806,828,823,845,840
3,789,19,789,813,808,832,827,851,846
3,790,2,790,797,792,799,794,801,796
3,790,3,790,798,793,801,796,804,799
3,790,5,790,800,795,805,800,810,805
3,790,7,790,802,797,809,804,816,811
3,790,11,790,806,801,817,812,828,823
3,790,13,790,808,803,821,816,834,829
3,790,17,790,812,807,829,824,846,841
3,790,19,790,814,809,833,828,852,847
3,791,2,791,798,793,800,795,802,797
3,791,3,791,799,794,802,797,805,800
3,791,5,791,801,796,806,801,811,806
3,791,7,791,803,798,810,805,817,812
3,791,11,791,807,802,818,813,829,824
3,791,13,791,809,804,822,817,835,830
3,791,17,791,813,808,830,825,847,842
3,791,19,791,815,810,834,829,853,848
3,792,2,792,799,794,801,796,803,798
3,792,3,792,800,795,803,798,806,801
3,792,5,792,802,797,807,802,812,807
3,792,7,792,804,799,811,806,818,813
3,792,11,792,808,803,819,814,830,825
3,792,13,792,810,805,823,818,836,831
3,792,17,792,814,809,831,826,848,843
3,792,19,792,816,811,835,830,854,849
3,793,2,793,800,795,802,797,804,799
3,793,3,793,801,796,804,799,807,802
3,793,5,793,803,798,808,803,813,808
3,793,7,793,805,800,812,807,819,814
3,793,11,793,809,804,820,815,831,826
3,793,13,793,811,806,824,819,837,832
3,793,17,793,815,810,832,827,849,844
3,793,19,793,817,812,836,831,855,850
3,794,2,794,801,796,803,798,805,800
3,794,3,794,802,797,805,800,808,803
3,794,5,794,804,799,809,804,814,809
3,794,7,794,806,801,813,808,820,815
3,794,11,794,810,805,821,816,832,827
3,794,13,794,812,807,825,820,838,833
3,794,17,794,816,811,833,828,850,845
3,794,19,794,818,813,837,832,856,851
3,795,2,795,802,797,804,799,806,801
3,795,3,795,803,798,806,801,809,804
3,795,5,795,805,800,810,805,815,810
3,795,7,795,807,802,814,809,821,816
3,795,11,795,811,806,822,817,833,828
3,795,13,795,813,808,826,821,839,834
3,795,17,795,817,812,834,829,851,846
3,795,19,795,819,814,838,833,857,852
3,796,2,796,803,798,805,800,807,802
3,796,3,796,804,799,807,802,810,805
3,796,5,796,806,801,811,806,816,811
3,796,7,796,808,803,815,810,822,817
3,796,11,796,812,807,823,818,834,829
3,796,13,796,814,809,827,822,840,835
3,796,17,796,818,813,835,830,852,847
3,796,19,796,820,815,839,834,858,853
3,797,2,797,804,799,806,801,808,803
3,797,3,797,805,800,808,803,811,806
3,797,5,797,807,802,812,807,817,812
3,797,7,797,809,804,816,811,823,818
3,797,11,797,813,808,824,819,835,830
3,797,13,797,815,810,828,823,841,836
3,797,17,797,819,814,836,831,853,848
3,797,19,797,821,816,840,835,859,854
3,798,2,798,805,800,807,802,809,804
3,798,3,798,806,801,809,804,812,807
3,798,5,798,808,803,813,808,818,813
3,798,7,798,810,805,817,812,824,819
3,798,11,798,814,809,825,820,836,831
3,798,13,798,816,811,829,824,842,837
3,798,17,798,820,815,837,832,854,849
3,798,19,798,822,817,841,836,860,855
3,799,2,799,806,801,808,803,810,805
3,799,3,799,807,802,810,805,813,808
3,799,5,799,809,804,814,809,819,814
3,799,7,799,811,806,818,813,825,820
3,799,11,799,815,810,826,821,837,832
3,799,13,799,817,812,830,825,843,838
3,799,17,799,821,816,838,833,855,850
3,799,19,799,823,818,842,837,861,856
3,800,2,800,807,802,809,804,811,806
3,800,3,800,808,803,811,806,814,809
3,800,5,800,810,805,815,810,820,815
3,800,7,800,812,807,819,814,826,821
3,800,11,800,816,811,827,822,838,833
3,800,13,800,818,813,831,826,844,839
3,800,17,800,822,817,839,834,856,851
3,800,19,800,824,819,843,838,862,857
