1,101,2,101,94,99,92,97,90,95
1,101,3,101,93,98,90,95,87,92
1,101,5,101,91,96,86,91,81,86
1,101,7,101,89,94,82,87,75,80
1,101,11,101,85,90,74,79,63,68
1,101,13,101,83,88,70,75,57,62
1,101,17,101,79,84,62,67,45,50
1,101,19,101,77,82,58,63,39,44
1,102,2,102,95,100,93,98,91,96
1,102,3,102,94,99,91,96,88,93
1,102,5,102,92,97,87,92,82,87
1,102,7,102,90,95,83,88,76,81
1,102,11,102,86,91,75,80,64,69
1,102,13,102,84,89,71,76,58,63
1,102,17,102,80,85,63,68,46,51
1,102,19,102,78,83,59,64,40,45
1,103,2,103,96,101,94,99,92,97
1,103,3,103,95,100,92,97,89,94
1,103,5,103,93,98,88,93,83,88
1,103,7,103,91,96,84,89,77,82
1,103,11,103,87,92,76,81,65,70
1,103,13,103,85,90,72,77,59,64
1,103,17,103,81,86,64,69,47,52
1,103,19,103,79,84,60,65,41,46
1,104,2,104,97,102,95,100,93,98
1,104,3,104,96,101,93,98,90,95
1,104,5,104,94,99,89,94,84,89
1,104,7,104,92,97,85,90,78,83
1,104,11,104,88,93,77,82,66,71
1,104,13,104,86,91,73,78,60,65
1,104,17,104,82,87,65,70,48,53
1,104,19,104,80,85,61,66,42,47
1,105,2,105,98,103,96,101,94,99
1,105,3,105,97,102,94,99,91,96
1,105,5,105,95,100,90,95,85,90
1,105,7,105,93,98,86,91,79,84
1,105,11,105,89,94,78,83,67,72
1,105,13,105,87,92,74,79,61,66
1,105,17,105,83,88,66,71,49,54
1,105,19,105,81,86,62,67,43,48
1,106,2,106,99,104,97,102,95,100
1,106,3,106,98,103,95,100,92,97
1,106,5,106,96,101,91,96,86,91
1,106,7,106,94,99,87,92,80,85
1,106,11,106,90,95,79,84,68,73
1,106,13,106,88,93,75,80,62,67
1,106,17,106,84,89,67,72,50,55
1,106,19,106,82,87,63,68,44,49
1,107,2,107,100,105,98,103,96,101
1,107,3,107,99,104,96,101,93,98
1,107,5,107,97,102,92,97,87,92
1,107,7,107,95,100,88,93,81,86
1,107,11,107,91,96,80,85,69,74
1,107,13,107,89,94,76,81,63,68
1,107,17,107,85,90,68,73,51,56
1,107,19,107,83,88,64,69,45,50
1,108,2,108,101,106,99,104,97,102
1,108,3,108,100,105,97,102,94,99
1,108,5,108,98,103,93,98,88,93
1,108,7,108,96,101,89,94,82,87
1,108,11,108,92,97,81,86,70,75
1,108,13,108,90,95,77,82,64,69
1,108,17,108,86,91,69,74,52,57
1,108,19,108,84,89,65,70,46,51
1,109,2,109,102,107,100,105,98,103
1,109,3,109,101,106,98,103,95,100
1,109,5,109,99,104,94,99,89,94
1,109,7,109,97,102,90,95,83,88
1,109,11,109,93,98,82,87,71,76
1,109,13,109,91,96,78,83,65,70
1,109,17,109,87,92,70,75,53,58
1,109,19,109,85,90,66,71,47,52
1,110,2,110,103,108,101,106,99,104
1,110,3,110,102,107,99,104,96,101
1,110,5,110,100,105,95,100,90,95
1,110,7,110,98,103,91,96,84,89
1,110,11,110,94,99,83,88,72,77
1,110,13,110,92,97,79,84,66,71
1,110,17,110,88,93,71,76,54,59
1,110,19,110,86,91,67,72,48,53
1,111,2,111,104,109,102,107,100,105
1,111,3,111,103,108,100,105,97,102
1,111,5,111,101,106,96,101,91,96
1,111,7,111,99,104,92,97,85,90
1,111,11,111,95,100,84,89,73,78
1,111,13,111,93,98,80,85,67,72
1,111,17,111,89,94,72,77,55,60
1,111,19,111,87,92,68,73,49,54
1,112,2,112,105,110,103,108,101,106
1,112,3,112,104,109,101,106,98,103
1,112,5,112,102,107,97,102,92,97
1,112,7,112,100,105,93,98,86,91
1,112,11,112,96,101,85,90,74,79
1,112,13,112,94,99,81,86,68,73
1,112,17,112,90,95,73,78,56,61
1,112,19,112,88,93,69,74,50,55
1,113,2,113,106,111,104,109,102,107
1,113,3,113,105,110,102,107,99,104
1,113,5,113,103,108,98,103,93,98
1,113,7,113,101,106,94,99,87,92
1,113,11,113,97,102,86,91,75,80
1,113,13,113,95,100,82,87,69,74
1,113,17,113,91,96,74,79,57,62
1,113,19,113,89,94,70,75,51,56
1,114,2,114,107,112,105,110,103,108
1,114,3,114,106,111,103,108,100,105
1,114,5,114,104,109,99,104,94,99
1,114,7,114,102,107,95,100,88,93
1,114,11,114,98,103,87,92,76,81
1,114,13,114,96,101,83,88,70,75
1,114,17,114,92,97,75,80,58,63
1,114,19,114,90,95,71,76,52,57
1,115,2,115,108,113,106,111,104,109
1,115,3,115,107,112,104,109,101,106
1,115,5,115,105,110,100,105,95,100
1,115,7,115,103,108,96,101,89,94
1,115,11,115,99,104,88,93,77,82
1,115,13,115,97,102,84,89,71,76
1,115,17,115,93,98,76,81,59,64
1,115,19,115,91,96,72,77,53,58
1,116,2,116,109,114,107,112,105,110
1,116,3,116,108,113,105,110,102,107
1,116,5,116,106,111,101,106,96,101
1,116,7,116,104,109,97,102,90,95
1,116,11,116,100,105,89,94,78,83
1,116,13,116,98,103,85,90,72,77
1,116,17,116,94,99,77,82,60,65
1,116,19,116,92,97,73,78,54,59
1,117,2,117,110,115,108,113,106,111
1,117,3,117,109,114,106,111,103,108
1,117,5,117,107,112,102,107,97,102
1,117,7,117,105,110,98,103,91,96
1,117,11,117,101,106,90,95,79,84
1,117,13,117,99,104,86,91,73,78
1,117,17,117,95,100,78,83,61,66
1,117,19,117,93,98,74,79,55,60
1,118,2,118,111,116,109,114,107,112
1,118,3,118,110,115,107,112,104,109
1,118,5,118,108,113,103,108,98,103
1,118,7,118,106,111,99,104,92,97
1,118,11,118,102,107,91,96,80,85
1,118,13,118,100,105,87,92,74,79
1,118,17,118,96,101,79,84,62,67
1,118,19,118,94,99,75,80,56,61
1,119,2,119,112,117,110,115,108,113
1,119,3,119,111,116,108,113,105,110
1,119,5,119,109,114,104,109,99,104
1,119,7,119,107,112,100,105,93,98
1,119,11,119,103,108,92,97,81,86
1,119,13,119,101,106,88,93,75,80
1,119,17,119,97,102,80,85,63,68
1,119,19,119,95,100,76,81,57,62
1,120,2,120,113,118,111,116,109,114
1,120,3,120,112,117,109,114,106,111
1,120,5,120,110,115,105,110,100,105
1,120,7,120,108,113,101,106,94,99
1,120,11,120,104,109,93,98,82,87
1,120,13,120,102,107,89,94,76,81
1,120,17,120,98,103,81,86,64,69
1,120,19,120,96,101,77,82,58,63
1,121,2,121,114,119,112,117,110,115
1,121,3,121,113,118,110,115,107,112
1,121,5,121,111,116,106,111,101,106
1,121,7,121,109,114,102,107,95,100
1,121,11,121,105,110,94,99,83,88
1,121,13,121,103,108,90,95,77,82
1,121,17,121,99,104,82,87,65,70
1,121,19,121,97,102,78,83,59,64
1,122,2,122,115,120,113,118,111,116
1,122,3,122,114,119,111,116,108,113
1,122,5,122,112,117,107,112,102,107
1,122,7,122,110,115,103,108,96,101
1,122,11,122,106,111,95,100,84,89
1,122,13,122,104,109,91,96,78,83
1,122,17,122,100,105,83,88,66,71
1,122,19,122,98,103,79,84,60,65
1,123,2,123,116,121,114,119,112,117
1,123,3,123,115,120,112,117,109,114
1,123,5,123,113,118,108,113,103,108
1,123,7,123,111,116,104,109,97,102
1,123,11,123,107,112,96,101,85,90
1,123,13,123,105,110,92,97,79,84
1,123,17,123,101,106,84,89,67,72
1,123,19,123,99,104,80,85,61,66
1,124,2,124,117,122,115,120,113,118
1,124,3,124,116,121,113,118,110,115
1,124,5,124,114,119,109,114,104,109
1,124,7,124,112,117,105,110,98,103
1,124,11,124,108,113,97,102,86,91
1,124,13,124,106,111,93,98,80,85
1,124,17,124,102,107,85,90,68,73
1,124,19,124,100,105,81,86,62,67
1,125,2,125,118,123,116,121,114,119
1,125,3,125,117,122,114,119,111,116
1,125,5,125,115,120,110,115,105,110
1,125,7,125,113,118,106,111,99,104
1,125,11,125,109,114,98,103,87,92
1,125,13,125,107,112,94,99,81,86
1,125,17,125,103,108,86,91,69,74
1,125,19,125,101,106,82,87,63,68
1,126,2,126,119,124,117,122,115,120
1,126,3,126,118,123,115,120,112,117
1,126,5,126,116,121,111,116,106,111
1,126,7,126,114,119,107,112,100,105
1,126,11,126,110,115,99,104,88,93
1,126,13,126,108,113,95,100,82,87
1,126,17,126,104,109,87,92,70,75
1,126,19,126,102,107,83,88,64,69
1,127,2,127,120,125,118,123,116,121
1,127,3,127,119,124,116,121,113,118
1,127,5,127,117,122,112,117,107,112
1,127,7,127,115,120,108,113,101,106
1,127,11,127,111,116,100,105,89,94
1,127,13,127,109,114,96,101,83,88
1,127,17,127,105,110,88,93,71,76
1,127,19,127,103,108,84,89,65,70
1,128,2,128,121,126,119,124,117,122
1,128,3,128,120,125,117,122,114,119
1,128,5,128,118,123,113,118,108,113
1,128,7,128,116,121,109,114,102,107
1,128,11,128,112,117,101,106,90,95
1,128,13,128,110,115,97,102,84,89
1,128,17,128,106,111,89,94,72,77
1,128,19,128,104,109,85,90,66,71
1,129,2,129,122,127,120,125,118,123
1,129,3,129,121,126,118,123,115,120
1,129,5,129,119,124,114,119,109,114
1,129,7,129,117,122,110,115,103,108
1,129,11,129,113,118,102,107,91,96
1,129,13,129,111,116,98,103,85,90
1,129,17,129,107,112,90,95,73,78
1,129,19,129,105,110,86,91,67,72
1,130,2,130,123,128,121,126,119,124
1,130,3,130,122,127,119,124,116,121
1,130,5,130,120,125,115,120,110,115
1,130,7,130,118,123,111,116,104,109
1,130,11,130,114,119,103,108,92,97
1,130,13,130,112,117,99,104,86,91
1,130,17,130,108,113,91,96,74,79
1,130,19,130,106,111,87,92,68,73
1,131,2,131,124,129,122,127,120,125
1,131,3,131,123,128,120,125,117,122
1,131,5,131,121,126,116,121,111,116
1,131,7,131,119,124,112,117,105,110
1,131,11,131,115,120,104,109,93,98
1,131,13,131,113,118,100,105,87,92
1,131,17,131,109,114,92,97,75,80
1,131,19,131,107,112,88,93,69,74
1,132,2,132,125,130,123,128,121,126
1,132,3,132,124,129,121,126,118,123
1,132,5,132,122,127,117,122,112,117
1,132,7,132,120,125,113,118,106,111
1,132,11,132,116,121,105,110,94,99
1,132,13,132,114,119,101,106,88,93
1,132,17,132,110,115,93,98,76,81
1,132,19,132,108,113,89,94,70,75
1,133,2,133,126,131,124,129,122,127
1,133,3,133,125,130,122,127,119,124
1,133,5,133,123,128,118,123,113,118
1,133,7,133,121,126,114,119,107,112
1,133,11,133,117,122,106,111,95,100
1,133,13,133,115,120,102,107,89,94
1,133,17,133,111,116,94,99,77,82
1,133,19,133,109,114,90,95,71,76
1,134,2,134,127,132,125,130,123,128
1,134,3,134,126,131,123,128,120,125
1,134,5,134,124,129,119,124,114,119
1,134,7,134,122,127,115,120,108,113
1,134,11,134,118,123,107,112,96,101
1,134,13,134,116,121,103,108,90,95
1,134,17,134,112,117,95,100,78,83
1,134,19,134,110,115,91,96,72,77
1,135,2,135,128,133,126,131,124,129
1,135,3,135,127,132,124,129,121,126
1,135,5,135,125,130,120,125,115,120
1,135,7,135,123,128,116,121,109,114
1,135,11,135,119,124,108,113,97,102
1,135,13,135,117,122,104,109,91,96
1,135,17,135,113,118,96,101,79,84
1,135,19,135,111,116,92,97,73,78
1,136,2,136,129,134,127,132,125,130
1,136,3,136,128,133,125,130,122,127
1,136,5,136,126,131,121,126,116,121
1,136,7,136,124,129,117,122,110,115
1,136,11,136,120,125,109,114,98,103
1,136,13,136,118,123,105,110,92,97
1,136,17,136,114,119,97,102,80,85
1,136,19,136,112,117,93,98,74,79
1,137,2,137,130,135,128,133,126,131
1,137,3,137,129,134,126,131,123,128
1,137,5,137,127,132,122,127,117,122
1,137,7,137,125,130,118,123,111,116
1,137,11,137,121,126,110,115,99,104
1,137,13,137,119,124,106,111,93,98
1,137,17,137,115,120,98,103,81,86
1,137,19,137,113,118,94,99,75,80
1,138,2,138,131,136,129,134,127,132
1,138,3,138,130,135,127,132,124,129
1,138,5,138,128,133,123,128,118,123
1,138,7,138,126,131,119,124,112,117
1,138,11,138,122,127,111,116,100,105
1,138,13,138,120,125,107,112,94,99
1,138,17,138,116,121,99,104,82,87
1,138,19,138,114,119,95,100,76,81
1,139,2,139,132,137,130,135,128,133
1,139,3,139,131,136,128,133,125,130
1,139,5,139,129,134,124,129,119,124
1,139,7,139,127,132,120,125,113,118
1,139,11,139,123,128,112,117,101,106
1,139,13,139,121,126,108,113,95,100
1,139,17,139,117,122,100,105,83,88
1,139,19,139,115,120,96,101,77,82
1,140,2,140,133,138,131,136,129,134
1,140,3,140,132,137,129,134,126,131
1,140,5,140,130,135,125,130,120,125
1,140,7,140,128,133,121,126,114,119
1,140,11,140,124,129,113,118,102,107
1,140,13,140,122,127,109,114,96,101
1,140,17,140,118,123,101,106,84,89
1,140,19,140,116,121,97,102,78,83
1,141,2,141,134,139,132,137,130,135
1,141,3,141,133,138,130,135,127,132
1,141,5,141,131,136,126,131,121,126
1,141,7,141,129,134,122,127,115,120
1,141,11,141,125,130,114,119,103,108
1,141,13,141,123,128,110,115,97,102
1,141,17,141,119,124,102,107,85,90
1,141,19,141,117,122,98,103,79,84
1,142,2,142,135,140,133,138,131,136
1,142,3,142,134,139,131,136,128,133
1,142,5,142,132,137,127,132,122,127
1,142,7,142,130,135,123,128,116,121
1,142,11,142,126,131,115,120,104,109
1,142,13,142,124,129,111,116,98,103
1,142,17,142,120,125,103,108,86,91
1,142,19,142,118,123,99,104,80,85
1,143,2,143,136,141,134,139,132,137
1,143,3,143,135,140,132,137,129,134
1,143,5,143,133,138,128,133,123,128
1,143,7,143,131,136,124,129,117,122
1,143,11,143,127,132,116,121,105,110
1,143,13,143,125,130,112,117,99,104
1,143,17,143,121,126,104,109,87,92
1,143,19,143,119,124,100,105,81,86
1,144,2,144,137,142,135,140,133,138
1,144,3,144,136,141,133,138,130,135
1,144,5,144,134,139,129,134,124,129
1,144,7,144,132,137,125,130,118,123
1,144,11,144,128,133,117,122,106,111
1,144,13,144,126,131,113,118,100,105
1,144,17,144,122,127,105,110,88,93
1,144,19,144,120,125,101,106,82,87
1,145,2,145,138,143,136,141,134,139
1,145,3,145,137,142,134,139,131,136
1,145,5,145,135,140,130,135,125,130
1,145,7,145,133,138,126,131,119,124
1,145,11,145,129,134,118,123,107,112
1,145,13,145,127,132,114,119,101,106
1,145,17,145,123,128,106,111,89,94
1,145,19,145,121,126,102,107,83,88
1,146,2,146,139,144,137,142,135,140
1,146,3,146,138,143,135,140,132,137
1,146,5,146,136,141,131,136,126,131
1,146,7,146,134,139,127,132,120,125
1,146,11,146,130,135,119,124,108,113
1,146,13,146,128,133,115,120,102,107
1,146,17,146,124,129,107,112,90,95
1,146,19,146,122,127,103,108,84,89
1,147,2,147,140,145,138,143,136,141
1,147,3,147,139,144,136,141,133,138
1,147,5,147,137,142,132,137,127,132
1,147,7,147,135,140,128,133,121,126
1,147,11,147,131,136,120,125,109,114
1,147,13,147,129,134,116,121,103,108
1,147,17,147,125,130,108,113,91,96
1,147,19,147,123,128,104,109,85,90
1,148,2,148,141,146,139,144,137,142
1,148,3,148,140,145,137,142,134,139
1,148,5,148,138,143,133,138,128,133
1,148,7,148,136,141,129,134,122,127
1,148,11,148,132,137,121,126,110,115
1,148,13,148,130,135,117,122,104,109
1,148,17,148,126,131,109,114,92,97
1,148,19,148,124,129,105,110,86,91
1,149,2,149,142,147,140,145,138,143
1,149,3,149,141,146,138,143,135,140
1,149,5,149,139,144,134,139,129,134
1,149,7,149,137,142,130,135,123,128
1,149,11,149,133,138,122,127,111,116
1,149,13,149,131,136,118,123,105,110
1,149,17,149,127,132,110,115,93,98
1,149,19,149,125,130,106,111,87,92
1,150,2,150,143,148,141,146,139,144
1,150,3,150,142,147,139,144,136,141
1,150,5,150,140,145,135,140,130,135
1,150,7,150,138,143,131,136,124,129
1,150,11,150,134,139,123,128,112,117
1,150,13,150,132,137,119,124,106,111
1,150,17,150,128,133,111,116,94,99
1,150,19,150,126,131,107,112,88,93
1,151,2,151,144,149,142,147,140,145
1,151,3,151,143,148,140,145,137,142
1,151,5,151,141,146,136,141,131,136
1,151,7,151,139,144,132,137,125,130
1,151,11,151,135,140,124,129,113,118
1,151,13,151,133,138,120,125,107,112
1,151,17,151,129,134,112,117,95,100
1,151,19,151,127,132,108,113,89,94
1,152,2,152,145,150,143,148,141,146
1,152,3,152,144,149,141,146,138,143
1,152,5,152,142,147,137,142,132,137
1,152,7,152,140,145,133,138,126,131
1,152,11,152,136,141,125,130,114,119
1,152,13,152,134,139,121,126,108,113
1,152,17,152,130,135,113,118,96,101
1,152,19,152,128,133,109,114,90,95
1,153,2,153,146,151,144,149,142,147
1,153,3,153,145,150,142,147,139,144
1,153,5,153,143,148,138,143,133,138
1,153,7,153,141,146,134,139,127,132
1,153,11,153,137,142,126,131,115,120
1,153,13,153,135,140,122,127,109,114
1,153,17,153,131,136,114,119,97,102
1,153,19,153,129,134,110,115,91,96
1,154,2,154,147,152,145,150,143,148
1,154,3,154,146,151,143,148,140,145
1,154,5,154,144,149,139,144,134,139
1,154,7,154,142,147,135,140,128,133
1,154,11,154,138,143,127,132,116,121
1,154,13,154,136,141,123,128,110,115
1,154,17,154,132,137,115,120,98,103
1,154,19,154,130,135,111,116,92,97
1,155,2,155,148,153,146,151,144,149
1,155,3,155,147,152,144,149,141,146
1,155,5,155,145,150,140,145,135,140
1,155,7,155,143,148,136,141,129,134
1,155,11,155,139,144,128,133,117,122
1,155,13,155,137,142,124,129,111,116
1,155,17,155,133,138,116,121,99,104
1,155,19,155,131,136,112,117,93,98
1,156,2,156,149,154,147,152,145,150
1,156,3,156,148,153,145,150,142,147
1,156,5,156,146,151,141,146,136,141
1,156,7,156,144,149,137,142,130,135
1,156,11,156,140,145,129,134,118,123
1,156,13,156,138,143,125,130,112,117
1,156,17,156,134,139,117,122,100,105
1,156,19,156,132,137,113,118,94,99
1,157,2,157,150,155,148,153,146,151
1,157,3,157,149,154,146,151,143,148
1,157,5,157,147,152,142,147,137,142
1,157,7,157,145,150,138,143,131,136
1,157,11,157,141,146,130,135,119,124
1,157,13,157,139,144,126,131,113,118
1,157,17,157,135,140,118,123,101,106
1,157,19,157,133,138,114,119,95,100
1,158,2,158,151,156,149,154,147,152
1,158,3,158,150,155,147,152,144,149
1,158,5,158,148,153,143,148,138,143
1,158,7,158,146,151,139,144,132,137
1,158,11,158,142,147,131,136,120,125
1,158,13,158,140,145,127,132,114,119
1,158,17,158,136,141,119,124,102,107
1,158,19,158,134,139,115,120,96,101
1,159,2,159,152,157,150,155,148,153
1,159,3,159,151,156,148,153,145,150
1,159,5,159,149,154,144,149,139,144
1,159,7,159,147,152,140,145,133,138
1,159,11,159,143,148,132,137,121,126
1,159,13,159,141,146,128,133,115,120
1,159,17,159,137,142,120,125,103,108
1,159,19,159,135,140,116,121,97,102
1,160,2,160,153,158,151,156,149,154
1,160,3,160,152,157,149,154,146,151
1,160,5,160,150,155,145,150,140,145
1,160,7,160,148,153,141,146,134,139
1,160,11,160,144,149,133,138,122,127
1,160,13,160,142,147,129,134,116,121
1,160,17,160,138,143,121,126,104,109
1,160,19,160,136,141,117,122,98,103
1,161,2,161,154,159,152,157,150,155
1,161,3,161,153,158,150,155,147,152
1,161,5,161,151,156,146,151,141,146
1,161,7,161,149,154,142,147,135,140
1,161,11,161,145,150,134,139,123,128
1,161,13,161,143,148,130,135,117,122
1,161,17,161,139,144,122,127,105,110
1,161,19,161,137,142,118,123,99,104
1,162,2,162,155,160,153,158,151,156
1,162,3,162,154,159,151,156,148,153
1,162,5,162,152,157,147,152,142,147
1,162,7,162,150,155,143,148,136,141
1,162,11,162,146,151,135,140,124,129
1,162,13,162,144,149,131,136,118,123
1,162,17,162,140,145,123,128,106,111
1,162,19,162,138,143,119,124,100,105
1,163,2,163,156,161,154,159,152,157
1,163,3,163,155,160,152,157,149,154
1,163,5,163,153,158,148,153,143,148
1,163,7,163,151,156,144,149,137,142
1,163,11,163,147,152,136,141,125,130
1,163,13,163,145,150,132,137,119,124
1,163,17,163,141,146,124,129,107,112
1,163,19,163,139,144,120,125,101,106
1,164,2,164,157,162,155,160,153,158
1,164,3,164,156,161,153,158,150,155
1,164,5,164,154,159,149,154,144,149
1,164,7,164,152,157,145,150,138,143
1,164,11,164,148,153,137,142,126,131
1,164,13,164,146,151,133,138,120,125
1,164,17,164,142,147,125,130,108,113
1,164,19,164,140,145,121,126,102,107
1,165,2,165,158,163,156,161,154,159
1,165,3,165,157,162,154,159,151,156
1,165,5,165,155,160,150,155,145,150
1,165,7,165,153,158,146,151,139,144
1,165,11,165,149,154,138,143,127,132
1,165,13,165,147,152,134,139,121,126
1,165,17,165,143,148,126,131,109,114
1,165,19,165,141,146,122,127,103,108
1,166,2,166,159,164,157,162,155,160
1,166,3,166,158,163,155,160,152,157
1,166,5,166,156,161,151,156,146,151
1,166,7,166,154,159,147,152,140,145
1,166,11,166,150,155,139,144,128,133
1,166,13,166,148,153,135,140,122,127
1,166,17,166,144,149,127,132,110,115
1,166,19,166,142,147,123,128,104,109
1,167,2,167,160,165,158,163,156,161
1,167,3,167,159,164,156,161,153,158
1,167,5,167,157,162,152,157,147,152
1,167,7,167,155,160,148,153,141,146
1,167,11,167,151,156,140,145,129,134
1,167,13,167,149,154,136,141,123,128
1,167,17,167,145,150,128,133,111,116
1,167,19,167,143,148,124,129,105,110
1,168,2,168,161,166,159,164,157,162
1,168,3,168,160,165,157,162,154,159
1,168,5,168,158,163,153,158,148,153
1,168,7,168,156,161,149,154,142,147
1,168,11,168,152,157,141,146,130,135
1,168,13,168,150,155,137,142,124,129
1,168,17,168,146,151,129,134,112,117
1,168,19,168,144,149,125,130,106,111
1,169,2,169,162,167,160,165,158,163
1,169,3,169,161,166,158,163,155,160
1,169,5,169,159,164,154,159,149,154
1,169,7,169,157,162,150,155,143,148
1,169,11,169,153,158,142,147,131,136
1,169,13,169,151,156,138,143,125,130
1,169,17,169,147,152,130,135,113,118
1,169,19,169,145,150,126,131,107,112
1,170,2,170,163,168,161,166,159,164
1,170,3,170,162,167,159,164,156,161
1,170,5,170,160,165,155,160,150,155
1,170,7,170,158,163,151,156,144,149
1,170,11,170,154,159,143,148,132,137
1,170,13,170,152,157,139,144,126,131
1,170,17,170,148,153,131,136,114,119
1,170,19,170,146,151,127,132,108,113
1,171,2,171,164,169,162,167,160,165
1,171,3,171,163,168,160,165,157,162
1,171,5,171,161,166,156,161,151,156
1,171,7,171,159,164,152,157,145,150
1,171,11,171,155,160,144,149,133,138
1,171,13,171,153,158,140,145,127,132
1,171,17,171,149,154,132,137,115,120
1,171,19,171,147,152,128,133,109,114
1,172,2,172,165,170,163,168,161,166
1,172,3,172,164,169,161,166,158,163
1,172,5,172,162,167,157,162,152,157
1,172,7,172,160,165,153,158,146,151
1,172,11,172,156,161,145,150,134,139
1,172,13,172,154,159,141,146,128,133
1,172,17,172,150,155,133,138,116,121
1,172,19,172,148,153,129,134,110,115
1,173,2,173,166,171,164,169,162,167
1,173,3,173,165,170,162,167,159,164
1,173,5,173,163,168,158,163,153,158
1,173,7,173,161,166,154,159,147,152
1,173,11,173,157,162,146,151,135,140
1,173,13,173,155,160,142,147,129,134
1,173,17,173,151,156,134,139,117,122
1,173,19,173,149,154,130,135,111,116
1,174,2,174,167,172,165,170,163,168
1,174,3,174,166,171,163,168,160,165
1,174,5,174,164,169,159,164,154,159
1,174,7,174,162,167,155,160,148,153
1,174,11,174,158,163,147,152,136,141
1,174,13,174,156,161,143,148,130,135
1,174,17,174,152,157,135,140,118,123
1,174,19,174,150,155,131,136,112,117
1,175,2,175,168,173,166,171,164,169
1,175,3,175,167,172,164,169,161,166
1,175,5,175,165,170,160,165,155,160
1,175,7,175,163,168,156,161,149,154
1,175,11,175,159,164,148,153,137,142
1,175,13,175,157,162,144,149,131,136
1,175,17,175,153,158,136,141,119,124
1,175,19,175,151,156,132,137,113,118
1,176,2,176,169,174,167,172,165,170
1,176,3,176,168,173,165,170,162,167
1,176,5,176,166,171,161,166,156,161
1,176,7,176,164,169,157,162,150,155
1,176,11,176,160,165,149,154,138,143
1,176,13,176,158,163,145,150,132,137
1,176,17,176,154,159,137,142,120,125
1,176,19,176,152,157,133,138,114,119
1,177,2,177,170,175,168,173,166,171
1,177,3,177,169,174,166,171,163,168
1,177,5,177,167,172,162,167,157,162
1,177,7,177,165,170,158,163,151,156
1,177,11,177,161,166,150,155,139,144
1,177,13,177,159,164,146,151,133,138
1,177,17,177,155,160,138,143,121,126
1,177,19,177,153,158,134,139,115,120
1,178,2,178,171,176,169,174,167,172
1,178,3,178,170,175,167,172,164,169
1,178,5,178,168,173,163,168,158,163
1,178,7,178,166,171,159,164,152,157
1,178,11,178,162,167,151,156,140,145
1,178,13,178,160,165,147,152,134,139
1,178,17,178,156,161,139,144,122,127
1,178,19,178,154,159,135,140,116,121
1,179,2,179,172,177,170,175,168,173
1,179,3,179,171,176,168,173,165,170
1,179,5,179,169,174,164,169,159,164
1,179,7,179,167,172,160,165,153,158
1,179,11,179,163,168,152,157,141,146
1,179,13,179,161,166,148,153,135,140
1,179,17,179,157,162,140,145,123,128
1,179,19,179,155,160,136,141,117,122
1,180,2,180,173,178,171,176,169,174
1,180,3,180,172,177,169,174,166,171
1,180,5,180,170,175,165,170,160,165
1,180,7,180,168,173,161,166,154,159
1,180,11,180,164,169,153,158,142,147
1,180,13,180,162,167,149,154,136,141
1,180,17,180,158,163,141,146,124,129
1,180,19,180,156,161,137,142,118,123
1,181,2,181,174,179,172,177,170,175
1,181,3,181,173,178,170,175,167,172
1,181,5,181,171,176,166,171,161,166
1,181,7,181,169,174,162,167,155,160
1,181,11,181,165,170,154,159,143,148
1,181,13,181,163,168,150,155,137,142
1,181,17,181,159,164,142,147,125,130
1,181,19,181,157,162,138,143,119,124
1,182,2,182,175,180,173,178,171,176
1,182,3,182,174,179,171,176,168,173
1,182,5,182,172,177,167,172,162,167
1,182,7,182,170,175,163,168,156,161
1,182,11,182,166,171,155,160,144,149
1,182,13,182,164,169,151,156,138,143
1,182,17,182,160,165,143,148,126,131
1,182,19,182,158,163,139,144,120,125
1,183,2,183,176,181,174,179,172,177
1,183,3,183,175,180,172,177,169,174
1,183,5,183,173,178,168,173,163,168
1,183,7,183,171,176,164,169,157,162
1,183,11,183,167,172,156,161,145,150
1,183,13,183,165,170,152,157,139,144
1,183,17,183,161,166,144,149,127,132
1,183,19,183,159,164,140,145,121,126
1,184,2,184,177,182,175,180,173,178
1,184,3,184,176,181,173,178,170,175
1,184,5,184,174,179,169,174,164,169
1,184,7,184,172,177,165,170,158,163
1,184,11,184,168,173,157,162,146,151
1,184,13,184,166,171,153,158,140,145
1,184,17,184,162,167,145,150,128,133
1,184,19,184,160,165,141,146,122,127
1,185,2,185,178,183,176,181,174,179
1,185,3,185,177,182,174,179,171,176
1,185,5,185,175,180,170,175,165,170
1,185,7,185,173,178,166,171,159,164
1,185,11,185,169,174,158,163,147,152
1,185,13,185,167,172,154,159,141,146
1,185,17,185,163,168,146,151,129,134
1,185,19,185,161,166,142,147,123,128
1,186,2,186,179,184,177,182,175,180
1,186,3,186,178,183,175,180,172,177
1,186,5,186,176,181,171,176,166,171
1,186,7,186,174,179,167,172,160,165
1,186,11,186,170,175,159,164,148,153
1,186,13,186,168,173,155,160,142,147
1,186,17,186,164,169,147,152,130,135
1,186,19,186,162,167,143,148,124,129
1,187,2,187,180,185,178,183,176,181
1,187,3,187,179,184,176,181,173,178
1,187,5,187,177,182,172,177,167,172
1,187,7,187,175,180,168,173,161,166
1,187,11,187,171,176,160,165,149,154
1,187,13,187,169,174,156,161,143,148
1,187,17,187,165,170,148,153,131,136
1,187,19,187,163,168,144,149,125,130
1,188,2,188,181,186,179,184,177,182
1,188,3,188,180,185,177,182,174,179
1,188,5,188,178,183,173,178,168,173
1,188,7,188,176,181,169,174,162,167
1,188,11,188,172,177,161,166,150,155
1,188,13,188,170,175,157,162,144,149
1,188,17,188,166,171,149,154,132,137
1,188,19,188,164,169,145,150,126,131
1,189,2,189,182,187,180,185,178,183
1,189,3,189,181,186,178,183,175,180
1,189,5,189,179,184,174,179,169,174
1,189,7,189,177,182,170,175,163,168
1,189,11,189,173,178,162,167,151,156
1,189,13,189,171,176,158,163,145,150
1,189,17,189,167,172,150,155,133,138
1,189,19,189,165,170,146,151,127,132
1,190,2,190,183,188,181,186,179,184
1,190,3,190,182,187,179,184,176,181
1,190,5,190,180,185,175,180,170,175
1,190,7,190,178,183,171,176,164,169
1,190,11,190,174,179,163,168,152,157
1,190,13,190,172,177,159,164,146,151
1,190,17,190,168,173,151,156,134,139
1,190,19,190,166,171,147,152,128,133
1,191,2,191,184,189,182,187,180,185
1,191,3,191,183,188,180,185,177,182
1,191,5,191,181,186,176,181,171,176
1,191,7,191,179,184,172,177,165,170
1,191,11,191,175,180,164,169,153,158
1,191,13,191,173,178,160,165,147,152
1,191,17,191,169,174,152,157,135,140
1,191,19,191,167,172,148,153,129,134
1,192,2,192,185,190,183,188,181,186
1,192,3,192,184,189,181,186,178,183
1,192,5,192,182,187,177,182,172,177
1,192,7,192,180,185,173,178,166,171
1,192,11,192,176,181,165,170,154,159
1,192,13,192,174,179,161,166,148,153
1,192,17,192,170,175,153,158,136,141
1,192,19,192,168,173,149,154,130,135
1,193,2,193,186,191,184,189,182,187
1,193,3,193,185,190,182,187,179,184
1,193,5,193,183,188,178,183,173,178
1,193,7,193,181,186,174,179,167,172
1,193,11,193,177,182,166,171,155,160
1,193,13,193,175,180,162,167,149,154
1,193,17,193,171,176,154,159,137,142
1,193,19,193,169,174,150,155,131,136
1,194,2,194,187,192,185,190,183,188
1,194,3,194,186,191,183,188,180,185
1,194,5,194,184,189,179,184,174,179
1,194,7,194,182,187,175,180,168,173
1,194,11,194,178,183,167,172,156,161
1,194,13,194,176,181,163,168,150,155
1,194,17,194,172,177,155,160,138,143
1,194,19,194,170,175,151,156,132,137
1,195,2,195,188,193,186,191,184,189
1,195,3,195,187,192,184,189,181,186
1,195,5,195,185,190,180,185,175,180
1,195,7,195,183,188,176,181,169,174
1,195,11,195,179,184,168,173,157,162
1,195,13,195,177,182,164,169,151,156
1,195,17,195,173,178,156,161,139,144
1,195,19,195,171,176,152,157,133,138
1,196,2,196,189,194,187,192,185,190
1,196,3,196,188,193,185,190,182,187
1,196,5,196,186,191,181,186,176,181
1,196,7,196,184,189,177,182,170,175
1,196,11,196,180,185,169,174,158,163
1,196,13,196,178,183,165,170,152,157
1,196,17,196,174,179,157,162,140,145
1,196,19,196,172,177,153,158,134,139
1,197,2,197,190,195,188,193,186,191
1,197,3,197,189,194,186,191,183,188
1,197,5,197,187,192,182,187,177,182
1,197,7,197,185,190,178,183,171,176
1,197,11,197,181,186,170,175,159,164
1,197,13,197,179,184,166,171,153,158
1,197,17,197,175,180,158,163,141,146
1,197,19,197,173,178,154,159,135,140
1,198,2,198,191,196,189,194,187,192
1,198,3,198,190,195,187,192,184,189
1,198,5,198,188,193,183,188,178,183
1,198,7,198,186,191,179,184,172,177
1,198,11,198,182,187,171,176,160,165
1,198,13,198,180,185,167,172,154,159
1,198,17,198,176,181,159,164,142,147
1,198,19,198,174,179,155,160,136,141
1,199,2,199,192,197,190,195,188,193
1,199,3,199,191,196,188,193,185,190
1,199,5,199,189,194,184,189,179,184
1,199,7,199,187,192,180,185,173,178
1,199,11,199,183,188,172,177,161,166
1,199,13,199,181,186,168,173,155,160
1,199,17,199,177,182,160,165,143,148
1,199,19,199,175,180,156,161,137,142
1,200,2,200,193,198,191,196,189,194
1,200,3,200,192,197,189,194,186,191
1,200,5,200,190,195,185,190,180,185
1,200,7,200,188,193,181,186,174,179
1,200,11,200,184,189,173,178,162,167
1,200,13,200,182,187,169,174,156,161
1,200,17,200,178,183,161,166,144,149
1,200,19,200,176,181,157,162,138,143
1,201,2,201,194,199,192,197,190,195
1,201,3,201,193,198,190,195,187,192
1,201,5,201,191,196,186,191,181,186
1,201,7,201,189,194,182,187,175,180
1,201,11,201,185,190,174,179,163,168
1,201,13,201,183,188,170,175,157,162
1,201,17,201,179,184,162,167,145,150
1,201,19,201,177,182,158,163,139,144
1,202,2,202,195,200,193,198,191,196
1,202,3,202,194,199,191,196,188,193
1,202,5,202,192,197,187,192,182,187
1,202,7,202,190,195,183,188,176,181
1,202,11,202,186,191,175,180,164,169
1,202,13,202,184,189,171,176,158,163
1,202,17,202,180,185,163,168,146,151
1,202,19,202,178,183,159,164,140,145
1,203,2,203,196,201,194,199,192,197
1,203,3,203,195,200,192,197,189,194
1,203,5,203,193,198,188,193,183,188
1,203,7,203,191,196,184,189,177,182
1,203,11,203,187,192,176,181,165,170
1,203,13,203,185,190,172,177,159,164
1,203,17,203,181,186,164,169,147,152
1,203,19,203,179,184,160,165,141,146
1,204,2,204,197,202,195,200,193,198
1,204,3,204,196,201,193,198,190,195
1,204,5,204,194,199,189,194,184,189
1,204,7,204,192,197,185,190,178,183
1,204,11,204,188,193,177,182,166,171
1,204,13,204,186,191,173,178,160,165
1,204,17,204,182,187,165,170,148,153
1,204,19,204,180,185,161,166,142,147
1,205,2,205,198,203,196,201,194,199
1,205,3,205,197,202,194,199,191,196
1,205,5,205,195,200,190,195,185,190
1,205,7,205,193,198,186,191,179,184
1,205,11,205,189,194,178,183,167,172
1,205,13,205,187,192,174,179,161,166
1,205,17,205,183,188,166,171,149,154
1,205,19,205,181,186,162,167,143,148
1,206,2,206,199,204,197,202,195,200
1,206,3,206,198,203,195,200,192,197
1,206,5,206,196,201,191,196,186,191
1,206,7,206,194,199,187,192,180,185
1,206,11,206,190,195,179,184,168,173
1,206,13,206,188,193,175,180,162,167
1,206,17,206,184,189,167,172,150,155
1,206,19,206,182,187,163,168,144,149
1,207,2,207,200,205,198,203,196,201
1,207,3,207,199,204,196,201,193,198
1,207,5,207,197,202,192,197,187,192
1,207,7,207,195,200,188,193,181,186
1,207,11,207,191,196,180,185,169,174
1,207,13,207,189,194,176,181,163,168
1,207,17,207,185,190,168,173,151,156
1,207,19,207,183,188,164,169,145,150
1,208,2,208,201,206,199,204,197,202
1,208,3,208,200,205,197,202,194,199
1,208,5,208,198,203,193,198,188,193
1,208,7,208,196,201,189,194,182,187
1,208,11,208,192,197,181,186,170,175
1,208,13,208,190,195,177,182,164,169
1,208,17,208,186,191,169,174,152,157
1,208,19,208,184,189,165,170,146,151
1,209,2,209,202,207,200,205,198,203
1,209,3,209,201,206,198,203,195,200
1,209,5,209,199,204,194,199,189,194
1,209,7,209,197,202,190,195,183,188
1,209,11,209,193,198,182,187,171,176
1,209,13,209,191,196,178,183,165,170
1,209,17,209,187,192,170,175,153,158
1,209,19,209,185,190,166,171,147,152
1,210,2,210,203,208,201,206,199,204
1,210,3,210,202,207,199,204,196,201
1,210,5,210,200,205,195,200,190,195
1,210,7,210,198,203,191,196,184,189
1,210,11,210,194,199,183,188,172,177
1,210,13,210,192,197,179,184,166,171
1,210,17,210,188,193,171,176,154,159
1,210,19,210,186,191,167,172,148,153
1,211,2,211,204,209,202,207,200,205
1,211,3,211,203,208,200,205,197,202
1,211,5,211,201,206,196,201,191,196
1,211,7,211,199,204,192,197,185,190
1,211,11,211,195,200,184,189,173,178
1,211,13,211,193,198,180,185,167,172
1,211,17,211,189,194,172,177,155,160
1,211,19,211,187,192,168,173,149,154
1,212,2,212,205,210,203,208,201,206
1,212,3,212,204,209,201,206,198,203
1,212,5,212,202,207,197,202,192,197
1,212,7,212,200,205,193,198,186,191
1,212,11,212,196,201,185,190,174,179
1,212,13,212,194,199,181,186,168,173
1,212,17,212,190,195,173,178,156,161
1,212,19,212,188,193,169,174,150,155
1,213,2,213,206,211,204,209,202,207
1,213,3,213,205,210,202,207,199,204
1,213,5,213,203,208,198,203,193,198
1,213,7,213,201,206,194,199,187,192
1,213,11,213,197,202,186,191,175,180
1,213,13,213,195,200,182,187,169,174
1,213,17,213,191,196,174,179,157,162
1,213,19,213,189,194,170,175,151,156
1,214,2,214,207,212,205,210,203,208
1,214,3,214,206,211,203,208,200,205
1,214,5,214,204,209,199,204,194,199
1,214,7,214,202,207,195,200,188,193
1,214,11,214,198,203,187,192,176,181
1,214,13,214,196,201,183,188,170,175
1,214,17,214,192,197,175,180,158,163
1,214,19,214,190,195,171,176,152,157
1,215,2,215,208,213,206,211,204,209
1,215,3,215,207,212,204,209,201,206
1,215,5,215,205,210,200,205,195,200
1,215,7,215,203,208,196,201,189,194
1,215,11,215,199,204,188,193,177,182
1,215,13,215,197,202,184,189,171,176
1,215,17,215,193,198,176,181,159,164
1,215,19,215,191,196,172,177,153,158
1,216,2,216,209,214,207,212,205,210
1,216,3,216,208,213,205,210,202,207
1,216,5,216,206,211,201,206,196,201
1,216,7,216,204,209,197,202,190,195
1,216,11,216,200,205,189,194,178,183
1,216,13,216,198,203,185,190,172,177
1,216,17,216,194,199,177,182,160,165
1,216,19,216,192,197,173,178,154,159
1,217,2,217,210,215,208,213,206,211
1,217,3,217,209,214,206,211,203,208
1,217,5,217,207,212,202,207,197,202
1,217,7,217,205,210,198,203,191,196
1,217,11,217,201,206,190,195,179,184
1,217,13,217,199,204,186,191,173,178
1,217,17,217,195,200,178,183,161,166
1,217,19,217,193,198,174,179,155,160
1,218,2,218,211,216,209,214,207,212
1,218,3,218,210,215,207,212,204,209
1,218,5,218,208,213,203,208,198,203
1,218,7,218,206,211,199,204,192,197
1,218,11,218,202,207,191,196,180,185
1,218,13,218,200,205,187,192,174,179
1,218,17,218,196,201,179,184,162,167
1,218,19,218,194,199,175,180,156,161
1,219,2,219,212,217,210,215,208,213
1,219,3,219,211,216,208,213,205,210
1,219,5,219,209,214,204,209,199,204
1,219,7,219,207,212,200,205,193,198
1,219,11,219,203,208,192,197,181,186
1,219,13,219,201,206,188,193,175,180
1,219,17,219,197,202,180,185,163,168
1,219,19,219,195,200,176,181,157,162
1,220,2,220,213,218,211,216,209,214
1,220,3,220,212,217,209,214,206,211
1,220,5,220,210,215,205,210,200,205
1,220,7,220,208,213,201,206,194,199
1,220,11,220,204,209,193,198,182,187
1,220,13,220,202,207,189,194,176,181
1,220,17,220,198,203,181,186,164,169
1,220,19,220,196,201,177,182,158,163
1,221,2,221,214,219,212,217,210,215
1,221,3,221,213,218,210,215,207,212
1,221,5,221,211,216,206,211,201,206
1,221,7,221,209,214,202,207,195,200
1,221,11,221,205,210,194,199,183,188
1,221,13,221,203,208,190,195,177,182
1,221,17,221,199,204,182,187,165,170
1,221,19,221,197,202,178,183,159,164
1,222,2,222,215,220,213,218,211,216
1,222,3,222,214,219,211,216,208,213
1,222,5,222,212,217,207,212,202,207
1,222,7,222,210,215,203,208,196,201
1,222,11,222,206,211,195,200,184,189
1,222,13,222,204,209,191,196,178,183
1,222,17,222,200,205,183,188,166,171
1,222,19,222,198,203,179,184,160,165
1,223,2,223,216,221,214,219,212,217
1,223,3,223,215,220,212,217,209,214
1,223,5,223,213,218,208,213,203,208
1,223,7,223,211,216,204,209,197,202
1,223,11,223,207,212,196,201,185,190
1,223,13,223,205,210,192,197,179,184
1,223,17,223,201,206,184,189,167,172
1,223,19,223,199,204,180,185,161,166
1,224,2,224,217,222,215,220,213,218
1,224,3,224,216,221,213,218,210,215
1,224,5,224,214,219,209,214,204,209
1,224,7,224,212,217,205,210,198,203
1,224,11,224,208,213,197,202,186,191
1,224,13,224,206,211,193,198,180,185
1,224,17,224,202,207,185,190,168,173
1,224,19,224,200,205,181,186,162,167
1,225,2,225,218,223,216,221,214,219
1,225,3,225,217,222,214,219,211,216
1,225,5,225,215,220,210,215,205,210
1,225,7,225,213,218,206,211,199,204
1,225,11,225,209,214,198,203,187,192
1,225,13,225,207,212,194,199,181,186
1,225,17,225,203,208,186,191,169,174
1,225,19,225,201,206,182,187,163,168
1,226,2,226,219,224,217,222,215,220
1,226,3,226,218,223,215,220,212,217
1,226,5,226,216,221,211,216,206,211
1,226,7,226,214,219,207,212,200,205
1,226,11,226,210,215,199,204,188,193
1,226,13,226,208,213,195,200,182,187
1,226,17,226,204,209,187,192,170,175
1,226,19,226,202,207,183,188,164,169
1,227,2,227,220,225,218,223,216,221
1,227,3,227,219,224,216,221,213,218
1,227,5,227,217,222,212,217,207,212
1,227,7,227,215,220,208,213,201,206
1,227,11,227,211,216,200,205,189,194
1,227,13,227,209,214,196,201,183,188
1,227,17,227,205,210,188,193,171,176
1,227,19,227,203,208,184,189,165,170
1,228,2,228,221,226,219,224,217,222
1,228,3,228,220,225,217,222,214,219
1,228,5,228,218,223,213,218,208,213
1,228,7,228,216,221,209,214,202,207
1,228,11,228,212,217,201,206,190,195
1,228,13,228,210,215,197,202,184,189
1,228,17,228,206,211,189,194,172,177
1,228,19,228,204,209,185,190,166,171
1,229,2,229,222,227,220,225,218,223
1,229,3,229,221,226,218,223,215,220
1,229,5,229,219,224,214,219,209,214
1,229,7,229,217,222,210,215,203,208
1,229,11,229,213,218,202,207,191,196
1,229,13,229,211,216,198,203,185,190
1,229,17,229,207,212,190,195,173,178
1,229,19,229,205,210,186,191,167,172
1,230,2,230,223,228,221,226,219,224
1,230,3,230,222,227,219,224,216,221
1,230,5,230,220,225,215,220,210,215
1,230,7,230,218,223,211,216,204,209
1,230,11,230,214,219,203,208,192,197
1,230,13,230,212,217,199,204,186,191
1,230,17,230,208,213,191,196,174,179
1,230,19,230,206,211,187,192,168,173
1,231,2,231,224,229,222,227,220,225
1,231,3,231,223,228,220,225,217,222
1,231,5,231,221,226,216,221,211,216
1,231,7,231,219,224,212,217,205,210
1,231,11,231,215,220,204,209,193,198
1,231,13,231,213,218,200,205,187,192
1,231,17,231,209,214,192,197,175,180
1,231,19,231,207,212,188,193,169,174
1,232,2,232,225,230,223,228,221,226
1,232,3,232,224,229,221,226,218,223
1,232,5,232,222,227,217,222,212,217
1,232,7,232,220,225,213,218,206,211
1,232,11,232,216,221,205,210,194,199
1,232,13,232,214,219,201,206,188,193
1,232,17,232,210,215,193,198,176,181
1,232,19,232,208,213,189,194,170,175
1,233,2,233,226,231,224,229,222,227
1,233,3,233,225,230,222,227,219,224
1,233,5,233,223,228,218,223,213,218
1,233,7,233,221,226,214,219,207,212
1,233,11,233,217,222,206,211,195,200
1,233,13,233,215,220,202,207,189,194
1,233,17,233,211,216,194,199,177,182
1,233,19,233,209,214,190,195,171,176
1,234,2,234,227,232,225,230,223,228
1,234,3,234,226,231,223,228,220,225
1,234,5,234,224,229,219,224,214,219
1,234,7,234,222,227,215,220,208,213
1,234,11,234,218,223,207,212,196,201
1,234,13,234,216,221,203,208,190,195
1,234,17,234,212,217,195,200,178,183
1,234,19,234,210,215,191,196,172,177
1,235,2,235,228,233,226,231,224,229
1,235,3,235,227,232,224,229,221,226
1,235,5,235,225,230,220,225,215,220
1,235,7,235,223,228,216,221,209,214
1,235,11,235,219,224,208,213,197,202
1,235,13,235,217,222,204,209,191,196
1,235,17,235,213,218,196,201,179,184
1,235,19,235,211,216,192,197,173,178
1,236,2,236,229,234,227,232,225,230
1,236,3,236,228,233,225,230,222,227
1,236,5,236,226,231,221,226,216,221
1,236,7,236,224,229,217,222,210,215
1,236,11,236,220,225,209,214,198,203
1,236,13,236,218,223,205,210,192,197
1,236,17,236,214,219,197,202,180,185
1,236,19,236,212,217,193,198,174,179
1,237,2,237,230,235,228,233,226,231
1,237,3,237,229,234,226,231,223,228
1,237,5,237,227,232,222,227,217,222
1,237,7,237,225,230,218,223,211,216
1,237,11,237,221,226,210,215,199,204
1,237,13,237,219,224,206,211,193,198
1,237,17,237,215,220,198,203,181,186
1,237,19,237,213,218,194,199,175,180
1,238,2,238,231,236,229,234,227,232
1,238,3,238,230,235,227,232,224,229
1,238,5,238,228,233,223,228,218,223
1,238,7,238,226,231,219,224,212,217
1,238,11,238,222,227,211,216,200,205
1,238,13,238,220,225,207,212,194,199
1,238,17,238,216,221,199,204,182,187
1,238,19,238,214,219,195,200,176,181
1,239,2,239,232,237,230,235,228,233
1,239,3,239,231,236,228,233,225,230
1,239,5,239,229,234,224,229,219,224
1,239,7,239,227,232,220,225,213,218
1,239,11,239,223,228,212,217,201,206
1,239,13,239,221,226,208,213,195,200
1,239,17,239,217,222,200,205,183,188
1,239,19,239,215,220,196,201,177,182
1,240,2,240,233,238,231,236,229,234
1,240,3,240,232,237,229,234,226,231
1,240,5,240,230,235,225,230,220,225
1,240,7,240,228,233,221,226,214,219
1,240,11,240,224,229,213,218,202,207
1,240,13,240,222,227,209,214,196,201
1,240,17,240,218,223,201,206,184,189
1,240,19,240,216,221,197,202,178,183
1,241,2,241,234,239,232,237,230,235
1,241,3,241,233,238,230,235,227,232
1,241,5,241,231,236,226,231,221,226
1,241,7,241,229,234,222,227,215,220
1,241,11,241,225,230,214,219,203,208
1,241,13,241,223,228,210,215,197,202
1,241,17,241,219,224,202,207,185,190
1,241,19,241,217,222,198,203,179,184
1,242,2,242,235,240,233,238,231,236
1,242,3,242,234,239,231,236,228,233
1,242,5,242,232,237,227,232,222,227
1,242,7,242,230,235,223,228,216,221
1,242,11,242,226,231,215,220,204,209
1,242,13,242,224,229,211,216,198,203
1,242,17,242,220,225,203,208,186,191
1,242,19,242,218,223,199,204,180,185
1,243,2,243,236,241,234,239,232,237
1,243,3,243,235,240,232,237,229,234
1,243,5,243,233,238,228,233,223,228
1,243,7,243,231,236,224,229,217,222
1,243,11,243,227,232,216,221,205,210
1,243,13,243,225,230,212,217,199,204
1,243,17,243,221,226,204,209,187,192
1,243,19,243,219,224,200,205,181,186
1,244,2,244,237,242,235,240,233,238
1,244,3,244,236,241,233,238,230,235
1,244,5,244,234,239,229,234,224,229
1,244,7,244,232,237,225,230,218,223
1,244,11,244,228,233,217,222,206,211
1,244,13,244,226,231,213,218,200,205
1,244,17,244,222,227,205,210,188,193
1,244,19,244,220,225,201,206,182,187
1,245,2,245,238,243,236,241,234,239
1,245,3,245,237,242,234,239,231,236
1,245,5,245,235,240,230,235,225,230
1,245,7,245,233,238,226,231,219,224
1,245,11,245,229,234,218,223,207,212
1,245,13,245,227,232,214,219,201,206
1,245,17,245,223,228,206,211,189,194
1,245,19,245,221,226,202,207,183,188
1,246,2,246,239,244,237,242,235,240
1,246,3,246,238,243,235,240,232,237
1,246,5,246,236,241,231,236,226,231
1,246,7,246,234,239,227,232,220,225
1,246,11,246,230,235,219,224,208,213
1,246,13,246,228,233,215,220,202,207
1,246,17,246,224,229,207,212,190,195
1,246,19,246,222,227,203,208,184,189
1,247,2,247,240,245,238,243,236,241
1,247,3,247,239,244,236,241,233,238
1,247,5,247,237,242,232,237,227,232
1,247,7,247,235,240,228,233,221,226
1,247,11,247,231,236,220,225,209,214
1,247,13,247,229,234,216,221,203,208
1,247,17,247,225,230,208,213,191,196
1,247,19,247,223,228,204,209,185,190
1,248,2,248,241,246,239,244,237,242
1,248,3,248,240,245,237,242,234,239
1,248,5,248,238,243,233,238,228,233
1,248,7,248,236,241,229,234,222,227
1,248,11,248,232,237,221,226,210,215
1,248,13,248,230,235,217,222,204,209
1,248,17,248,226,231,209,214,192,197
1,248,19,248,224,229,205,210,186,191
1,249,2,249,242,247,240,245,238,243
1,249,3,249,241,246,238,243,235,240
1,249,5,249,239,244,234,239,229,234
1,249,7,249,237,242,230,235,223,228
1,249,11,249,233,238,222,227,211,216
1,249,13,249,231,236,218,223,205,210
1,249,17,249,227,232,210,215,193,198
1,249,19,249,225,230,206,211,187,192
1,250,2,250,243,248,241,246,239,244
1,250,3,250,242,247,239,244,236,241
1,250,5,250,240,245,235,240,230,235
1,250,7,250,238,243,231,236,224,229
1,250,11,250,234,239,223,228,212,217
1,250,13,250,232,237,219,224,206,211
1,250,17,250,228,233,211,216,194,199
1,250,19,250,226,231,207,212,188,193
1,251,2,251,244,249,242,247,240,245
1,251,3,251,243,248,240,245,237,242
1,251,5,251,241,246,236,241,231,236
1,251,7,251,239,244,232,237,225,230
1,251,11,251,235,240,224,229,213,218
1,251,13,251,233,238,220,225,207,212
1,251,17,251,229,234,212,217,195,200
1,251,19,251,227,232,208,213,189,194
1,252,2,252,245,250,243,248,241,246
1,252,3,252,244,249,241,246,238,243
1,252,5,252,242,247,237,242,232,237
1,252,7,252,240,245,233,238,226,231
1,252,11,252,236,241,225,230,214,219
1,252,13,252,234,239,221,226,208,213
1,252,17,252,230,235,213,218,196,201
1,252,19,252,228,233,209,214,190,195
1,253,2,253,246,251,244,249,242,247
1,253,3,253,245,250,242,247,239,244
1,253,5,253,243,248,238,243,233,238
1,253,7,253,241,246,234,239,227,232
1,253,11,253,237,242,226,231,215,220
1,253,13,253,235,240,222,227,209,214
1,253,17,253,231,236,214,219,197,202
1,253,19,253,229,234,210,215,191,196
1,254,2,254,247,252,245,250,243,248
1,254,3,254,246,251,243,248,240,245
1,254,5,254,244,249,239,244,234,239
1,254,7,254,242,247,235,240,228,233
1,254,11,254,238,243,227,232,216,221
1,254,13,254,236,241,223,228,210,215
1,254,17,254,232,237,215,220,198,203
1,254,19,254,230,235,211,216,192,197
1,255,2,255,248,253,246,251,244,249
1,255,3,255,247,252,244,249,241,246
1,255,5,255,245,250,240,245,235,240
1,255,7,255,243,248,236,241,229,234
1,255,11,255,239,244,228,233,217,222
1,255,13,255,237,242,224,229,211,216
1,255,17,255,233,238,216,221,199,204
1,255,19,255,231,236,212,217,193,198
1,256,2,256,249,254,247,252,245,250
1,256,3,256,248,253,245,250,242,247
1,256,5,256,246,251,241,246,236,241
1,256,7,256,244,249,237,242,230,235
1,256,11,256,240,245,229,234,218,223
1,256,13,256,238,243,225,230,212,217
1,256,17,256,234,239,217,222,200,205
1,256,19,256,232,237,213,218,194,199
1,257,2,257,250,255,248,253,246,251
1,257,3,257,249,254,246,251,243,248
1,257,5,257,247,252,242,247,237,242
1,257,7,257,245,250,238,243,231,236
1,257,11,257,241,246,230,235,219,224
1,257,13,257,239,244,226,231,213,218
1,257,17,257,235,240,218,223,201,206
1,257,19,257,233,238,214,219,195,200
1,258,2,258,251,256,249,254,247,252
1,258,3,258,250,255,247,252,244,249
1,258,5,258,248,253,243,248,238,243
1,258,7,258,246,251,239,244,232,237
1,258,11,258,242,247,231,236,220,225
1,258,13,258,240,245,227,232,214,219
1,258,17,258,236,241,219,224,202,207
1,258,19,258,234,239,215,220,196,201
1,259,2,259,252,257,250,255,248,253
1,259,3,259,251,256,248,253,245,250
1,259,5,259,249,254,244,249,239,244
1,259,7,259,247,252,240,245,233,238
1,259,11,259,243,248,232,237,221,226
1,259,13,259,241,246,228,233,215,220
1,259,17,259,237,242,220,225,203,208
1,259,19,259,235,240,216,221,197,202
1,260,2,260,253,258,251,256,249,254
1,260,3,260,252,257,249,254,246,251
1,260,5,260,250,255,245,250,240,245
1,260,7,260,248,253,241,246,234,239
1,260,11,260,244,249,233,238,222,227
1,260,13,260,242,247,229,234,216,221
1,260,17,260,238,243,221,226,204,209
1,260,19,260,236,241,217,222,198,203
1,261,2,261,254,259,252,257,250,255
1,261,3,261,253,258,250,255,247,252
1,261,5,261,251,256,246,251,241,246
1,261,7,261,249,254,242,247,235,240
1,261,11,261,245,250,234,239,223,228
1,261,13,261,243,248,230,235,217,222
1,261,17,261,239,244,222,227,205,210
1,261,19,261,237,242,218,223,199,204
1,262,2,262,255,260,253,258,251,256
1,262,3,262,254,259,251,256,248,253
1,262,5,262,252,257,247,252,242,247
1,262,7,262,250,255,243,248,236,241
1,262,11,262,246,251,235,240,224,229
1,262,13,262,244,249,231,236,218,223
1,262,17,262,240,245,223,228,206,211
1,262,19,262,238,243,219,224,200,205
1,263,2,263,256,261,254,259,252,257
1,263,3,263,255,260,252,257,249,254
1,263,5,263,253,258,248,253,243,248
1,263,7,263,251,256,244,249,237,242
1,263,11,263,247,252,236,241,225,230
1,263,13,263,245,250,232,237,219,224
1,263,17,263,241,246,224,229,207,212
1,263,19,263,239,244,220,225,201,206
1,264,2,264,257,262,255,260,253,258
1,264,3,264,256,261,253,258,250,255
1,264,5,264,254,259,249,254,244,249
1,264,7,264,252,257,245,250,238,243
1,264,11,264,248,253,237,242,226,231
1,264,13,264,246,251,233,238,220,225
1,264,17,264,242,247,225,230,208,213
1,264,19,264,240,245,221,226,202,207
1,265,2,265,258,263,256,261,254,259
1,265,3,265,257,262,254,259,251,256
1,265,5,265,255,260,250,255,245,250
1,265,7,265,253,258,246,251,239,244
1,265,11,265,249,254,238,243,227,232
1,265,13,265,247,252,234,239,221,226
1,265,17,265,243,248,226,231,209,214
1,265,19,265,241,246,222,227,203,208
1,266,2,266,259,264,257,262,255,260
1,266,3,266,258,263,255,260,252,257
1,266,5,266,256,261,251,256,246,251
1,266,7,266,254,259,247,252,240,245
1,266,11,266,250,255,239,244,228,233
1,266,13,266,248,253,235,240,222,227
1,266,17,266,244,249,227,232,210,215
1,266,19,266,242,247,223,228,204,209
1,267,2,267,260,265,258,263,256,261
1,267,3,267,259,264,256,261,253,258
1,267,5,267,257,262,252,257,247,252
1,267,7,267,255,260,248,253,241,246
1,267,11,267,251,256,240,245,229,234
1,267,13,267,249,254,236,241,223,228
1,267,17,267,245,250,228,233,211,216
1,267,19,267,243,248,224,229,205,210
1,268,2,268,261,266,259,264,257,262
1,268,3,268,260,265,257,262,254,259
1,268,5,268,258,263,253,258,248,253
1,268,7,268,256,261,249,254,242,247
1,268,11,268,252,257,241,246,230,235
1,268,13,268,250,255,237,242,224,229
1,268,17,268,246,251,229,234,212,217
1,268,19,268,244,249,225,230,206,211
1,269,2,269,262,267,260,265,258,263
1,269,3,269,261,266,258,263,255,260
1,269,5,269,259,264,254,259,249,254
1,269,7,269,257,262,250,255,243,248
1,269,11,269,253,258,242,247,231,236
1,269,13,269,251,256,238,243,225,230
1,269,17,269,247,252,230,235,213,218
1,269,19,269,245,250,226,231,207,212
1,270,2,270,263,268,261,266,259,264
1,270,3,270,262,267,259,264,256,261
1,270,5,270,260,265,255,260,250,255
1,270,7,270,258,263,251,256,244,249
1,270,11,270,254,259,243,248,232,237
1,270,13,270,252,257,239,244,226,231
1,270,17,270,248,253,231,236,214,219
1,270,19,270,246,251,227,232,208,213
1,271,2,271,264,269,262,267,260,265
1,271,3,271,263,268,260,265,257,262
1,271,5,271,261,266,256,261,251,256
1,271,7,271,259,264,252,257,245,250
1,271,11,271,255,260,244,249,233,238
1,271,13,271,253,258,240,245,227,232
1,271,17,271,249,254,232,237,215,220
1,271,19,271,247,252,228,233,209,214
1,272,2,272,265,270,263,268,261,266
1,272,3,272,264,269,261,266,258,263
1,272,5,272,262,267,257,262,252,257
1,272,7,272,260,265,253,258,246,251
1,272,11,272,256,261,245,250,234,239
1,272,13,272,254,259,241,246,228,233
1,272,17,272,250,255,233,238,216,221
1,272,19,272,248,253,229,234,210,215
1,273,2,273,266,271,264,269,262,267
1,273,3,273,265,270,262,267,259,264
1,273,5,273,263,268,258,263,253,258
1,273,7,273,261,266,254,259,247,252
1,273,11,273,257,262,246,251,235,240
1,273,13,273,255,260,242,247,229,234
1,273,17,273,251,256,234,239,217,222
1,273,19,273,249,254,230,235,211,216
1,274,2,274,267,272,265,270,263,268
1,274,3,274,266,271,263,268,260,265
1,274,5,274,264,269,259,264,254,259
1,274,7,274,262,267,255,260,248,253
1,274,11,274,258,263,247,252,236,241
1,274,13,274,256,261,243,248,230,235
1,274,17,274,252,257,235,240,218,223
1,274,19,274,250,255,231,236,212,217
1,275,2,275,268,273,266,271,264,269
1,275,3,275,267,272,264,269,261,266
1,275,5,275,265,270,260,265,255,260
1,275,7,275,263,268,256,261,249,254
1,275,11,275,259,264,248,253,237,242
1,275,13,275,257,262,244,249,231,236
1,275,17,275,253,258,236,241,219,224
1,275,19,275,251,256,232,237,213,218
1,276,2,276,269,274,267,272,265,270
1,276,3,276,268,273,265,270,262,267
1,276,5,276,266,271,261,266,256,261
1,276,7,276,264,269,257,262,250,255
1,276,11,276,260,265,249,254,238,243
1,276,13,276,258,263,245,250,232,237
1,276,17,276,254,259,237,242,220,225
1,276,19,276,252,257,233,238,214,219
1,277,2,277,270,275,268,273,266,271
1,277,3,277,269,274,266,271,263,268
1,277,5,277,267,272,262,267,257,262
1,277,7,277,265,270,258,263,251,256
1,277,11,277,261,266,250,255,239,244
1,277,13,277,259,264,246,251,233,238
1,277,17,277,255,260,238,243,221,226
1,277,19,277,253,258,234,239,215,220
1,278,2,278,271,276,269,274,267,272
1,278,3,278,270,275,267,272,264,269
1,278,5,278,268,273,263,268,258,263
1,278,7,278,266,271,259,264,252,257
1,278,11,278,262,267,251,256,240,245
1,278,13,278,260,265,247,252,234,239
1,278,17,278,256,261,239,244,222,227
1,278,19,278,254,259,235,240,216,221
1,279,2,279,272,277,270,275,268,273
1,279,3,279,271,276,268,273,265,270
1,279,5,279,269,274,264,269,259,264
1,279,7,279,267,272,260,265,253,258
1,279,11,279,263,268,252,257,241,246
1,279,13,279,261,266,248,253,235,240
1,279,17,279,257,262,240,245,223,228
1,279,19,279,255,260,236,241,217,222
1,280,2,280,273,278,271,276,269,274
1,280,3,280,272,277,269,274,266,271
1,280,5,280,270,275,265,270,260,265
1,280,7,280,268,273,261,266,254,259
1,280,11,280,264,269,253,258,242,247
1,280,13,280,262,267,249,254,236,241
1,280,17,280,258,263,241,246,224,229
1,280,19,280,256,261,237,242,218,223
1,281,2,281,274,279,272,277,270,275
1,281,3,281,273,278,270,275,267,272
1,281,5,281,271,276,266,271,261,266
1,281,7,281,269,274,262,267,255,260
1,281,11,281,265,270,254,259,243,248
1,281,13,281,263,268,250,255,237,242
1,281,17,281,259,264,242,247,225,230
1,281,19,281,257,262,238,243,219,224
1,282,2,282,275,280,273,278,271,276
1,282,3,282,274,279,271,276,268,273
1,282,5,282,272,277,267,272,262,267
1,282,7,282,270,275,263,268,256,261
1,282,11,282,266,271,255,260,244,249
1,282,13,282,264,269,251,256,238,243
1,282,17,282,260,265,243,248,226,231
1,282,19,282,258,263,239,244,220,225
1,283,2,283,276,281,274,279,272,277
1,283,3,283,275,280,272,277,269,274
1,283,5,283,273,278,268,273,263,268
1,283,7,283,271,276,264,269,257,262
1,283,11,283,267,272,256,261,245,250
1,283,13,283,265,270,252,257,239,244
1,283,17,283,261,266,244,249,227,232
1,283,19,283,259,264,240,245,221,226
1,284,2,284,277,282,275,280,273,278
1,284,3,284,276,281,273,278,270,275
1,284,5,284,274,279,269,274,264,269
1,284,7,284,272,277,265,270,258,263
1,284,11,284,268,273,257,262,246,251
1,284,13,284,266,271,253,258,240,245
1,284,17,284,262,267,245,250,228,233
1,284,19,284,260,265,241,246,222,227
1,285,2,285,278,283,276,281,274,279
1,285,3,285,277,282,274,279,271,276
1,285,5,285,275,280,270,275,265,270
1,285,7,285,273,278,266,271,259,264
1,285,11,285,269,274,258,263,247,252
1,285,13,285,267,272,254,259,241,246
1,285,17,285,263,268,246,251,229,234
1,285,19,285,261,266,242,247,223,228
1,286,2,286,279,284,277,282,275,280
1,286,3,286,278,283,275,280,272,277
1,286,5,286,276,281,271,276,266,271
1,286,7,286,274,279,267,272,260,265
1,286,11,286,270,275,259,264,248,253
1,286,13,286,268,273,255,260,242,247
1,286,17,286,264,269,247,252,230,235
1,286,19,286,262,267,243,248,224,229
1,287,2,287,280,285,278,283,276,281
1,287,3,287,279,284,276,281,273,278
1,287,5,287,277,282,272,277,267,272
1,287,7,287,275,280,268,273,261,266
1,287,11,287,271,276,260,265,249,254
1,287,13,287,269,274,256,261,243,248
1,287,17,287,265,270,248,253,231,236
1,287,19,287,263,268,244,249,225,230
1,288,2,288,281,286,279,284,277,282
1,288,3,288,280,285,277,282,274,279
1,288,5,288,278,283,273,278,268,273
1,288,7,288,276,281,269,274,262,267
1,288,11,288,272,277,261,266,250,255
1,288,13,288,270,275,257,262,244,249
1,288,17,288,266,271,249,254,232,237
1,288,19,288,264,269,245,250,226,231
1,289,2,289,282,287,280,285,278,283
1,289,3,289,281,286,278,283,275,280
1,289,5,289,279,284,274,279,269,274
1,289,7,289,277,282,270,275,263,268
1,289,11,289,273,278,262,267,251,256
1,289,13,289,271,276,258,263,245,250
1,289,17,289,267,272,250,255,233,238
1,289,19,289,265,270,246,251,227,232
1,290,2,290,283,288,281,286,279,284
1,290,3,290,282,287,279,284,276,281
1,290,5,290,280,285,275,280,270,275
1,290,7,290,278,283,271,276,264,269
1,290,11,290,274,279,263,268,252,257
1,290,13,290,272,277,259,264,246,251
1,290,17,290,268,273,251,256,234,239
1,290,19,290,266,271,247,252,228,233
1,291,2,291,284,289,282,287,280,285
1,291,3,291,283,288,280,285,277,282
1,291,5,291,281,286,276,281,271,276
1,291,7,291,279,284,272,277,265,270
1,291,11,291,275,280,264,269,253,258
1,291,13,291,273,278,260,265,247,252
1,291,17,291,269,274,252,257,235,240
1,291,19,291,267,272,248,253,229,234
1,292,2,292,285,290,283,288,281,286
1,292,3,292,284,289,281,286,278,283
1,292,5,292,282,287,277,282,272,277
1,292,7,292,280,285,273,278,266,271
1,292,11,292,276,281,265,270,254,259
1,292,13,292,274,279,261,266,248,253
1,292,17,292,270,275,253,258,236,241
1,292,19,292,268,273,249,254,230,235
1,293,2,293,286,291,284,289,282,287
1,293,3,293,285,290,282,287,279,284
1,293,5,293,283,288,278,283,273,278
1,293,7,293,281,286,274,279,267,272
1,293,11,293,277,282,266,271,255,260
1,293,13,293,275,280,262,267,249,254
1,293,17,293,271,276,254,259,237,242
1,293,19,293,269,274,250,255,231,236
1,294,2,294,287,292,285,290,283,288
1,294,3,294,286,291,283,288,280,285
1,294,5,294,284,289,279,284,274,279
1,294,7,294,282,287,275,280,268,273
1,294,11,294,278,283,267,272,256,261
1,294,13,294,276,281,263,268,250,255
1,294,17,294,272,277,255,260,238,243
1,294,19,294,270,275,251,256,232,237
1,295,2,295,288,293,286,291,284,289
1,295,3,295,287,292,284,289,281,286
1,295,5,295,285,290,280,285,275,280
1,295,7,295,283,288,276,281,269,274
1,295,11,295,279,284,268,273,257,262
1,295,13,295,277,282,264,269,251,256
1,295,17,295,273,278,256,261,239,244
1,295,19,295,271,276,252,257,233,238
1,296,2,296,289,294,287,292,285,290
1,296,3,296,288,293,285,290,282,287
1,296,5,296,286,291,281,286,276,281
1,296,7,296,284,289,277,282,270,275
1,296,11,296,280,285,269,274,258,263
1,296,13,296,278,283,265,270,252,257
1,296,17,296,274,279,257,262,240,245
1,296,19,296,272,277,253,258,234,239
1,297,2,297,290,295,288,293,286,291
1,297,3,297,289,294,286,291,283,288
1,297,5,297,287,292,282,287,277,282
1,297,7,297,285,290,278,283,271,276
1,297,11,297,281,286,270,275,259,264
1,297,13,297,279,284,266,271,253,258
1,297,17,297,275,280,258,263,241,246
1,297,19,297,273,278,254,259,235,240
1,298,2,298,291,296,289,294,287,292
1,298,3,298,290,295,287,292,284,289
1,298,5,298,288,293,283,288,278,283
1,298,7,298,286,291,279,284,272,277
1,298,11,298,282,287,271,276,260,265
1,298,13,298,280,285,267,272,254,259
1,298,17,298,276,281,259,264,242,247
1,298,19,298,274,279,255,260,236,241
1,299,2,299,292,297,290,295,288,293
1,299,3,299,291,296,288,293,285,290
1,299,5,299,289,294,284,289,279,284
1,299,7,299,287,292,280,285,273,278
1,299,11,299,283,288,272,277,261,266
1,299,13,299,281,286,268,273,255,260
1,299,17,299,277,282,260,265,243,248
1,299,19,299,275,280,256,261,237,242
1,300,2,300,293,298,291,296,289,294
1,300,3,300,292,297,289,294,286,291
1,300,5,300,290,295,285,290,280,285
1,300,7,300,288,293,281,286,274,279
1,300,11,300,284,289,273,278,262,267
1,300,13,300,282,287,269,274,256,261
1,300,17,300,278,283,261,266,244,249
1,300,19,300,276,281,257,262,238,243
1,301,2,301,294,299,292,297,290,295
1,301,3,301,293,298,290,295,287,292
1,301,5,301,291,296,286,291,281,286
1,301,7,301,289,294,282,287,275,280
1,301,11,301,285,290,274,279,263,268
1,301,13,301,283,288,270,275,257,262
1,301,17,301,279,284,262,267,245,250
1,301,19,301,277,282,258,263,239,244
1,302,2,302,295,300,293,298,291,296
1,302,3,302,294,299,291,296,288,293
1,302,5,302,292,297,287,292,282,287
1,302,7,302,290,295,283,288,276,281
1,302,11,302,286,291,275,280,264,269
1,302,13,302,284,289,271,276,258,263
1,302,17,302,280,285,263,268,246,251
1,302,19,302,278,283,259,264,240,245
1,303,2,303,296,301,294,299,292,297
1,303,3,303,295,300,292,297,289,294
1,303,5,303,293,298,288,293,283,288
1,303,7,303,291,296,284,289,277,282
1,303,11,303,287,292,276,281,265,270
1,303,13,303,285,290,272,277,259,264
1,303,17,303,281,286,264,269,247,252
1,303,19,303,279,284,260,265,241,246
1,304,2,304,297,302,295,300,293,298
1,304,3,304,296,301,293,298,290,295
1,304,5,304,294,299,289,294,284,289
1,304,7,304,292,297,285,290,278,283
1,304,11,304,288,293,277,282,266,271
1,304,13,304,286,291,273,278,260,265
1,304,17,304,282,287,265,270,248,253
1,304,19,304,280,285,261,266,242,247
1,305,2,305,298,303,296,301,294,299
1,305,3,305,297,302,294,299,291,296
1,305,5,305,295,300,290,295,285,290
1,305,7,305,293,298,286,291,279,284
1,305,11,305,289,294,278,283,267,272
1,305,13,305,287,292,274,279,261,266
1,305,17,305,283,288,266,271,249,254
1,305,19,305,281,286,262,267,243,248
1,306,2,306,299,304,297,302,295,300
1,306,3,306,298,303,295,300,292,297
1,306,5,306,296,301,291,296,286,291
1,306,7,306,294,299,287,292,280,285
1,306,11,306,290,295,279,284,268,273
1,306,13,306,288,293,275,280,262,267
1,306,17,306,284,289,267,272,250,255
1,306,19,306,282,287,263,268,244,249
1,307,2,307,300,305,298,303,296,301
1,307,3,307,299,304,296,301,293,298
1,307,5,307,297,302,292,297,287,292
1,307,7,307,295,300,288,293,281,286
1,307,11,307,291,296,280,285,269,274
1,307,13,307,289,294,276,281,263,268
1,307,17,307,285,290,268,273,251,256
1,307,19,307,283,288,264,269,245,250
1,308,2,308,301,306,299,304,297,302
1,308,3,308,300,305,297,302,294,299
1,308,5,308,298,303,293,298,288,293
1,308,7,308,296,301,289,294,282,287
1,308,11,308,292,297,281,286,270,275
1,308,13,308,290,295,277,282,264,269
1,308,17,308,286,291,269,274,252,257
1,308,19,308,284,289,265,270,246,251
1,309,2,309,302,307,300,305,298,303
1,309,3,309,301,306,298,303,295,300
1,309,5,309,299,304,294,299,289,294
1,309,7,309,297,302,290,295,283,288
1,309,11,309,293,298,282,287,271,276
1,309,13,309,291,296,278,283,265,270
1,309,17,309,287,292,270,275,253,258
1,309,19,309,285,290,266,271,247,252
1,310,2,310,303,308,301,306,299,304
1,310,3,310,302,307,299,304,296,301
1,310,5,310,300,305,295,300,290,295
1,310,7,310,298,303,291,296,284,289
1,310,11,310,294,299,283,288,272,277
1,310,13,310,292,297,279,284,266,271
1,310,17,310,288,293,271,276,254,259
1,310,19,310,286,291,267,272,248,253
1,311,2,311,304,309,302,307,300,305
1,311,3,311,303,308,300,305,297,302
1,311,5,311,301,306,296,301,291,296
1,311,7,311,299,304,292,297,285,290
1,311,11,311,295,300,284,289,273,278
1,311,13,311,293,298,280,285,267,272
1,311,17,311,289,294,272,277,255,260
1,311,19,311,287,292,268,273,249,254
1,312,2,312,305,310,303,308,301,306
1,312,3,312,304,309,301,306,298,303
1,312,5,312,302,307,297,302,292,297
1,312,7,312,300,305,293,298,286,291
1,312,11,312,296,301,285,290,274,279
1,312,13,312,294,299,281,286,268,273
1,312,17,312,290,295,273,278,256,261
1,312,19,312,288,293,269,274,250,255
1,313,2,313,306,311,304,309,302,307
1,313,3,313,305,310,302,307,299,304
1,313,5,313,303,308,298,303,293,298
1,313,7,313,301,306,294,299,287,292
1,313,11,313,297,302,286,291,275,280
1,313,13,313,295,300,282,287,269,274
1,313,17,313,291,296,274,279,257,262
1,313,19,313,289,294,270,275,251,256
1,314,2,314,307,312,305,310,303,308
1,314,3,314,306,311,303,308,300,305
1,314,5,314,304,309,299,304,294,299
1,314,7,314,302,307,295,300,288,293
1,314,11,314,298,303,287,292,276,281
1,314,13,314,296,301,283,288,270,275
1,314,17,314,292,297,275,280,258,263
1,314,19,314,290,295,271,276,252,257
1,315,2,315,308,313,306,311,304,309
1,315,3,315,307,312,304,309,301,306
1,315,5,315,305,310,300,305,295,300
1,315,7,315,303,308,296,301,289,294
1,315,11,315,299,304,288,293,277,282
1,315,13,315,297,302,284,289,271,276
1,315,17,315,293,298,276,281,259,264
1,315,19,315,291,296,272,277,253,258
1,316,2,316,309,314,307,312,305,310
1,316,3,316,308,313,305,310,302,307
1,316,5,316,306,311,301,306,296,301
1,316,7,316,304,309,297,302,290,295
1,316,11,316,300,305,289,294,278,283
1,316,13,316,298,303,285,290,272,277
1,316,17,316,294,299,277,282,260,265
1,316,19,316,292,297,273,278,254,259
1,317,2,317,310,315,308,313,306,311
1,317,3,317,309,314,306,311,303,308
1,317,5,317,307,312,302,307,297,302
1,317,7,317,305,310,298,303,291,296
1,317,11,317,301,306,290,295,279,284
1,317,13,317,299,304,286,291,273,278
1,317,17,317,295,300,278,283,261,266
1,317,19,317,293,298,274,279,255,260
1,318,2,318,311,316,309,314,307,312
1,318,3,318,310,315,307,312,304,309
1,318,5,318,308,313,303,308,298,303
1,318,7,318,306,311,299,304,292,297
1,318,11,318,302,307,291,296,280,285
1,318,13,318,300,305,287,292,274,279
1,318,17,318,296,301,279,284,262,267
1,318,19,318,294,299,275,280,256,261
1,319,2,319,312,317,310,315,308,313
1,319,3,319,311,316,308,313,305,310
1,319,5,319,309,314,304,309,299,304
1,319,7,319,307,312,300,305,293,298
1,319,11,319,303,308,292,297,281,286
1,319,13,319,301,306,288,293,275,280
1,319,17,319,297,302,280,285,263,268
1,319,19,319,295,300,276,281,257,262
1,320,2,320,313,318,311,316,309,314
1,320,3,320,312,317,309,314,306,311
1,320,5,320,310,315,305,310,300,305
1,320,7,320,308,313,301,306,294,299
1,320,11,320,304,309,293,298,282,287
1,320,13,320,302,307,289,294,276,281
1,320,17,320,298,303,281,286,264,269
1,320,19,320,296,301,277,282,258,263
1,321,2,321,314,319,312,317,310,315
1,321,3,321,313,318,310,315,307,312
1,321,5,321,311,316,306,311,301,306
1,321,7,321,309,314,302,307,295,300
1,321,11,321,305,310,294,299,283,288
1,321,13,321,303,308,290,295,277,282
1,321,17,321,299,304,282,287,265,270
1,321,19,321,297,302,278,283,259,264
1,322,2,322,315,320,313,318,311,316
1,322,3,322,314,319,311,316,308,313
1,322,5,322,312,317,307,312,302,307
1,322,7,322,310,315,303,308,296,301
1,322,11,322,306,311,295,300,284,289
1,322,13,322,304,309,291,296,278,283
1,322,17,322,300,305,283,288,266,271
1,322,19,322,298,303,279,284,260,265
1,323,2,323,316,321,314,319,312,317
1,323,3,323,315,320,312,317,309,314
1,323,5,323,313,318,308,313,303,308
1,323,7,323,311,316,304,309,297,302
1,323,11,323,307,312,296,301,285,290
1,323,13,323,305,310,292,297,279,284
1,323,17,323,301,306,284,289,267,272
1,323,19,323,299,304,280,285,261,266
1,324,2,324,317,322,315,320,313,318
1,324,3,324,316,321,313,318,310,315
1,324,5,324,314,319,309,314,304,309
1,324,7,324,312,317,305,310,298,303
1,324,11,324,308,313,297,302,286,291
1,324,13,324,306,311,293,298,280,285
1,324,17,324,302,307,285,290,268,273
1,324,19,324,300,305,281,286,262,267
1,325,2,325,318,323,316,321,314,319
1,325,3,325,317,322,314,319,311,316
1,325,5,325,315,320,310,315,305,310
1,325,7,325,313,318,306,311,299,304
1,325,11,325,309,314,298,303,287,292
1,325,13,325,307,312,294,299,281,286
1,325,17,325,303,308,286,291,269,274
1,325,19,325,301,306,282,287,263,268
1,326,2,326,319,324,317,322,315,320
1,326,3,326,318,323,315,320,312,317
1,326,5,326,316,321,311,316,306,311
1,326,7,326,314,319,307,312,300,305
1,326,11,326,310,315,299,304,288,293
1,326,13,326,308,313,295,300,282,287
1,326,17,326,304,309,287,292,270,275
1,326,19,326,302,307,283,288,264,269
1,327,2,327,320,325,318,323,316,321
1,327,3,327,319,324,316,321,313,318
1,327,5,327,317,322,312,317,307,312
1,327,7,327,315,320,308,313,301,306
1,327,11,327,311,316,300,305,289,294
1,327,13,327,309,314,296,301,283,288
1,327,17,327,305,310,288,293,271,276
1,327,19,327,303,308,284,289,265,270
1,328,2,328,321,326,319,324,317,322
1,328,3,328,320,325,317,322,314,319
1,328,5,328,318,323,313,318,308,313
1,328,7,328,316,321,309,314,302,307
1,328,11,328,312,317,301,306,290,295
1,328,13,328,310,315,297,302,284,289
1,328,17,328,306,311,289,294,272,277
1,328,19,328,304,309,285,290,266,271
1,329,2,329,322,327,320,325,318,323
1,329,3,329,321,326,318,323,315,320
1,329,5,329,319,324,314,319,309,314
1,329,7,329,317,322,310,315,303,308
1,329,11,329,313,318,302,307,291,296
1,329,13,329,311,316,298,303,285,290
1,329,17,329,307,312,290,295,273,278
1,329,19,329,305,310,286,291,267,272
1,330,2,330,323,328,321,326,319,324
1,330,3,330,322,327,319,324,316,321
1,330,5,330,320,325,315,320,310,315
1,330,7,330,318,323,311,316,304,309
1,330,11,330,314,319,303,308,292,297
1,330,13,330,312,317,299,304,286,291
1,330,17,330,308,313,291,296,274,279
1,330,19,330,306,311,287,292,268,273
1,331,2,331,324,329,322,327,320,325
1,331,3,331,323,328,320,325,317,322
1,331,5,331,321,326,316,321,311,316
1,331,7,331,319,324,312,317,305,310
1,331,11,331,315,320,304,309,293,298
1,331,13,331,313,318,300,305,287,292
1,331,17,331,309,314,292,297,275,280
1,331,19,331,307,312,288,293,269,274
1,332,2,332,325,330,323,328,321,326
1,332,3,332,324,329,321,326,318,323
1,332,5,332,322,327,317,322,312,317
1,332,7,332,320,325,313,318,306,311
1,332,11,332,316,321,305,310,294,299
1,332,13,332,314,319,301,306,288,293
1,332,17,332,310,315,293,298,276,281
1,332,19,332,308,313,289,294,270,275
1,333,2,333,326,331,324,329,322,327
1,333,3,333,325,330,322,327,319,324
1,333,5,333,323,328,318,323,313,318
1,333,7,333,321,326,314,319,307,312
1,333,11,333,317,322,306,311,295,300
1,333,13,333,315,320,302,307,289,294
1,333,17,333,311,316,294,299,277,282
1,333,19,333,309,314,290,295,271,276
1,334,2,334,327,332,325,330,323,328
1,334,3,334,326,331,323,328,320,325
1,334,5,334,324,329,319,324,314,319
1,334,7,334,322,327,315,320,308,313
1,334,11,334,318,323,307,312,296,301
1,334,13,334,316,321,303,308,290,295
1,334,17,334,312,317,295,300,278,283
1,334,19,334,310,315,291,296,272,277
1,335,2,335,328,333,326,331,324,329
1,335,3,335,327,332,324,329,321,326
1,335,5,335,325,330,320,325,315,320
1,335,7,335,323,328,316,321,309,314
1,335,11,335,319,324,308,313,297,302
1,335,13,335,317,322,304,309,291,296
1,335,17,335,313,318,296,301,279,284
1,335,19,335,311,316,292,297,273,278
1,336,2,336,329,334,327,332,325,330
1,336,3,336,328,333,325,330,322,327
1,336,5,336,326,331,321,326,316,321
1,336,7,336,324,329,317,322,310,315
1,336,11,336,320,325,309,314,298,303
1,336,13,336,318,323,305,310,292,297
1,336,17,336,314,319,297,302,280,285
1,336,19,336,312,317,293,298,274,279
1,337,2,337,330,335,328,333,326,331
1,337,3,337,329,334,326,331,323,328
1,337,5,337,327,332,322,327,317,322
1,337,7,337,325,330,318,323,311,316
1,337,11,337,321,326,310,315,299,304
1,337,13,337,319,324,306,311,293,298
1,337,17,337,315,320,298,303,281,286
1,337,19,337,313,318,294,299,275,280
1,338,2,338,331,336,329,334,327,332
1,338,3,338,330,335,327,332,324,329
1,338,5,338,328,333,323,328,318,323
1,338,7,338,326,331,319,324,312,317
1,338,11,338,322,327,311,316,300,305
1,338,13,338,320,325,307,312,294,299
1,338,17,338,316,321,299,304,282,287
1,338,19,338,314,319,295,300,276,281
1,339,2,339,332,337,330,335,328,333
1,339,3,339,331,336,328,333,325,330
1,339,5,339,329,334,324,329,319,324
1,339,7,339,327,332,320,325,313,318
1,339,11,339,323,328,312,317,301,306
1,339,13,339,321,326,308,313,295,300
1,339,17,339,317,322,300,305,283,288
1,339,19,339,315,320,296,301,277,282
1,340,2,340,333,338,331,336,329,334
1,340,3,340,332,337,329,334,326,331
1,340,5,340,330,335,325,330,320,325
1,340,7,340,328,333,321,326,314,319
1,340,11,340,324,329,313,318,302,307
1,340,13,340,322,327,309,314,296,301
1,340,17,340,318,323,301,306,284,289
1,340,19,340,316,321,297,302,278,283
1,341,2,341,334,339,332,337,330,335
1,341,3,341,333,338,330,335,327,332
1,341,5,341,331,336,326,331,321,326
1,341,7,341,329,334,322,327,315,320
1,341,11,341,325,330,314,319,303,308
1,341,13,341,323,328,310,315,297,302
1,341,17,341,319,324,302,307,285,290
1,341,19,341,317,322,298,303,279,284
1,342,2,342,335,340,333,338,331,336
1,342,3,342,334,339,331,336,328,333
1,342,5,342,332,337,327,332,322,327
1,342,7,342,330,335,323,328,316,321
1,342,11,342,326,331,315,320,304,309
1,342,13,342,324,329,311,316,298,303
1,342,17,342,320,325,303,308,286,291
1,342,19,342,318,323,299,304,280,285
1,343,2,343,336,341,334,339,332,337
1,343,3,343,335,340,332,337,329,334
1,343,5,343,333,338,328,333,323,328
1,343,7,343,331,336,324,329,317,322
1,343,11,343,327,332,316,321,305,310
1,343,13,343,325,330,312,317,299,304
1,343,17,343,321,326,304,309,287,292
1,343,19,343,319,324,300,305,281,286
1,344,2,344,337,342,335,340,333,338
1,344,3,344,336,341,333,338,330,335
1,344,5,344,334,339,329,334,324,329
1,344,7,344,332,337,325,330,318,323
1,344,11,344,328,333,317,322,306,311
1,344,13,344,326,331,313,318,300,305
1,344,17,344,322,327,305,310,288,293
1,344,19,344,320,325,301,306,282,287
1,345,2,345,338,343,336,341,334,339
1,345,3,345,337,342,334,339,331,336
1,345,5,345,335,340,330,335,325,330
1,345,7,345,333,338,326,331,319,324
1,345,11,345,329,334,318,323,307,312
1,345,13,345,327,332,314,319,301,306
1,345,17,345,323,328,306,311,289,294
1,345,19,345,321,326,302,307,283,288
1,346,2,346,339,344,337,342,335,340
1,346,3,346,338,343,335,340,332,337
1,346,5,346,336,341,331,336,326,331
1,346,7,346,334,339,327,332,320,325
1,346,11,346,330,335,319,324,308,313
1,346,13,346,328,333,315,320,302,307
1,346,17,346,324,329,307,312,290,295
1,346,19,346,322,327,303,308,284,289
1,347,2,347,340,345,338,343,336,341
1,347,3,347,339,344,336,341,333,338
1,347,5,347,337,342,332,337,327,332
1,347,7,347,335,340,328,333,321,326
1,347,11,347,331,336,320,325,309,314
1,347,13,347,329,334,316,321,303,308
1,347,17,347,325,330,308,313,291,296
1,347,19,347,323,328,304,309,285,290
1,348,2,348,341,346,339,344,337,342
1,348,3,348,340,345,337,342,334,339
1,348,5,348,338,343,333,338,328,333
1,348,7,348,336,341,329,334,322,327
1,348,11,348,332,337,321,326,310,315
1,348,13,348,330,335,317,322,304,309
1,348,17,348,326,331,309,314,292,297
1,348,19,348,324,329,305,310,286,291
1,349,2,349,342,347,340,345,338,343
1,349,3,349,341,346,338,343,335,340
1,349,5,349,339,344,334,339,329,334
1,349,7,349,337,342,330,335,323,328
1,349,11,349,333,338,322,327,311,316
1,349,13,349,331,336,318,323,305,310
1,349,17,349,327,332,310,315,293,298
1,349,19,349,325,330,306,311,287,292
1,350,2,350,343,348,341,346,339,344
1,350,3,350,342,347,339,344,336,341
1,350,5,350,340,345,335,340,330,335
1,350,7,350,338,343,331,336,324,329
1,350,11,350,334,339,323,328,312,317
1,350,13,350,332,337,319,324,306,311
1,350,17,350,328,333,311,316,294,299
1,350,19,350,326,331,307,312,288,293
1,351,2,351,344,349,342,347,340,345
1,351,3,351,343,348,340,345,337,342
1,351,5,351,341,346,336,341,331,336
1,351,7,351,339,344,332,337,325,330
1,351,11,351,335,340,324,329,313,318
1,351,13,351,333,338,320,325,307,312
1,351,17,351,329,334,312,317,295,300
1,351,19,351,327,332,308,313,289,294
1,352,2,352,345,350,343,348,341,346
1,352,3,352,344,349,341,346,338,343
1,352,5,352,342,347,337,342,332,337
1,352,7,352,340,345,333,338,326,331
1,352,11,352,336,341,325,330,314,319
1,352,13,352,334,339,321,326,308,313
1,352,17,352,330,335,313,318,296,301
1,352,19,352,328,333,309,314,290,295
1,353,2,353,346,351,344,349,342,347
1,353,3,353,345,350,342,347,339,344
1,353,5,353,343,348,338,343,333,338
1,353,7,353,341,346,334,339,327,332
1,353,11,353,337,342,326,331,315,320
1,353,13,353,335,340,322,327,309,314
1,353,17,353,331,336,314,319,297,302
1,353,19,353,329,334,310,315,291,296
1,354,2,354,347,352,345,350,343,348
1,354,3,354,346,351,343,348,340,345
1,354,5,354,344,349,339,344,334,339
1,354,7,354,342,347,335,340,328,333
1,354,11,354,338,343,327,332,316,321
1,354,13,354,336,341,323,328,310,315
1,354,17,354,332,337,315,320,298,303
1,354,19,354,330,335,311,316,292,297
1,355,2,355,348,353,346,351,344,349
1,355,3,355,347,352,344,349,341,346
1,355,5,355,345,350,340,345,335,340
1,355,7,355,343,348,336,341,329,334
1,355,11,355,339,344,328,333,317,322
1,355,13,355,337,342,324,329,311,316
1,355,17,355,333,338,316,321,299,304
1,355,19,355,331,336,312,317,293,298
1,356,2,356,349,354,347,352,345,350
1,356,3,356,348,353,345,350,342,347
1,356,5,356,346,351,341,346,336,341
1,356,7,356,344,349,337,342,330,335
1,356,11,356,340,345,329,334,318,323
1,356,13,356,338,343,325,330,312,317
1,356,17,356,334,339,317,322,300,305
1,356,19,356,332,337,313,318,294,299
1,357,2,357,350,355,348,353,346,351
1,357,3,357,349,354,346,351,343,348
1,357,5,357,347,352,342,347,337,342
1,357,7,357,345,350,338,343,331,336
1,357,11,357,341,346,330,335,319,324
1,357,13,357,339,344,326,331,313,318
1,357,17,357,335,340,318,323,301,306
1,357,19,357,333,338,314,319,295,300
1,358,2,358,351,356,349,354,347,352
1,358,3,358,350,355,347,352,344,349
1,358,5,358,348,353,343,348,338,343
1,358,7,358,346,351,339,344,332,337
1,358,11,358,342,347,331,336,320,325
1,358,13,358,340,345,327,332,314,319
1,358,17,358,336,341,319,324,302,307
1,358,19,358,334,339,315,320,296,301
1,359,2,359,352,357,350,355,348,353
1,359,3,359,351,356,348,353,345,350
1,359,5,359,349,354,344,349,339,344
1,359,7,359,347,352,340,345,333,338
1,359,11,359,343,348,332,337,321,326
1,359,13,359,341,346,328,333,315,320
1,359,17,359,337,342,320,325,303,308
1,359,19,359,335,340,316,321,297,302
1,360,2,360,353,358,351,356,349,354
1,360,3,360,352,357,349,354,346,351
1,360,5,360,350,355,345,350,340,345
1,360,7,360,348,353,341,346,334,339
1,360,11,360,344,349,333,338,322,327
1,360,13,360,342,347,329,334,316,321
1,360,17,360,338,343,321,326,304,309
1,360,19,360,336,341,317,322,298,303
1,361,2,361,354,359,352,357,350,355
1,361,3,361,353,358,350,355,347,352
1,361,5,361,351,356,346,351,341,346
1,361,7,361,349,354,342,347,335,340
1,361,11,361,345,350,334,339,323,328
1,361,13,361,343,348,330,335,317,322
1,361,17,361,339,344,322,327,305,310
1,361,19,361,337,342,318,323,299,304
1,362,2,362,355,360,353,358,351,356
1,362,3,362,354,359,351,356,348,353
1,362,5,362,352,357,347,352,342,347
1,362,7,362,350,355,343,348,336,341
1,362,11,362,346,351,335,340,324,329
1,362,13,362,344,349,331,336,318,323
1,362,17,362,340,345,323,328,306,311
1,362,19,362,338,343,319,324,300,305
1,363,2,363,356,361,354,359,352,357
1,363,3,363,355,360,352,357,349,354
1,363,5,363,353,358,348,353,343,348
1,363,7,363,351,356,344,349,337,342
1,363,11,363,347,352,336,341,325,330
1,363,13,363,345,350,332,337,319,324
1,363,17,363,341,346,324,329,307,312
1,363,19,363,339,344,320,325,301,306
1,364,2,364,357,362,355,360,353,358
1,364,3,364,356,361,353,358,350,355
1,364,5,364,354,359,349,354,344,349
1,364,7,364,352,357,345,350,338,343
1,364,11,364,348,353,337,342,326,331
1,364,13,364,346,351,333,338,320,325
1,364,17,364,342,347,325,330,308,313
1,364,19,364,340,345,321,326,302,307
1,365,2,365,358,363,356,361,354,359
1,365,3,365,357,362,354,359,351,356
1,365,5,365,355,360,350,355,345,350
1,365,7,365,353,358,346,351,339,344
1,365,11,365,349,354,338,343,327,332
1,365,13,365,347,352,334,339,321,326
1,365,17,365,343,348,326,331,309,314
1,365,19,365,341,346,322,327,303,308
1,366,2,366,359,364,357,362,355,360
1,366,3,366,358,363,355,360,352,357
1,366,5,366,356,361,351,356,346,351
1,366,7,366,354,359,347,352,340,345
1,366,11,366,350,355,339,344,328,333
1,366,13,366,348,353,335,340,322,327
1,366,17,366,344,349,327,332,310,315
1,366,19,366,342,347,323,328,304,309
1,367,2,367,360,365,358,363,356,361
1,367,3,367,359,364,356,361,353,358
1,367,5,367,357,362,352,357,347,352
1,367,7,367,355,360,348,353,341,346
1,367,11,367,351,356,340,345,329,334
1,367,13,367,349,354,336,341,323,328
1,367,17,367,345,350,328,333,311,316
1,367,19,367,343,348,324,329,305,310
1,368,2,368,361,366,359,364,357,362
1,368,3,368,360,365,357,362,354,359
1,368,5,368,358,363,353,358,348,353
1,368,7,368,356,361,349,354,342,347
1,368,11,368,352,357,341,346,330,335
1,368,13,368,350,355,337,342,324,329
1,368,17,368,346,351,329,334,312,317
1,368,19,368,344,349,325,330,306,311
1,369,2,369,362,367,360,365,358,363
1,369,3,369,361,366,358,363,355,360
1,369,5,369,359,364,354,359,349,354
1,369,7,369,357,362,350,355,343,348
1,369,11,369,353,358,342,347,331,336
1,369,13,369,351,356,338,343,325,330
1,369,17,369,347,352,330,335,313,318
1,369,19,369,345,350,326,331,307,312
1,370,2,370,363,368,361,366,359,364
1,370,3,370,362,367,359,364,356,361
1,370,5,370,360,365,355,360,350,355
1,370,7,370,358,363,351,356,344,349
1,370,11,370,354,359,343,348,332,337
1,370,13,370,352,357,339,344,326,331
1,370,17,370,348,353,331,336,314,319
1,370,19,370,346,351,327,332,308,313
1,371,2,371,364,369,362,367,360,365
1,371,3,371,363,368,360,365,357,362
1,371,5,371,361,366,356,361,351,356
1,371,7,371,359,364,352,357,345,350
1,371,11,371,355,360,344,349,333,338
1,371,13,371,353,358,340,345,327,332
1,371,17,371,349,354,332,337,315,320
1,371,19,371,347,352,328,333,309,314
1,372,2,372,365,370,363,368,361,366
1,372,3,372,364,369,361,366,358,363
1,372,5,372,362,367,357,362,352,357
1,372,7,372,360,365,353,358,346,351
1,372,11,372,356,361,345,350,334,339
1,372,13,372,354,359,341,346,328,333
1,372,17,372,350,355,333,338,316,321
1,372,19,372,348,353,329,334,310,315
1,373,2,373,366,371,364,369,362,367
1,373,3,373,365,370,362,367,359,364
1,373,5,373,363,368,358,363,353,358
1,373,7,373,361,366,354,359,347,352
1,373,11,373,357,362,346,351,335,340
1,373,13,373,355,360,342,347,329,334
1,373,17,373,351,356,334,339,317,322
1,373,19,373,349,354,330,335,311,316
1,374,2,374,367,372,365,370,363,368
1,374,3,374,366,371,363,368,360,365
1,374,5,374,364,369,359,364,354,359
1,374,7,374,362,367,355,360,348,353
1,374,11,374,358,363,347,352,336,341
1,374,13,374,356,361,343,348,330,335
1,374,17,374,352,357,335,340,318,323
1,374,19,374,350,355,331,336,312,317
1,375,2,375,368,373,366,371,364,369
1,375,3,375,367,372,364,369,361,366
1,375,5,375,365,370,360,365,355,360
1,375,7,375,363,368,356,361,349,354
1,375,11,375,359,364,348,353,337,342
1,375,13,375,357,362,344,349,331,336
1,375,17,375,353,358,336,341,319,324
1,375,19,375,351,356,332,337,313,318
1,376,2,376,369,374,367,372,365,370
1,376,3,376,368,373,365,370,362,367
1,376,5,376,366,371,361,366,356,361
1,376,7,376,364,369,357,362,350,355
1,376,11,376,360,365,349,354,338,343
1,376,13,376,358,363,345,350,332,337
1,376,17,376,354,359,337,342,320,325
1,376,19,376,352,357,333,338,314,319
1,377,2,377,370,375,368,373,366,371
1,377,3,377,369,374,366,371,363,368
1,377,5,377,367,372,362,367,357,362
1,377,7,377,365,370,358,363,351,356
1,377,11,377,361,366,350,355,339,344
1,377,13,377,359,364,346,351,333,338
1,377,17,377,355,360,338,343,321,326
1,377,19,377,353,358,334,339,315,320
1,378,2,378,371,376,369,374,367,372
1,378,3,378,370,375,367,372,364,369
1,378,5,378,368,373,363,368,358,363
1,378,7,378,366,371,359,364,352,357
1,378,11,378,362,367,351,356,340,345
1,378,13,378,360,365,347,352,334,339
1,378,17,378,356,361,339,344,322,327
1,378,19,378,354,359,335,340,316,321
1,379,2,379,372,377,370,375,368,373
1,379,3,379,371,376,368,373,365,370
1,379,5,379,369,374,364,369,359,364
1,379,7,379,367,372,360,365,353,358
1,379,11,379,363,368,352,357,341,346
1,379,13,379,361,366,348,353,335,340
1,379,17,379,357,362,340,345,323,328
1,379,19,379,355,360,336,341,317,322
1,380,2,380,373,378,371,376,369,374
1,380,3,380,372,377,369,374,366,371
1,380,5,380,370,375,365,370,360,365
1,380,7,380,368,373,361,366,354,359
1,380,11,380,364,369,353,358,342,347
1,380,13,380,362,367,349,354,336,341
1,380,17,380,358,363,341,346,324,329
1,380,19,380,356,361,337,342,318,323
1,381,2,381,374,379,372,377,370,375
1,381,3,381,373,378,370,375,367,372
1,381,5,381,371,376,366,371,361,366
1,381,7,381,369,374,362,367,355,360
1,381,11,381,365,370,354,359,343,348
1,381,13,381,363,368,350,355,337,342
1,381,17,381,359,364,342,347,325,330
1,381,19,381,357,362,338,343,319,324
1,382,2,382,375,380,373,378,371,376
1,382,3,382,374,379,371,376,368,373
1,382,5,382,372,377,367,372,362,367
1,382,7,382,370,375,363,368,356,361
1,382,11,382,366,371,355,360,344,349
1,382,13,382,364,369,351,356,338,343
1,382,17,382,360,365,343,348,326,331
1,382,19,382,358,363,339,344,320,325
1,383,2,383,376,381,374,379,372,377
1,383,3,383,375,380,372,377,369,374
1,383,5,383,373,378,368,373,363,368
1,383,7,383,371,376,364,369,357,362
1,383,11,383,367,372,356,361,345,350
1,383,13,383,365,370,352,357,339,344
1,383,17,383,361,366,344,349,327,332
1,383,19,383,359,364,340,345,321,326
1,384,2,384,377,382,375,380,373,378
1,384,3,384,376,381,373,378,370,375
1,384,5,384,374,379,369,374,364,369
1,384,7,384,372,377,365,370,358,363
1,384,11,384,368,373,357,362,346,351
1,384,13,384,366,371,353,358,340,345
1,384,17,384,362,367,345,350,328,333
1,384,19,384,360,365,341,346,322,327
1,385,2,385,378,383,376,381,374,379
1,385,3,385,377,382,374,379,371,376
1,385,5,385,375,380,370,375,365,370
1,385,7,385,373,378,366,371,359,364
1,385,11,385,369,374,358,363,347,352
1,385,13,385,367,372,354,359,341,346
1,385,17,385,363,368,346,351,329,334
1,385,19,385,361,366,342,347,323,328
1,386,2,386,379,384,377,382,375,380
1,386,3,386,378,383,375,380,372,377
1,386,5,386,376,381,371,376,366,371
1,386,7,386,374,379,367,372,360,365
1,386,11,386,370,375,359,364,348,353
1,386,13,386,368,373,355,360,342,347
1,386,17,386,364,369,347,352,330,335
1,386,19,386,362,367,343,348,324,329
1,387,2,387,380,385,378,383,376,381
1,387,3,387,379,384,376,381,373,378
1,387,5,387,377,382,372,377,367,372
1,387,7,387,375,380,368,373,361,366
1,387,11,387,371,376,360,365,349,354
1,387,13,387,369,374,356,361,343,348
1,387,17,387,365,370,348,353,331,336
1,387,19,387,363,368,344,349,325,330
1,388,2,388,381,386,379,384,377,382
1,388,3,388,380,385,377,382,374,379
1,388,5,388,378,383,373,378,368,373
1,388,7,388,376,381,369,374,362,367
1,388,11,388,372,377,361,366,350,355
1,388,13,388,370,375,357,362,344,349
1,388,17,388,366,371,349,354,332,337
1,388,19,388,364,369,345,350,326,331
1,389,2,389,382,387,380,385,378,383
1,389,3,389,381,386,378,383,375,380
1,389,5,389,379,384,374,379,369,374
1,389,7,389,377,382,370,375,363,368
1,389,11,389,373,378,362,367,351,356
1,389,13,389,371,376,358,363,345,350
1,389,17,389,367,372,350,355,333,338
1,389,19,389,365,370,346,351,327,332
1,390,2,390,383,388,381,386,379,384
1,390,3,390,382,387,379,384,376,381
1,390,5,390,380,385,375,380,370,375
1,390,7,390,378,383,371,376,364,369
1,390,11,390,374,379,363,368,352,357
1,390,13,390,372,377,359,364,346,351
1,390,17,390,368,373,351,356,334,339
1,390,19,390,366,371,347,352,328,333
1,391,2,391,384,389,382,387,380,385
1,391,3,391,383,388,380,385,377,382
1,391,5,391,381,386,376,381,371,376
1,391,7,391,379,384,372,377,365,370
1,391,11,391,375,380,364,369,353,358
1,391,13,391,373,378,360,365,347,352
1,391,17,391,369,374,352,357,335,340
1,391,19,391,367,372,348,353,329,334
1,392,2,392,385,390,383,388,381,386
1,392,3,392,384,389,381,386,378,383
1,392,5,392,382,387,377,382,372,377
1,392,7,392,380,385,373,378,366,371
1,392,11,392,376,381,365,370,354,359
1,392,13,392,374,379,361,366,348,353
1,392,17,392,370,375,353,358,336,341
1,392,19,392,368,373,349,354,330,335
1,393,2,393,386,391,384,389,382,387
1,393,3,393,385,390,382,387,379,384
1,393,5,393,383,388,378,383,373,378
1,393,7,393,381,386,374,379,367,372
1,393,11,393,377,382,366,371,355,360
1,393,13,393,375,380,362,367,349,354
1,393,17,393,371,376,354,359,337,342
1,393,19,393,369,374,350,355,331,336
1,394,2,394,387,392,385,390,383,388
1,394,3,394,386,391,383,388,380,385
1,394,5,394,384,389,379,384,374,379
1,394,7,394,382,387,375,380,368,373
1,394,11,394,378,383,367,372,356,361
1,394,13,394,376,381,363,368,350,355
1,394,17,394,372,377,355,360,338,343
1,394,19,394,370,375,351,356,332,337
1,395,2,395,388,393,386,391,384,389
1,395,3,395,387,392,384,389,381,386
1,395,5,395,385,390,380,385,375,380
1,395,7,395,383,388,376,381,369,374
1,395,11,395,379,384,368,373,357,362
1,395,13,395,377,382,364,369,351,356
1,395,17,395,373,378,356,361,339,344
1,395,19,395,371,376,352,357,333,338
1,396,2,396,389,394,387,392,385,390
1,396,3,396,388,393,385,390,382,387
1,396,5,396,386,391,381,386,376,381
1,396,7,396,384,389,377,382,370,375
1,396,11,396,380,385,369,374,358,363
1,396,13,396,378,383,365,370,352,357
1,396,17,396,374,379,357,362,340,345
1,396,19,396,372,377,353,358,334,339
1,397,2,397,390,395,388,393,386,391
1,397,3,397,389,394,386,391,383,388
1,397,5,397,387,392,382,387,377,382
1,397,7,397,385,390,378,383,371,376
1,397,11,397,381,386,370,375,359,364
1,397,13,397,379,384,366,371,353,358
1,397,17,397,375,380,358,363,341,346
1,397,19,397,373,378,354,359,335,340
1,398,2,398,391,396,389,394,387,392
1,398,3,398,390,395,387,392,384,389
1,398,5,398,388,393,383,388,378,383
1,398,7,398,386,391,379,384,372,377
1,398,11,398,382,387,371,376,360,365
1,398,13,398,380,385,367,372,354,359
1,398,17,398,376,381,359,364,342,347
1,398,19,398,374,379,355,360,336,341
1,399,2,399,392,397,390,395,388,393
1,399,3,399,391,396,388,393,385,390
1,399,5,399,389,394,384,389,379,384
1,399,7,399,387,392,380,385,373,378
1,399,11,399,383,388,372,377,361,366
1,399,13,399,381,386,368,373,355,360
1,399,17,399,377,382,360,365,343,348
1,399,19,399,375,380,356,361,337,342
1,400,2,400,393,398,391,396,389,394
1,400,3,400,392,397,389,394,386,391
1,400,5,400,390,395,385,390,380,385
1,400,7,400,388,393,381,386,374,379
1,400,11,400,384,389,373,378,362,367
1,400,13,400,382,387,369,374,356,361
1,400,17,400,378,383,361,366,344,349
1,400,19,400,376,381,357,362,338,343
1,401,2,401,394,399,392,397,390,395
1,401,3,401,393,398,390,395,387,392
1,401,5,401,391,396,386,391,381,386
1,401,7,401,389,394,382,387,375,380
1,401,11,401,385,390,374,379,363,368
1,401,13,401,383,388,370,375,357,362
1,401,17,401,379,384,362,367,345,350
1,401,19,401,377,382,358,363,339,344
1,402,2,402,395,400,393,398,391,396
1,402,3,402,394,399,391,396,388,393
1,402,5,402,392,397,387,392,382,387
1,402,7,402,390,395,383,388,376,381
1,402,11,402,386,391,375,380,364,369
1,402,13,402,384,389,371,376,358,363
1,402,17,402,380,385,363,368,346,351
1,402,19,402,378,383,359,364,340,345
1,403,2,403,396,401,394,399,392,397
1,403,3,403,395,400,392,397,389,394
1,403,5,403,393,398,388,393,383,388
1,403,7,403,391,396,384,389,377,382
1,403,11,403,387,392,376,381,365,370
1,403,13,403,385,390,372,377,359,364
1,403,17,403,381,386,364,369,347,352
1,403,19,403,379,384,360,365,341,346
1,404,2,404,397,402,395,400,393,398
1,404,3,404,396,401,393,398,390,395
1,404,5,404,394,399,389,394,384,389
1,404,7,404,392,397,385,390,378,383
1,404,11,404,388,393,377,382,366,371
1,404,13,404,386,391,373,378,360,365
1,404,17,404,382,387,365,370,348,353
1,404,19,404,380,385,361,366,342,347
1,405,2,405,398,403,396,401,394,399
1,405,3,405,397,402,394,399,391,396
1,405,5,405,395,400,390,395,385,390
1,405,7,405,393,398,386,391,379,384
1,405,11,405,389,394,378,383,367,372
1,405,13,405,387,392,374,379,361,366
1,405,17,405,383,388,366,371,349,354
1,405,19,405,381,386,362,367,343,348
1,406,2,406,399,404,397,402,395,400
1,406,3,406,398,403,395,400,392,397
1,406,5,406,396,401,391,396,386,391
1,406,7,406,394,399,387,392,380,385
1,406,11,406,390,395,379,384,368,373
1,406,13,406,388,393,375,380,362,367
1,406,17,406,384,389,367,372,350,355
1,406,19,406,382,387,363,368,344,349
1,407,2,407,400,405,398,403,396,401
1,407,3,407,399,404,396,401,393,398
1,407,5,407,397,402,392,397,387,392
1,407,7,407,395,400,388,393,381,386
1,407,11,407,391,396,380,385,369,374
1,407,13,407,389,394,376,381,363,368
1,407,17,407,385,390,368,373,351,356
1,407,19,407,383,388,364,369,345,350
1,408,2,408,401,406,399,404,397,402
1,408,3,408,400,405,397,402,394,399
1,408,5,408,398,403,393,398,388,393
1,408,7,408,396,401,389,394,382,387
1,408,11,408,392,397,381,386,370,375
1,408,13,408,390,395,377,382,364,369
1,408,17,408,386,391,369,374,352,357
1,408,19,408,384,389,365,370,346,351
1,409,2,409,402,407,400,405,398,403
1,409,3,409,401,406,398,403,395,400
1,409,5,409,399,404,394,399,389,394
1,409,7,409,397,402,390,395,383,388
1,409,11,409,393,398,382,387,371,376
1,409,13,409,391,396,378,383,365,370
1,409,17,409,387,392,370,375,353,358
1,409,19,409,385,390,366,371,347,352
1,410,2,410,403,408,401,406,399,404
1,410,3,410,402,407,399,404,396,401
1,410,5,410,400,405,395,400,390,395
1,410,7,410,398,403,391,396,384,389
1,410,11,410,394,399,383,388,372,377
1,410,13,410,392,397,379,384,366,371
1,410,17,410,388,393,371,376,354,359
1,410,19,410,386,391,367,372,348,353
1,411,2,411,404,409,402,407,400,405
1,411,3,411,403,408,400,405,397,402
1,411,5,411,401,406,396,401,391,396
1,411,7,411,399,404,392,397,385,390
1,411,11,411,395,400,384,389,373,378
1,411,13,411,393,398,380,385,367,372
1,411,17,411,389,394,372,377,355,360
1,411,19,411,387,392,368,373,349,354
1,412,2,412,405,410,403,408,401,406
1,412,3,412,404,409,401,406,398,403
1,412,5,412,402,407,397,402,392,397
1,412,7,412,400,405,393,398,386,391
1,412,11,412,396,401,385,390,374,379
1,412,13,412,394,399,381,386,368,373
1,412,17,412,390,395,373,378,356,361
1,412,19,412,388,393,369,374,350,355
1,413,2,413,406,411,404,409,402,407
1,413,3,413,405,410,402,407,399,404
1,413,5,413,403,408,398,403,393,398
1,413,7,413,401,406,394,399,387,392
1,413,11,413,397,402,386,391,375,380
1,413,13,413,395,400,382,387,369,374
1,413,17,413,391,396,374,379,357,362
1,413,19,413,389,394,370,375,351,356
1,414,2,414,407,412,405,410,403,408
1,414,3,414,406,411,403,408,400,405
1,414,5,414,404,409,399,404,394,399
1,414,7,414,402,407,395,400,388,393
1,414,11,414,398,403,387,392,376,381
1,414,13,414,396,401,383,388,370,375
1,414,17,414,392,397,375,380,358,363
1,414,19,414,390,395,371,376,352,357
1,415,2,415,408,413,406,411,404,409
1,415,3,415,407,412,404,409,401,406
1,415,5,415,405,410,400,405,395,400
1,415,7,415,403,408,396,401,389,394
1,415,11,415,399,404,388,393,377,382
1,415,13,415,397,402,384,389,371,376
1,415,17,415,393,398,376,381,359,364
1,415,19,415,391,396,372,377,353,358
1,416,2,416,409,414,407,412,405,410
1,416,3,416,408,413,405,410,402,407
1,416,5,416,406,411,401,406,396,401
1,416,7,416,404,409,397,402,390,395
1,416,11,416,400,405,389,394,378,383
1,416,13,416,398,403,385,390,372,377
1,416,17,416,394,399,377,382,360,365
1,416,19,416,392,397,373,378,354,359
1,417,2,417,410,415,408,413,406,411
1,417,3,417,409,414,406,411,403,408
1,417,5,417,407,412,402,407,397,402
1,417,7,417,405,410,398,403,391,396
1,417,11,417,401,406,390,395,379,384
1,417,13,417,399,404,386,391,373,378
1,417,17,417,395,400,378,383,361,366
1,417,19,417,393,398,374,379,355,360
1,418,2,418,411,416,409,414,407,412
1,418,3,418,410,415,407,412,404,409
1,418,5,418,408,413,403,408,398,403
1,418,7,418,406,411,399,404,392,397
1,418,11,418,402,407,391,396,380,385
1,418,13,418,400,405,387,392,374,379
1,418,17,418,396,401,379,384,362,367
1,418,19,418,394,399,375,380,356,361
1,419,2,419,412,417,410,415,408,413
1,419,3,419,411,416,408,413,405,410
1,419,5,419,409,414,404,409,399,404
1,419,7,419,407,412,400,405,393,398
1,419,11,419,403,408,392,397,381,386
1,419,13,419,401,406,388,393,375,380
1,419,17,419,397,402,380,385,363,368
1,419,19,419,395,400,376,381,357,362
1,420,2,420,413,418,411,416,409,414
1,420,3,420,412,417,409,414,406,411
1,420,5,420,410,415,405,410,400,405
1,420,7,420,408,413,401,406,394,399
1,420,11,420,404,409,393,398,382,387
1,420,13,420,402,407,389,394,376,381
1,420,17,420,398,403,381,386,364,369
1,420,19,420,396,401,377,382,358,363
1,421,2,421,414,419,412,417,410,415
1,421,3,421,413,418,410,415,407,412
1,421,5,421,411,416,406,411,401,406
1,421,7,421,409,414,402,407,395,400
1,421,11,421,405,410,394,399,383,388
1,421,13,421,403,408,390,395,377,382
1,421,17,421,399,404,382,387,365,370
1,421,19,421,397,402,378,383,359,364
1,422,2,422,415,420,413,418,411,416
1,422,3,422,414,419,411,416,408,413
1,422,5,422,412,417,407,412,402,407
1,422,7,422,410,415,403,408,396,401
1,422,11,422,406,411,395,400,384,389
1,422,13,422,404,409,391,396,378,383
1,422,17,422,400,405,383,388,366,371
1,422,19,422,398,403,379,384,360,365
1,423,2,423,416,421,414,419,412,417
1,423,3,423,415,420,412,417,409,414
1,423,5,423,413,418,408,413,403,408
1,423,7,423,411,416,404,409,397,402
1,423,11,423,407,412,396,401,385,390
1,423,13,423,405,410,392,397,379,384
1,423,17,423,401,406,384,389,367,372
1,423,19,423,399,404,380,385,361,366
1,424,2,424,417,422,415,420,413,418
1,424,3,424,416,421,413,418,410,415
1,424,5,424,414,419,409,414,404,409
1,424,7,424,412,417,405,410,398,403
1,424,11,424,408,413,397,402,386,391
1,424,13,424,406,411,393,398,380,385
1,424,17,424,402,407,385,390,368,373
1,424,19,424,400,405,381,386,362,367
1,425,2,425,418,423,416,421,414,419
1,425,3,425,417,422,414,419,411,416
1,425,5,425,415,420,410,415,405,410
1,425,7,425,413,418,406,411,399,404
1,425,11,425,409,414,398,403,387,392
1,425,13,425,407,412,394,399,381,386
1,425,17,425,403,408,386,391,369,374
1,425,19,425,401,406,382,387,363,368
1,426,2,426,419,424,417,422,415,420
1,426,3,426,418,423,415,420,412,417
1,426,5,426,416,421,411,416,406,411
1,426,7,426,414,419,407,412,400,405
1,426,11,426,410,415,399,404,388,393
1,426,13,426,408,413,395,400,382,387
1,426,17,426,404,409,387,392,370,375
1,426,19,426,402,407,383,388,364,369
1,427,2,427,420,425,418,423,416,421
1,427,3,427,419,424,416,421,413,418
1,427,5,427,417,422,412,417,407,412
1,427,7,427,415,420,408,413,401,406
1,427,11,427,411,416,400,405,389,394
1,427,13,427,409,414,396,401,383,388
1,427,17,427,405,410,388,393,371,376
1,427,19,427,403,408,384,389,365,370
1,428,2,428,421,426,419,424,417,422
1,428,3,428,420,425,417,422,414,419
1,428,5,428,418,423,413,418,408,413
1,428,7,428,416,421,409,414,402,407
1,428,11,428,412,417,401,406,390,395
1,428,13,428,410,415,397,402,384,389
1,428,17,428,406,411,389,394,372,377
1,428,19,428,404,409,385,390,366,371
1,429,2,429,422,427,420,425,418,423
1,429,3,429,421,426,418,423,415,420
1,429,5,429,419,424,414,419,409,414
1,429,7,429,417,422,410,415,403,408
1,429,11,429,413,418,402,407,391,396
1,429,13,429,411,416,398,403,385,390
1,429,17,429,407,412,390,395,373,378
1,429,19,429,405,410,386,391,367,372
1,430,2,430,423,428,421,426,419,424
1,430,3,430,422,427,419,424,416,421
1,430,5,430,420,425,415,420,410,415
1,430,7,430,418,423,411,416,404,409
1,430,11,430,414,419,403,408,392,397
1,430,13,430,412,417,399,404,386,391
1,430,17,430,408,413,391,396,374,379
1,430,19,430,406,411,387,392,368,373
1,431,2,431,424,429,422,427,420,425
1,431,3,431,423,428,420,425,417,422
1,431,5,431,421,426,416,421,411,416
1,431,7,431,419,424,412,417,405,410
1,431,11,431,415,420,404,409,393,398
1,431,13,431,413,418,400,405,387,392
1,431,17,431,409,414,392,397,375,380
1,431,19,431,407,412,388,393,369,374
1,432,2,432,425,430,423,428,421,426
1,432,3,432,424,429,421,426,418,423
1,432,5,432,422,427,417,422,412,417
1,432,7,432,420,425,413,418,406,411
1,432,11,432,416,421,405,410,394,399
1,432,13,432,414,419,401,406,388,393
1,432,17,432,410,415,393,398,376,381
1,432,19,432,408,413,389,394,370,375
1,433,2,433,426,431,424,429,422,427
1,433,3,433,425,430,422,427,419,424
1,433,5,433,423,428,418,423,413,418
1,433,7,433,421,426,414,419,407,412
1,433,11,433,417,422,406,411,395,400
1,433,13,433,415,420,402,407,389,394
1,433,17,433,411,416,394,399,377,382
1,433,19,433,409,414,390,395,371,376
1,434,2,434,427,432,425,430,423,428
1,434,3,434,426,431,423,428,420,425
1,434,5,434,424,429,419,424,414,419
1,434,7,434,422,427,415,420,408,413
1,434,11,434,418,423,407,412,396,401
1,434,13,434,416,421,403,408,390,395
1,434,17,434,412,417,395,400,378,383
1,434,19,434,410,415,391,396,372,377
1,435,2,435,428,433,426,431,424,429
1,435,3,435,427,432,424,429,421,426
1,435,5,435,425,430,420,425,415,420
1,435,7,435,423,428,416,421,409,414
1,435,11,435,419,424,408,413,397,402
1,435,13,435,417,422,404,409,391,396
1,435,17,435,413,418,396,401,379,384
1,435,19,435,411,416,392,397,373,378
1,436,2,436,429,434,427,432,425,430
1,436,3,436,428,433,425,430,422,427
1,436,5,436,426,431,421,426,416,421
1,436,7,436,424,429,417,422,410,415
1,436,11,436,420,425,409,414,398,403
1,436,13,436,418,423,405,410,392,397
1,436,17,436,414,419,397,402,380,385
1,436,19,436,412,417,393,398,374,379
1,437,2,437,430,435,428,433,426,431
1,437,3,437,429,434,426,431,423,428
1,437,5,437,427,432,422,427,417,422
1,437,7,437,425,430,418,423,411,416
1,437,11,437,421,426,410,415,399,404
1,437,13,437,419,424,406,411,393,398
1,437,17,437,415,420,398,403,381,386
1,437,19,437,413,418,394,399,375,380
1,438,2,438,431,436,429,434,427,432
1,438,3,438,430,435,427,432,424,429
1,438,5,438,428,433,423,428,418,423
1,438,7,438,426,431,419,424,412,417
1,438,11,438,422,427,411,416,400,405
1,438,13,438,420,425,407,412,394,399
1,438,17,438,416,421,399,404,382,387
1,438,19,438,414,419,395,400,376,381
1,439,2,439,432,437,430,435,428,433
1,439,3,439,431,436,428,433,425,430
1,439,5,439,429,434,424,429,419,424
1,439,7,439,427,432,420,425,413,418
1,439,11,439,423,428,412,417,401,406
1,439,13,439,421,426,408,413,395,400
1,439,17,439,417,422,400,405,383,388
1,439,19,439,415,420,396,401,377,382
1,440,2,440,433,438,431,436,429,434
1,440,3,440,432,437,429,434,426,431
1,440,5,440,430,435,425,430,420,425
1,440,7,440,428,433,421,426,414,419
1,440,11,440,424,429,413,418,402,407
1,440,13,440,422,427,409,414,396,401
1,440,17,440,418,423,401,406,384,389
1,440,19,440,416,421,397,402,378,383
1,441,2,441,434,439,432,437,430,435
1,441,3,441,433,438,430,435,427,432
1,441,5,441,431,436,426,431,421,426
1,441,7,441,429,434,422,427,415,420
1,441,11,441,425,430,414,419,403,408
1,441,13,441,423,428,410,415,397,402
1,441,17,441,419,424,402,407,385,390
1,441,19,441,417,422,398,403,379,384
1,442,2,442,435,440,433,438,431,436
1,442,3,442,434,439,431,436,428,433
1,442,5,442,432,437,427,432,422,427
1,442,7,442,430,435,423,428,416,421
1,442,11,442,426,431,415,420,404,409
1,442,13,442,424,429,411,416,398,403
1,442,17,442,420,425,403,408,386,391
1,442,19,442,418,423,399,404,380,385
1,443,2,443,436,441,434,439,432,437
1,443,3,443,435,440,432,437,429,434
1,443,5,443,433,438,428,433,423,428
1,443,7,443,431,436,424,429,417,422
1,443,11,443,427,432,416,421,405,410
1,443,13,443,425,430,412,417,399,404
1,443,17,443,421,426,404,409,387,392
1,443,19,443,419,424,400,405,381,386
1,444,2,444,437,442,435,440,433,438
1,444,3,444,436,441,433,438,430,435
1,444,5,444,434,439,429,434,424,429
1,444,7,444,432,437,425,430,418,423
1,444,11,444,428,433,417,422,406,411
1,444,13,444,426,431,413,418,400,405
1,444,17,444,422,427,405,410,388,393
1,444,19,444,420,425,401,406,382,387
1,445,2,445,438,443,436,441,434,439
1,445,3,445,437,442,434,439,431,436
1,445,5,445,435,440,430,435,425,430
1,445,7,445,433,438,426,431,419,424
1,445,11,445,429,434,418,423,407,412
1,445,13,445,427,432,414,419,401,406
1,445,17,445,423,428,406,411,389,394
1,445,19,445,421,426,402,407,383,388
1,446,2,446,439,444,437,442,435,440
1,446,3,446,438,443,435,440,432,437
1,446,5,446,436,441,431,436,426,431
1,446,7,446,434,439,427,432,420,425
1,446,11,446,430,435,419,424,408,413
1,446,13,446,428,433,415,420,402,407
1,446,17,446,424,429,407,412,390,395
1,446,19,446,422,427,403,408,384,389
1,447,2,447,440,445,438,443,436,441
1,447,3,447,439,444,436,441,433,438
1,447,5,447,437,442,432,437,427,432
1,447,7,447,435,440,428,433,421,426
1,447,11,447,431,436,420,425,409,414
1,447,13,447,429,434,416,421,403,408
1,447,17,447,425,430,408,413,391,396
1,447,19,447,423,428,404,409,385,390
1,448,2,448,441,446,439,444,437,442
1,448,3,448,440,445,437,442,434,439
1,448,5,448,438,443,433,438,428,433
1,448,7,448,436,441,429,434,422,427
1,448,11,448,432,437,421,426,410,415
1,448,13,448,430,435,417,422,404,409
1,448,17,448,426,431,409,414,392,397
1,448,19,448,424,429,405,410,386,391
1,449,2,449,442,447,440,445,438,443
1,449,3,449,441,446,438,443,435,440
1,449,5,449,439,444,434,439,429,434
1,449,7,449,437,442,430,435,423,428
1,449,11,449,433,438,422,427,411,416
1,449,13,449,431,436,418,423,405,410
1,449,17,449,427,432,410,415,393,398
1,449,19,449,425,430,406,411,387,392
1,450,2,450,443,448,441,446,439,444
1,450,3,450,442,447,439,444,436,441
1,450,5,450,440,445,435,440,430,435
1,450,7,450,438,443,431,436,424,429
1,450,11,450,434,439,423,428,412,417
1,450,13,450,432,437,419,424,406,411
1,450,17,450,428,433,411,416,394,399
1,450,19,450,426,431,407,412,388,393
1,451,2,451,444,449,442,447,440,445
1,451,3,451,443,448,440,445,437,442
1,451,5,451,441,446,436,441,431,436
1,451,7,451,439,444,432,437,425,430
1,451,11,451,435,440,424,429,413,418
1,451,13,451,433,438,420,425,407,412
1,451,17,451,429,434,412,417,395,400
1,451,19,451,427,432,408,413,389,394
1,452,2,452,445,450,443,448,441,446
1,452,3,452,444,449,441,446,438,443
1,452,5,452,442,447,437,442,432,437
1,452,7,452,440,445,433,438,426,431
1,452,11,452,436,441,425,430,414,419
1,452,13,452,434,439,421,426,408,413
1,452,17,452,430,435,413,418,396,401
1,452,19,452,428,433,409,414,390,395
1,453,2,453,446,451,444,449,442,447
1,453,3,453,445,450,442,447,439,444
1,453,5,453,443,448,438,443,433,438
1,453,7,453,441,446,434,439,427,432
1,453,11,453,437,442,426,431,415,420
1,453,13,453,435,440,422,427,409,414
1,453,17,453,431,436,414,419,397,402
1,453,19,453,429,434,410,415,391,396
1,454,2,454,447,452,445,450,443,448
1,454,3,454,446,451,443,448,440,445
1,454,5,454,444,449,439,444,434,439
1,454,7,454,442,447,435,440,428,433
1,454,11,454,438,443,427,432,416,421
1,454,13,454,436,441,423,428,410,415
1,454,17,454,432,437,415,420,398,403
1,454,19,454,430,435,411,416,392,397
1,455,2,455,448,453,446,451,444,449
1,455,3,455,447,452,444,449,441,446
1,455,5,455,445,450,440,445,435,440
1,455,7,455,443,448,436,441,429,434
1,455,11,455,439,444,428,433,417,422
1,455,13,455,437,442,424,429,411,416
1,455,17,455,433,438,416,421,399,404
1,455,19,455,431,436,412,417,393,398
1,456,2,456,449,454,447,452,445,450
1,456,3,456,448,453,445,450,442,447
1,456,5,456,446,451,441,446,436,441
1,456,7,456,444,449,437,442,430,435
1,456,11,456,440,445,429,434,418,423
1,456,13,456,438,443,425,430,412,417
1,456,17,456,434,439,417,422,400,405
1,456,19,456,432,437,413,418,394,399
1,457,2,457,450,455,448,453,446,451
1,457,3,457,449,454,446,451,443,448
1,457,5,457,447,452,442,447,437,442
1,457,7,457,445,450,438,443,431,436
1,457,11,457,441,446,430,435,419,424
1,457,13,457,439,444,426,431,413,418
1,457,17,457,435,440,418,423,401,406
1,457,19,457,433,438,414,419,395,400
1,458,2,458,451,456,449,454,447,452
1,458,3,458,450,455,447,452,444,449
1,458,5,458,448,453,443,448,438,443
1,458,7,458,446,451,439,444,432,437
1,458,11,458,442,447,431,436,420,425
1,458,13,458,440,445,427,432,414,419
1,458,17,458,436,441,419,424,402,407
1,458,19,458,434,439,415,420,396,401
1,459,2,459,452,457,450,455,448,453
1,459,3,459,451,456,448,453,445,450
1,459,5,459,449,454,444,449,439,444
1,459,7,459,447,452,440,445,433,438
1,459,11,459,443,448,432,437,421,426
1,459,13,459,441,446,428,433,415,420
1,459,17,459,437,442,420,425,403,408
1,459,19,459,435,440,416,421,397,402
1,460,2,460,453,458,451,456,449,454
1,460,3,460,452,457,449,454,446,451
1,460,5,460,450,455,445,450,440,445
1,460,7,460,448,453,441,446,434,439
1,460,11,460,444,449,433,438,422,427
1,460,13,460,442,447,429,434,416,421
1,460,17,460,438,443,421,426,404,409
1,460,19,460,436,441,417,422,398,403
1,461,2,461,454,459,452,457,450,455
1,461,3,461,453,458,450,455,447,452
1,461,5,461,451,456,446,451,441,446
1,461,7,461,449,454,442,447,435,440
1,461,11,461,445,450,434,439,423,428
1,461,13,461,443,448,430,435,417,422
1,461,17,461,439,444,422,427,405,410
1,461,19,461,437,442,418,423,399,404
1,462,2,462,455,460,453,458,451,456
1,462,3,462,454,459,451,456,448,453
1,462,5,462,452,457,447,452,442,447
1,462,7,462,450,455,443,448,436,441
1,462,11,462,446,451,435,440,424,429
1,462,13,462,444,449,431,436,418,423
1,462,17,462,440,445,423,428,406,411
1,462,19,462,438,443,419,424,400,405
1,463,2,463,456,461,454,459,452,457
1,463,3,463,455,460,452,457,449,454
1,463,5,463,453,458,448,453,443,448
1,463,7,463,451,456,444,449,437,442
1,463,11,463,447,452,436,441,425,430
1,463,13,463,445,450,432,437,419,424
1,463,17,463,441,446,424,429,407,412
1,463,19,463,439,444,420,425,401,406
1,464,2,464,457,462,455,460,453,458
1,464,3,464,456,461,453,458,450,455
1,464,5,464,454,459,449,454,444,449
1,464,7,464,452,457,445,450,438,443
1,464,11,464,448,453,437,442,426,431
1,464,13,464,446,451,433,438,420,425
1,464,17,464,442,447,425,430,408,413
1,464,19,464,440,445,421,426,402,407
1,465,2,465,458,463,456,461,454,459
1,465,3,465,457,462,454,459,451,456
1,465,5,465,455,460,450,455,445,450
1,465,7,465,453,458,446,451,439,444
1,465,11,465,449,454,438,443,427,432
1,465,13,465,447,452,434,439,421,426
1,465,17,465,443,448,426,431,409,414
1,465,19,465,441,446,422,427,403,408
1,466,2,466,459,464,457,462,455,460
1,466,3,466,458,463,455,460,452,457
1,466,5,466,456,461,451,456,446,451
1,466,7,466,454,459,447,452,440,445
1,466,11,466,450,455,439,444,428,433
1,466,13,466,448,453,435,440,422,427
1,466,17,466,444,449,427,432,410,415
1,466,19,466,442,447,423,428,404,409
1,467,2,467,460,465,458,463,456,461
1,467,3,467,459,464,456,461,453,458
1,467,5,467,457,462,452,457,447,452
1,467,7,467,455,460,448,453,441,446
1,467,11,467,451,456,440,445,429,434
1,467,13,467,449,454,436,441,423,428
1,467,17,467,445,450,428,433,411,416
1,467,19,467,443,448,424,429,405,410
1,468,2,468,461,466,459,464,457,462
1,468,3,468,460,465,457,462,454,459
1,468,5,468,458,463,453,458,448,453
1,468,7,468,456,461,449,454,442,447
1,468,11,468,452,457,441,446,430,435
1,468,13,468,450,455,437,442,424,429
1,468,17,468,446,451,429,434,412,417
1,468,19,468,444,449,425,430,406,411
1,469,2,469,462,467,460,465,458,463
1,469,3,469,461,466,458,463,455,460
1,469,5,469,459,464,454,459,449,454
1,469,7,469,457,462,450,455,443,448
1,469,11,469,453,458,442,447,431,436
1,469,13,469,451,456,438,443,425,430
1,469,17,469,447,452,430,435,413,418
1,469,19,469,445,450,426,431,407,412
1,470,2,470,463,468,461,466,459,464
1,470,3,470,462,467,459,464,456,461
1,470,5,470,460,465,455,460,450,455
1,470,7,470,458,463,451,456,444,449
1,470,11,470,454,459,443,448,432,437
1,470,13,470,452,457,439,444,426,431
1,470,17,470,448,453,431,436,414,419
1,470,19,470,446,451,427,432,408,413
1,471,2,471,464,469,462,467,460,465
1,471,3,471,463,468,460,465,457,462
1,471,5,471,461,466,456,461,451,456
1,471,7,471,459,464,452,457,445,450
1,471,11,471,455,460,444,449,433,438
1,471,13,471,453,458,440,445,427,432
1,471,17,471,449,454,432,437,415,420
1,471,19,471,447,452,428,433,409,414
1,472,2,472,465,470,463,468,461,466
1,472,3,472,464,469,461,466,458,463
1,472,5,472,462,467,457,462,452,457
1,472,7,472,460,465,453,458,446,451
1,472,11,472,456,461,445,450,434,439
1,472,13,472,454,459,441,446,428,433
1,472,17,472,450,455,433,438,416,421
1,472,19,472,448,453,429,434,410,415
1,473,2,473,466,471,464,469,462,467
1,473,3,473,465,470,462,467,459,464
1,473,5,473,463,468,458,463,453,458
1,473,7,473,461,466,454,459,447,452
1,473,11,473,457,462,446,451,435,440
1,473,13,473,455,460,442,447,429,434
1,473,17,473,451,456,434,439,417,422
1,473,19,473,449,454,430,435,411,416
1,474,2,474,467,472,465,470,463,468
1,474,3,474,466,471,463,468,460,465
1,474,5,474,464,469,459,464,454,459
1,474,7,474,462,467,455,460,448,453
1,474,11,474,458,463,447,452,436,441
1,474,13,474,456,461,443,448,430,435
1,474,17,474,452,457,435,440,418,423
1,474,19,474,450,455,431,436,412,417
1,475,2,475,468,473,466,471,464,469
1,475,3,475,467,472,464,469,461,466
1,475,5,475,465,470,460,465,455,460
1,475,7,475,463,468,456,461,449,454
1,475,11,475,459,464,448,453,437,442
1,475,13,475,457,462,444,449,431,436
1,475,17,475,453,458,436,441,419,424
1,475,19,475,451,456,432,437,413,418
1,476,2,476,469,474,467,472,465,470
1,476,3,476,468,473,465,470,462,467
1,476,5,476,466,471,461,466,456,461
1,476,7,476,464,469,457,462,450,455
1,476,11,476,460,465,449,454,438,443
1,476,13,476,458,463,445,450,432,437
1,476,17,476,454,459,437,442,420,425
1,476,19,476,452,457,433,438,414,419
1,477,2,477,470,475,468,473,466,471
1,477,3,477,469,474,466,471,463,468
1,477,5,477,467,472,462,467,457,462
1,477,7,477,465,470,458,463,451,456
1,477,11,477,461,466,450,455,439,444
1,477,13,477,459,464,446,451,433,438
1,477,17,477,455,460,438,443,421,426
1,477,19,477,453,458,434,439,415,420
1,478,2,478,471,476,469,474,467,472
1,478,3,478,470,475,467,472,464,469
1,478,5,478,468,473,463,468,458,463
1,478,7,478,466,471,459,464,452,457
1,478,11,478,462,467,451,456,440,445
1,478,13,478,460,465,447,452,434,439
1,478,17,478,456,461,439,444,422,427
1,478,19,478,454,459,435,440,416,421
1,479,2,479,472,477,470,475,468,473
1,479,3,479,471,476,468,473,465,470
1,479,5,479,469,474,464,469,459,464
1,479,7,479,467,472,460,465,453,458
1,479,11,479,463,468,452,457,441,446
1,479,13,479,461,466,448,453,435,440
1,479,17,479,457,462,440,445,423,428
1,479,19,479,455,460,436,441,417,422
1,480,2,480,473,478,471,476,469,474
1,480,3,480,472,477,469,474,466,471
1,480,5,480,470,475,465,470,460,465
1,480,7,480,468,473,461,466,454,459
1,480,11,480,464,469,453,458,442,447
1,480,13,480,462,467,449,454,436,441
1,480,17,480,458,463,441,446,424,429
1,480,19,480,456,461,437,442,418,423
1,481,2,481,474,479,472,477,470,475
1,481,3,481,473,478,470,475,467,472
1,481,5,481,471,476,466,471,461,466
1,481,7,481,469,474,462,467,455,460
1,481,11,481,465,470,454,459,443,448
1,481,13,481,463,468,450,455,437,442
1,481,17,481,459,464,442,447,425,430
1,481,19,481,457,462,438,443,419,424
1,482,2,482,475,480,473,478,471,476
1,482,3,482,474,479,471,476,468,473
1,482,5,482,472,477,467,472,462,467
1,482,7,482,470,475,463,468,456,461
1,482,11,482,466,471,455,460,444,449
1,482,13,482,464,469,451,456,438,443
1,482,17,482,460,465,443,448,426,431
1,482,19,482,458,463,439,444,420,425
1,483,2,483,476,481,474,479,472,477
1,483,3,483,475,480,472,477,469,474
1,483,5,483,473,478,468,473,463,468
1,483,7,483,471,476,464,469,457,462
1,483,11,483,467,472,456,461,445,450
1,483,13,483,465,470,452,457,439,444
1,483,17,483,461,466,444,449,427,432
1,483,19,483,459,464,440,445,421,426
1,484,2,484,477,482,475,480,473,478
1,484,3,484,476,481,473,478,470,475
1,484,5,484,474,479,469,474,464,469
1,484,7,484,472,477,465,470,458,463
1,484,11,484,468,473,457,462,446,451
1,484,13,484,466,471,453,458,440,445
1,484,17,484,462,467,445,450,428,433
1,484,19,484,460,465,441,446,422,427
1,485,2,485,478,483,476,481,474,479
1,485,3,485,477,482,474,479,471,476
1,485,5,485,475,480,470,475,465,470
1,485,7,485,473,478,466,471,459,464
1,485,11,485,469,474,458,463,447,452
1,485,13,485,467,472,454,459,441,446
1,485,17,485,463,468,446,451,429,434
1,485,19,485,461,466,442,447,423,428
1,486,2,486,479,484,477,482,475,480
1,486,3,486,478,483,475,480,472,477
1,486,5,486,476,481,471,476,466,471
1,486,7,486,474,479,467,472,460,465
1,486,11,486,470,475,459,464,448,453
1,486,13,486,468,473,455,460,442,447
1,486,17,486,464,469,447,452,430,435
1,486,19,486,462,467,443,448,424,429
1,487,2,487,480,485,478,483,476,481
1,487,3,487,479,484,476,481,473,478
1,487,5,487,477,482,472,477,467,472
1,487,7,487,475,480,468,473,461,466
1,487,11,487,471,476,460,465,449,454
1,487,13,487,469,474,456,461,443,448
1,487,17,487,465,470,448,453,431,436
1,487,19,487,463,468,444,449,425,430
1,488,2,488,481,486,479,484,477,482
1,488,3,488,480,485,477,482,474,479
1,488,5,488,478,483,473,478,468,473
1,488,7,488,476,481,469,474,462,467
1,488,11,488,472,477,461,466,450,455
1,488,13,488,470,475,457,462,444,449
1,488,17,488,466,471,449,454,432,437
1,488,19,488,464,469,445,450,426,431
1,489,2,489,482,487,480,485,478,483
1,489,3,489,481,486,478,483,475,480
1,489,5,489,479,484,474,479,469,474
1,489,7,489,477,482,470,475,463,468
1,489,11,489,473,478,462,467,451,456
1,489,13,489,471,476,458,463,445,450
1,489,17,489,467,472,450,455,433,438
1,489,19,489,465,470,446,451,427,432
1,490,2,490,483,488,481,486,479,484
1,490,3,490,482,487,479,484,476,481
1,490,5,490,480,485,475,480,470,475
1,490,7,490,478,483,471,476,464,469
1,490,11,490,474,479,463,468,452,457
1,490,13,490,472,477,459,464,446,451
1,490,17,490,468,473,451,456,434,439
1,490,19,490,466,471,447,452,428,433
1,491,2,491,484,489,482,487,480,485
1,491,3,491,483,488,480,485,477,482
1,491,5,491,481,486,476,481,471,476
1,491,7,491,479,484,472,477,465,470
1,491,11,491,475,480,464,469,453,458
1,491,13,491,473,478,460,465,447,452
1,491,17,491,469,474,452,457,435,440
1,491,19,491,467,472,448,453,429,434
1,492,2,492,485,490,483,488,481,486
1,492,3,492,484,489,481,486,478,483
1,492,5,492,482,487,477,482,472,477
1,492,7,492,480,485,473,478,466,471
1,492,11,492,476,481,465,470,454,459
1,492,13,492,474,479,461,466,448,453
1,492,17,492,470,475,453,458,436,441
1,492,19,492,468,473,449,454,430,435
1,493,2,493,486,491,484,489,482,487
1,493,3,493,485,490,482,487,479,484
1,493,5,493,483,488,478,483,473,478
1,493,7,493,481,486,474,479,467,472
1,493,11,493,477,482,466,471,455,460
1,493,13,493,475,480,462,467,449,454
1,493,17,493,471,476,454,459,437,442
1,493,19,493,469,474,450,455,431,436
1,494,2,494,487,492,485,490,483,488
1,494,3,494,486,491,483,488,480,485
1,494,5,494,484,489,479,484,474,479
1,494,7,494,482,487,475,480,468,473
1,494,11,494,478,483,467,472,456,461
1,494,13,494,476,481,463,468,450,455
1,494,17,494,472,477,455,460,438,443
1,494,19,494,470,475,451,456,432,437
1,495,2,495,488,493,486,491,484,489
1,495,3,495,487,492,484,489,481,486
1,495,5,495,485,490,480,485,475,480
1,495,7,495,483,488,476,481,469,474
1,495,11,495,479,484,468,473,457,462
1,495,13,495,477,482,464,469,451,456
1,495,17,495,473,478,456,461,439,444
1,495,19,495,471,476,452,457,433,438
1,496,2,496,489,494,487,492,485,490
1,496,3,496,488,493,485,490,482,487
1,496,5,496,486,491,481,486,476,481
1,496,7,496,484,489,477,482,470,475
1,496,11,496,480,485,469,474,458,463
1,496,13,496,478,483,465,470,452,457
1,496,17,496,474,479,457,462,440,445
1,496,19,496,472,477,453,458,434,439
1,497,2,497,490,495,488,493,486,491
1,497,3,497,489,494,486,491,483,488
1,497,5,497,487,492,482,487,477,482
1,497,7,497,485,490,478,483,471,476
1,497,11,497,481,486,470,475,459,464
1,497,13,497,479,484,466,471,453,458
1,497,17,497,475,480,458,463,441,446
1,497,19,497,473,478,454,459,435,440
1,498,2,498,491,496,489,494,487,492
1,498,3,498,490,495,487,492,484,489
1,498,5,498,488,493,483,488,478,483
1,498,7,498,486,491,479,484,472,477
1,498,11,498,482,487,471,476,460,465
1,498,13,498,480,485,467,472,454,459
1,498,17,498,476,481,459,464,442,447
1,498,19,498,474,479,455,460,436,441
1,499,2,499,492,497,490,495,488,493
1,499,3,499,491,496,488,493,485,490
1,499,5,499,489,494,484,489,479,484
1,499,7,499,487,492,480,485,473,478
1,499,11,499,483,488,472,477,461,466
1,499,13,499,481,486,468,473,455,460
1,499,17,499,477,482,460,465,443,448
1,499,19,499,475,480,456,461,437,442
1,500,2,500,493,498,491,496,489,494
1,500,3,500,492,497,489,494,486,491
1,500,5,500,490,495,485,490,480,485
1,500,7,500,488,493,481,486,474,479
1,500,11,500,484,489,473,478,462,467
1,500,13,500,482,487,469,474,456,461
1,500,17,500,478,483,461,466,444,449
1,500,19,500,476,481,457,462,438,443
2,601,2,601,594,599,592,597,590,595
2,601,3,601,593,598,590,595,587,592
2,601,5,601,591,596,586,591,581,586
2,601,7,601,589,594,582,587,575,580
2,601,11,601,585,590,574,579,563,568
2,601,13,601,583,588,570,575,557,562
2,601,17,601,579,584,562,567,545,550
2,601,19,601,577,582,558,563,539,544
2,602,2,602,595,600,593,598,591,596
2,602,3,602,594,599,591,596,588,593
2,602,5,602,592,597,587,592,582,587
2,602,7,602,590,595,583,588,576,581
2,602,11,602,586,591,575,580,564,569
2,602,13,602,584,589,571,576,558,563
2,602,17,602,580,585,563,568,546,551
2,602,19,602,578,583,559,564,540,545
2,603,2,603,596,601,594,599,592,597
2,603,3,603,595,600,592,597,589,594
2,603,5,603,593,598,588,593,583,588
2,603,7,603,591,596,584,589,577,582
2,603,11,603,587,592,576,581,565,570
2,603,13,603,585,590,572,577,559,564
2,603,17,603,581,586,564,569,547,552
2,603,19,603,579,584,560,565,541,546
2,604,2,604,597,602,595,600,593,598
2,604,3,604,596,601,593,598,590,595
2,604,5,604,594,599,589,594,584,589
2,604,7,604,592,597,585,590,578,583
2,604,11,604,588,593,577,582,566,571
2,604,13,604,586,591,573,578,560,565
2,604,17,604,582,587,565,570,548,553
2,604,19,604,580,585,561,566,542,547
2,605,2,605,598,603,596,601,594,599
2,605,3,605,597,602,594,599,591,596
2,605,5,605,595,600,590,595,585,590
2,605,7,605,593,598,586,591,579,584
2,605,11,605,589,594,578,583,567,572
2,605,13,605,587,592,574,579,561,566
2,605,17,605,583,588,566,571,549,554
2,605,19,605,581,586,562,567,543,548
2,606,2,606,599,604,597,602,595,600
2,606,3,606,598,603,595,600,592,597
2,606,5,606,596,601,591,596,586,591
2,606,7,606,594,599,587,592,580,585
2,606,11,606,590,595,579,584,568,573
2,606,13,606,588,593,575,580,562,567
2,606,17,606,584,589,567,572,550,555
2,606,19,606,582,587,563,568,544,549
2,607,2,607,600,605,598,603,596,601
2,607,3,607,599,604,596,601,593,598
2,607,5,607,597,602,592,597,587,592
2,607,7,607,595,600,588,593,581,586
2,607,11,607,591,596,580,585,569,574
2,607,13,607,589,594,576,581,563,568
2,607,17,607,585,590,568,573,551,556
2,607,19,607,583,588,564,569,545,550
2,608,2,608,601,606,599,604,597,602
2,608,3,608,600,605,597,602,594,599
2,608,5,608,598,603,593,598,588,593
2,608,7,608,596,601,589,594,582,587
2,608,11,608,592,597,581,586,570,575
2,608,13,608,590,595,577,582,564,569
2,608,17,608,586,591,569,574,552,557
2,608,19,608,584,589,565,570,546,551
2,609,2,609,602,607,600,605,598,603
2,609,3,609,601,606,598,603,595,600
2,609,5,609,599,604,594,599,589,594
2,609,7,609,597,602,590,595,583,588
2,609,11,609,593,598,582,587,571,576
2,609,13,609,591,596,578,583,565,570
2,609,17,609,587,592,570,575,553,558
2,609,19,609,585,590,566,571,547,552
2,610,2,610,603,608,601,606,599,604
2,610,3,610,602,607,599,604,596,601
2,610,5,610,600,605,595,600,590,595
2,610,7,610,598,603,591,596,584,589
2,610,11,610,594,599,583,588,572,577
2,610,13,610,592,597,579,584,566,571
2,610,17,610,588,593,571,576,554,559
2,610,19,610,586,591,567,572,548,553
2,611,2,611,604,609,602,607,600,605
2,611,3,611,603,608,600,605,597,602
2,611,5,611,601,606,596,601,591,596
2,611,7,611,599,604,592,597,585,590
2,611,11,611,595,600,584,589,573,578
2,611,13,611,593,598,580,585,567,572
2,611,17,611,589,594,572,577,555,560
2,611,19,611,587,592,568,573,549,554
2,612,2,612,605,610,603,608,601,606
2,612,3,612,604,609,601,606,598,603
2,612,5,612,602,607,597,602,592,597
2,612,7,612,600,605,593,598,586,591
2,612,11,612,596,601,585,590,574,579
2,612,13,612,594,599,581,586,568,573
2,612,17,612,590,595,573,578,556,561
2,612,19,612,588,593,569,574,550,555
2,613,2,613,606,611,604,609,602,607
2,613,3,613,605,610,602,607,599,604
2,613,5,613,603,608,598,603,593,598
2,613,7,613,601,606,594,599,587,592
2,613,11,613,597,602,586,591,575,580
2,613,13,613,595,600,582,587,569,574
2,613,17,613,591,596,574,579,557,562
2,613,19,613,589,594,570,575,551,556
2,614,2,614,607,612,605,610,603,608
2,614,3,614,606,611,603,608,600,605
2,614,5,614,604,609,599,604,594,599
2,614,7,614,602,607,595,600,588,593
2,614,11,614,598,603,587,592,576,581
2,614,13,614,596,601,583,588,570,575
2,614,17,614,592,597,575,580,558,563
2,614,19,614,590,595,571,576,552,557
2,615,2,615,608,613,606,611,604,609
2,615,3,615,607,612,604,609,601,606
2,615,5,615,605,610,600,605,595,600
2,615,7,615,603,608,596,601,589,594
2,615,11,615,599,604,588,593,577,582
2,615,13,615,597,602,584,589,571,576
2,615,17,615,593,598,576,581,559,564
2,615,19,615,591,596,572,577,553,558
2,616,2,616,609,614,607,612,605,610
2,616,3,616,608,613,605,610,602,607
2,616,5,616,606,611,601,606,596,601
2,616,7,616,604,609,597,602,590,595
2,616,11,616,600,605,589,594,578,583
2,616,13,616,598,603,585,590,572,577
2,616,17,616,594,599,577,582,560,565
2,616,19,616,592,597,573,578,554,559
2,617,2,617,610,615,608,613,606,611
2,617,3,617,609,614,606,611,603,608
2,617,5,617,607,612,602,607,597,602
2,617,7,617,605,610,598,603,591,596
2,617,11,617,601,606,590,595,579,584
2,617,13,617,599,604,586,591,573,578
2,617,17,617,595,600,578,583,561,566
2,617,19,617,593,598,574,579,555,560
2,618,2,618,611,616,609,614,607,612
2,618,3,618,610,615,607,612,604,609
2,618,5,618,608,613,603,608,598,603
2,618,7,618,606,611,599,604,592,597
2,618,11,618,602,607,591,596,580,585
2,618,13,618,600,605,587,592,574,579
2,618,17,618,596,601,579,584,562,567
2,618,19,618,594,599,575,580,556,561
2,619,2,619,612,617,610,615,608,613
2,619,3,619,611,616,608,613,605,610
2,619,5,619,609,614,604,609,599,604
2,619,7,619,607,612,600,605,593,598
2,619,11,619,603,608,592,597,581,586
2,619,13,619,601,606,588,593,575,580
2,619,17,619,597,602,580,585,563,568
2,619,19,619,595,600,576,581,557,562
2,620,2,620,613,618,611,616,609,614
2,620,3,620,612,617,609,614,606,611
2,620,5,620,610,615,605,610,600,605
2,620,7,620,608,613,601,606,594,599
2,620,11,620,604,609,593,598,582,587
2,620,13,620,602,607,589,594,576,581
2,620,17,620,598,603,581,586,564,569
2,620,19,620,596,601,577,582,558,563
2,621,2,621,614,619,612,617,610,615
2,621,3,621,613,618,610,615,607,612
2,621,5,621,611,616,606,611,601,606
2,621,7,621,609,614,602,607,595,600
2,621,11,621,605,610,594,599,583,588
2,621,13,621,603,608,590,595,577,582
2,621,17,621,599,604,582,587,565,570
2,621,19,621,597,602,578,583,559,564
2,622,2,622,615,620,613,618,611,616
2,622,3,622,614,619,611,616,608,613
2,622,5,622,612,617,607,612,602,607
2,622,7,622,610,615,603,608,596,601
2,622,11,622,606,611,595,600,584,589
2,622,13,622,604,609,591,596,578,583
2,622,17,622,600,605,583,588,566,571
2,622,19,622,598,603,579,584,560,565
2,623,2,623,616,621,614,619,612,617
2,623,3,623,615,620,612,617,609,614
2,623,5,623,613,618,608,613,603,608
2,623,7,623,611,616,604,609,597,602
2,623,11,623,607,612,596,601,585,590
2,623,13,623,605,610,592,597,579,584
2,623,17,623,601,606,584,589,567,572
2,623,19,623,599,604,580,585,561,566
2,624,2,624,617,622,615,620,613,618
2,624,3,624,616,621,613,618,610,615
2,624,5,624,614,619,609,614,604,609
2,624,7,624,612,617,605,610,598,603
2,624,11,624,608,613,597,602,586,591
2,624,13,624,606,611,593,598,580,585
2,624,17,624,602,607,585,590,568,573
2,624,19,624,600,605,581,586,562,567
2,625,2,625,618,623,616,621,614,619
2,625,3,625,617,622,614,619,611,616
2,625,5,625,615,620,610,615,605,610
2,625,7,625,613,618,606,611,599,604
2,625,11,625,609,614,598,603,587,592
2,625,13,625,607,612,594,599,581,586
2,625,17,625,603,608,586,591,569,574
2,625,19,625,601,606,582,587,563,568
2,626,2,626,619,624,617,622,615,620
2,626,3,626,618,623,615,620,612,617
2,626,5,626,616,621,611,616,606,611
2,626,7,626,614,619,607,612,600,605
2,626,11,626,610,615,599,604,588,593
2,626,13,626,608,613,595,600,582,587
2,626,17,626,604,609,587,592,570,575
2,626,19,626,602,607,583,588,564,569
2,627,2,627,620,625,618,623,616,621
2,627,3,627,619,624,616,621,613,618
2,627,5,627,617,622,612,617,607,612
2,627,7,627,615,620,608,613,601,606
2,627,11,627,611,616,600,605,589,594
2,627,13,627,609,614,596,601,583,588
2,627,17,627,605,610,588,593,571,576
2,627,19,627,603,608,584,589,565,570
2,628,2,628,621,626,619,624,617,622
2,628,3,628,620,625,617,622,614,619
2,628,5,628,618,623,613,618,608,613
2,628,7,628,616,621,609,614,602,607
2,628,11,628,612,617,601,606,590,595
2,628,13,628,610,615,597,602,584,589
2,628,17,628,606,611,589,594,572,577
2,628,19,628,604,609,585,590,566,571
2,629,2,629,622,627,620,625,618,623
2,629,3,629,621,626,618,623,615,620
2,629,5,629,619,624,614,619,609,614
2,629,7,629,617,622,610,615,603,608
2,629,11,629,613,618,602,607,591,596
2,629,13,629,611,616,598,603,585,590
2,629,17,629,607,612,590,595,573,578
2,629,19,629,605,610,586,591,567,572
2,630,2,630,623,628,621,626,619,624
2,630,3,630,622,627,619,624,616,621
2,630,5,630,620,625,615,620,610,615
2,630,7,630,618,623,611,616,604,609
2,630,11,630,614,619,603,608,592,597
2,630,13,630,612,617,599,604,586,591
2,630,17,630,608,613,591,596,574,579
2,630,19,630,606,611,587,592,568,573
2,631,2,631,624,629,622,627,620,625
2,631,3,631,623,628,620,625,617,622
2,631,5,631,621,626,616,621,611,616
2,631,7,631,619,624,612,617,605,610
2,631,11,631,615,620,604,609,593,598
2,631,13,631,613,618,600,605,587,592
2,631,17,631,609,614,592,597,575,580
2,631,19,631,607,612,588,593,569,574
2,632,2,632,625,630,623,628,621,626
2,632,3,632,624,629,621,626,618,623
2,632,5,632,622,627,617,622,612,617
2,632,7,632,620,625,613,618,606,611
2,632,11,632,616,621,605,610,594,599
2,632,13,632,614,619,601,606,588,593
2,632,17,632,610,615,593,598,576,581
2,632,19,632,608,613,589,594,570,575
2,633,2,633,626,631,624,629,622,627
2,633,3,633,625,630,622,627,619,624
2,633,5,633,623,628,618,623,613,618
2,633,7,633,621,626,614,619,607,612
2,633,11,633,617,622,606,611,595,600
2,633,13,633,615,620,602,607,589,594
2,633,17,633,611,616,594,599,577,582
2,633,19,633,609,614,590,595,571,576
2,634,2,634,627,632,625,630,623,628
2,634,3,634,626,631,623,628,620,625
2,634,5,634,624,629,619,624,614,619
2,634,7,634,622,627,615,620,608,613
2,634,11,634,618,623,607,612,596,601
2,634,13,634,616,621,603,608,590,595
2,634,17,634,612,617,595,600,578,583
2,634,19,634,610,615,591,596,572,577
2,635,2,635,628,633,626,631,624,629
2,635,3,635,627,632,624,629,621,626
2,635,5,635,625,630,620,625,615,620
2,635,7,635,623,628,616,621,609,614
2,635,11,635,619,624,608,613,597,602
2,635,13,635,617,622,604,609,591,596
2,635,17,635,613,618,596,601,579,584
2,635,19,635,611,616,592,597,573,578
2,636,2,636,629,634,627,632,625,630
2,636,3,636,628,633,625,630,622,627
2,636,5,636,626,631,621,626,616,621
2,636,7,636,624,629,617,622,610,615
2,636,11,636,620,625,609,614,598,603
2,636,13,636,618,623,605,610,592,597
2,636,17,636,614,619,597,602,580,585
2,636,19,636,612,617,593,598,574,579
2,637,2,637,630,635,628,633,626,631
2,637,3,637,629,634,626,631,623,628
2,637,5,637,627,632,622,627,617,622
2,637,7,637,625,630,618,623,611,616
2,637,11,637,621,626,610,615,599,604
2,637,13,637,619,624,606,611,593,598
2,637,17,637,615,620,598,603,581,586
2,637,19,637,613,618,594,599,575,580
2,638,2,638,631,636,629,634,627,632
2,638,3,638,630,635,627,632,624,629
2,638,5,638,628,633,623,628,618,623
2,638,7,638,626,631,619,624,612,617
2,638,11,638,622,627,611,616,600,605
2,638,13,638,620,625,607,612,594,599
2,638,17,638,616,621,599,604,582,587
2,638,19,638,614,619,595,600,576,581
2,639,2,639,632,637,630,635,628,633
2,639,3,639,631,636,628,633,625,630
2,639,5,639,629,634,624,629,619,624
2,639,7,639,627,632,620,625,613,618
2,639,11,639,623,628,612,617,601,606
2,639,13,639,621,626,608,613,595,600
2,639,17,639,617,622,600,605,583,588
2,639,19,639,615,620,596,601,577,582
2,640,2,640,633,638,631,636,629,634
2,640,3,640,632,637,629,634,626,631
2,640,5,640,630,635,625,630,620,625
2,640,7,640,628,633,621,626,614,619
2,640,11,640,624,629,613,618,602,607
2,640,13,640,622,627,609,614,596,601
2,640,17,640,618,623,601,606,584,589
2,640,19,640,616,621,597,602,578,583
2,641,2,641,634,639,632,637,630,635
2,641,3,641,633,638,630,635,627,632
2,641,5,641,631,636,626,631,621,626
2,641,7,641,629,634,622,627,615,620
2,641,11,641,625,630,614,619,603,608
2,641,13,641,623,628,610,615,597,602
2,641,17,641,619,624,602,607,585,590
2,641,19,641,617,622,598,603,579,584
2,642,2,642,635,640,633,638,631,636
2,642,3,642,634,639,631,636,628,633
2,642,5,642,632,637,627,632,622,627
2,642,7,642,630,635,623,628,616,621
2,642,11,642,626,631,615,620,604,609
2,642,13,642,624,629,611,616,598,603
2,642,17,642,620,625,603,608,586,591
2,642,19,642,618,623,599,604,580,585
2,643,2,643,636,641,634,639,632,637
2,643,3,643,635,640,632,637,629,634
2,643,5,643,633,638,628,633,623,628
2,643,7,643,631,636,624,629,617,622
2,643,11,643,627,632,616,621,605,610
2,643,13,643,625,630,612,617,599,604
2,643,17,643,621,626,604,609,587,592
2,643,19,643,619,624,600,605,581,586
2,644,2,644,637,642,635,640,633,638
2,644,3,644,636,641,633,638,630,635
2,644,5,644,634,639,629,634,624,629
2,644,7,644,632,637,625,630,618,623
2,644,11,644,628,633,617,622,606,611
2,644,13,644,626,631,613,618,600,605
2,644,17,644,622,627,605,610,588,593
2,644,19,644,620,625,601,606,582,587
2,645,2,645,638,643,636,641,634,639
2,645,3,645,637,642,634,639,631,636
2,645,5,645,635,640,630,635,625,630
2,645,7,645,633,638,626,631,619,624
2,645,11,645,629,634,618,623,607,612
2,645,13,645,627,632,614,619,601,606
2,645,17,645,623,628,606,611,589,594
2,645,19,645,621,626,602,607,583,588
2,646,2,646,639,644,637,642,635,640
2,646,3,646,638,643,635,640,632,637
2,646,5,646,636,641,631,636,626,631
2,646,7,646,634,639,627,632,620,625
2,646,11,646,630,635,619,624,608,613
2,646,13,646,628,633,615,620,602,607
2,646,17,646,624,629,607,612,590,595
2,646,19,646,622,627,603,608,584,589
2,647,2,647,640,645,638,643,636,641
2,647,3,647,639,644,636,641,633,638
2,647,5,647,637,642,632,637,627,632
2,647,7,647,635,640,628,633,621,626
2,647,11,647,631,636,620,625,609,614
2,647,13,647,629,634,616,621,603,608
2,647,17,647,625,630,608,613,591,596
2,647,19,647,623,628,604,609,585,590
2,648,2,648,641,646,639,644,637,642
2,648,3,648,640,645,637,642,634,639
2,648,5,648,638,643,633,638,628,633
2,648,7,648,636,641,629,634,622,627
2,648,11,648,632,637,621,626,610,615
2,648,13,648,630,635,617,622,604,609
2,648,17,648,626,631,609,614,592,597
2,648,19,648,624,629,605,610,586,591
2,649,2,649,642,647,640,645,638,643
2,649,3,649,641,646,638,643,635,640
2,649,5,649,639,644,634,639,629,634
2,649,7,649,637,642,630,635,623,628
2,649,11,649,633,638,622,627,611,616
2,649,13,649,631,636,618,623,605,610
2,649,17,649,627,632,610,615,593,598
2,649,19,649,625,630,606,611,587,592
2,650,2,650,643,648,641,646,639,644
2,650,3,650,642,647,639,644,636,641
2,650,5,650,640,645,635,640,630,635
2,650,7,650,638,643,631,636,624,629
2,650,11,650,634,639,623,628,612,617
2,650,13,650,632,637,619,624,606,611
2,650,17,650,628,633,611,616,594,599
2,650,19,650,626,631,607,612,588,593
2,651,2,651,644,649,642,647,640,645
2,651,3,651,643,648,640,645,637,642
2,651,5,651,641,646,636,641,631,636
2,651,7,651,639,644,632,637,625,630
2,651,11,651,635,640,624,629,613,618
2,651,13,651,633,638,620,625,607,612
2,651,17,651,629,634,612,617,595,600
2,651,19,651,627,632,608,613,589,594
2,652,2,652,645,650,643,648,641,646
2,652,3,652,644,649,641,646,638,643
2,652,5,652,642,647,637,642,632,637
2,652,7,652,640,645,633,638,626,631
2,652,11,652,636,641,625,630,614,619
2,652,13,652,634,639,621,626,608,613
2,652,17,652,630,635,613,618,596,601
2,652,19,652,628,633,609,614,590,595
2,653,2,653,646,651,644,649,642,647
2,653,3,653,645,650,642,647,639,644
2,653,5,653,643,648,638,643,633,638
2,653,7,653,641,646,634,639,627,632
2,653,11,653,637,642,626,631,615,620
2,653,13,653,635,640,622,627,609,614
2,653,17,653,631,636,614,619,597,602
2,653,19,653,629,634,610,615,591,596
2,654,2,654,647,652,645,650,643,648
2,654,3,654,646,651,643,648,640,645
2,654,5,654,644,649,639,644,634,639
2,654,7,654,642,647,635,640,628,633
2,654,11,654,638,643,627,632,616,621
2,654,13,654,636,641,623,628,610,615
2,654,17,654,632,637,615,620,598,603
2,654,19,654,630,635,611,616,592,597
2,655,2,655,648,653,646,651,644,649
2,655,3,655,647,652,644,649,641,646
2,655,5,655,645,650,640,645,635,640
2,655,7,655,643,648,636,641,629,634
2,655,11,655,639,644,628,633,617,622
2,655,13,655,637,642,624,629,611,616
2,655,17,655,633,638,616,621,599,604
2,655,19,655,631,636,612,617,593,598
2,656,2,656,649,654,647,652,645,650
2,656,3,656,648,653,645,650,642,647
2,656,5,656,646,651,641,646,636,641
2,656,7,656,644,649,637,642,630,635
2,656,11,656,640,645,629,634,618,623
2,656,13,656,638,643,625,630,612,617
2,656,17,656,634,639,617,622,600,605
2,656,19,656,632,637,613,618,594,599
2,657,2,657,650,655,648,653,646,651
2,657,3,657,649,654,646,651,643,648
2,657,5,657,647,652,642,647,637,642
2,657,7,657,645,650,638,643,631,636
2,657,11,657,641,646,630,635,619,624
2,657,13,657,639,644,626,631,613,618
2,657,17,657,635,640,618,623,601,606
2,657,19,657,633,638,614,619,595,600
2,658,2,658,651,656,649,654,647,652
2,658,3,658,650,655,647,652,644,649
2,658,5,658,648,653,643,648,638,643
2,658,7,658,646,651,639,644,632,637
2,658,11,658,642,647,631,636,620,625
2,658,13,658,640,645,627,632,614,619
2,658,17,658,636,641,619,624,602,607
2,658,19,658,634,639,615,620,596,601
2,659,2,659,652,657,650,655,648,653
2,659,3,659,651,656,648,653,645,650
2,659,5,659,649,654,644,649,639,644
2,659,7,659,647,652,640,645,633,638
2,659,11,659,643,648,632,637,621,626
2,659,13,659,641,646,628,633,615,620
2,659,17,659,637,642,620,625,603,608
2,659,19,659,635,640,616,621,597,602
2,660,2,660,653,658,651,656,649,654
2,660,3,660,652,657,649,654,646,651
2,660,5,660,650,655,645,650,640,645
2,660,7,660,648,653,641,646,634,639
2,660,11,660,644,649,633,638,622,627
2,660,13,660,642,647,629,634,616,621
2,660,17,660,638,643,621,626,604,609
2,660,19,660,636,641,617,622,598,603
2,661,2,661,654,659,652,657,650,655
2,661,3,661,653,658,650,655,647,652
2,661,5,661,651,656,646,651,641,646
2,661,7,661,649,654,642,647,635,640
2,661,11,661,645,650,634,639,623,628
2,661,13,661,643,648,630,635,617,622
2,661,17,661,639,644,622,627,605,610
2,661,19,661,637,642,618,623,599,604
2,662,2,662,655,660,653,658,651,656
2,662,3,662,654,659,651,656,648,653
2,662,5,662,652,657,647,652,642,647
2,662,7,662,650,655,643,648,636,641
2,662,11,662,646,651,635,640,624,629
2,662,13,662,644,649,631,636,618,623
2,662,17,662,640,645,623,628,606,611
2,662,19,662,638,643,619,624,600,605
2,663,2,663,656,661,654,659,652,657
2,663,3,663,655,660,652,657,649,654
2,663,5,663,653,658,648,653,643,648
2,663,7,663,651,656,644,649,637,642
2,663,11,663,647,652,636,641,625,630
2,663,13,663,645,650,632,637,619,624
2,663,17,663,641,646,624,629,607,612
2,663,19,663,639,644,620,625,601,606
2,664,2,664,657,662,655,660,653,658
2,664,3,664,656,661,653,658,650,655
2,664,5,664,654,659,649,654,644,649
2,664,7,664,652,657,645,650,638,643
2,664,11,664,648,653,637,642,626,631
2,664,13,664,646,651,633,638,620,625
2,664,17,664,642,647,625,630,608,613
2,664,19,664,640,645,621,626,602,607
2,665,2,665,658,663,656,661,654,659
2,665,3,665,657,662,654,659,651,656
2,665,5,665,655,660,650,655,645,650
2,665,7,665,653,658,646,651,639,644
2,665,11,665,649,654,638,643,627,632
2,665,13,665,647,652,634,639,621,626
2,665,17,665,643,648,626,631,609,614
2,665,19,665,641,646,622,627,603,608
2,666,2,666,659,664,657,662,655,660
2,666,3,666,658,663,655,660,652,657
2,666,5,666,656,661,651,656,646,651
2,666,7,666,654,659,647,652,640,645
2,666,11,666,650,655,639,644,628,633
2,666,13,666,648,653,635,640,622,627
2,666,17,666,644,649,627,632,610,615
2,666,19,666,642,647,623,628,604,609
2,667,2,667,660,665,658,663,656,661
2,667,3,667,659,664,656,661,653,658
2,667,5,667,657,662,652,657,647,652
2,667,7,667,655,660,648,653,641,646
2,667,11,667,651,656,640,645,629,634
2,667,13,667,649,654,636,641,623,628
2,667,17,667,645,650,628,633,611,616
2,667,19,667,643,648,624,629,605,610
2,668,2,668,661,666,659,664,657,662
2,668,3,668,660,665,657,662,654,659
2,668,5,668,658,663,653,658,648,653
2,668,7,668,656,661,649,654,642,647
2,668,11,668,652,657,641,646,630,635
2,668,13,668,650,655,637,642,624,629
2,668,17,668,646,651,629,634,612,617
2,668,19,668,644,649,625,630,606,611
2,669,2,669,662,667,660,665,658,663
2,669,3,669,661,666,658,663,655,660
2,669,5,669,659,664,654,659,649,654
2,669,7,669,657,662,650,655,643,648
2,669,11,669,653,658,642,647,631,636
2,669,13,669,651,656,638,643,625,630
2,669,17,669,647,652,630,635,613,618
2,669,19,669,645,650,626,631,607,612
2,670,2,670,663,668,661,666,659,664
2,670,3,670,662,667,659,664,656,661
2,670,5,670,660,665,655,660,650,655
2,670,7,670,658,663,651,656,644,649
2,670,11,670,654,659,643,648,632,637
2,670,13,670,652,657,639,644,626,631
2,670,17,670,648,653,631,636,614,619
2,670,19,670,646,651,627,632,608,613
2,671,2,671,664,669,662,667,660,665
2,671,3,671,663,668,660,665,657,662
2,671,5,671,661,666,656,661,651,656
2,671,7,671,659,664,652,657,645,650
2,671,11,671,655,660,644,649,633,638
2,671,13,671,653,658,640,645,627,632
2,671,17,671,649,654,632,637,615,620
2,671,19,671,647,652,628,633,609,614
2,672,2,672,665,670,663,668,661,666
2,672,3,672,664,669,661,666,658,663
2,672,5,672,662,667,657,662,652,657
2,672,7,672,660,665,653,658,646,651
2,672,11,672,656,661,645,650,634,639
2,672,13,672,654,659,641,646,628,633
2,672,17,672,650,655,633,638,616,621
2,672,19,672,648,653,629,634,610,615
2,673,2,673,666,671,664,669,662,667
2,673,3,673,665,670,662,667,659,664
2,673,5,673,663,668,658,663,653,658
2,673,7,673,661,666,654,659,647,652
2,673,11,673,657,662,646,651,635,640
2,673,13,673,655,660,642,647,629,634
2,673,17,673,651,656,634,639,617,622
2,673,19,673,649,654,630,635,611,616
2,674,2,674,667,672,665,670,663,668
2,674,3,674,666,671,663,668,660,665
2,674,5,674,664,669,659,664,654,659
2,674,7,674,662,667,655,660,648,653
2,674,11,674,658,663,647,652,636,641
2,674,13,674,656,661,643,648,630,635
2,674,17,674,652,657,635,640,618,623
2,674,19,674,650,655,631,636,612,617
2,675,2,675,668,673,666,671,664,669
2,675,3,675,667,672,664,669,661,666
2,675,5,675,665,670,660,665,655,660
2,675,7,675,663,668,656,661,649,654
2,675,11,675,659,664,648,653,637,642
2,675,13,675,657,662,644,649,631,636
2,675,17,675,653,658,636,641,619,624
2,675,19,675,651,656,632,637,613,618
2,676,2,676,669,674,667,672,665,670
2,676,3,676,668,673,665,670,662,667
2,676,5,676,666,671,661,666,656,661
2,676,7,676,664,669,657,662,650,655
2,676,11,676,660,665,649,654,638,643
2,676,13,676,658,663,645,650,632,637
2,676,17,676,654,659,637,642,620,625
2,676,19,676,652,657,633,638,614,619
2,677,2,677,670,675,668,673,666,671
2,677,3,677,669,674,666,671,663,668
2,677,5,677,667,672,662,667,657,662
2,677,7,677,665,670,658,663,651,656
2,677,11,677,661,666,650,655,639,644
2,677,13,677,659,664,646,651,633,638
2,677,17,677,655,660,638,643,621,626
2,677,19,677,653,658,634,639,615,620
2,678,2,678,671,676,669,674,667,672
2,678,3,678,670,675,667,672,664,669
2,678,5,678,668,673,663,668,658,663
2,678,7,678,666,671,659,664,652,657
2,678,11,678,662,667,651,656,640,645
2,678,13,678,660,665,647,652,634,639
2,678,17,678,656,661,639,644,622,627
2,678,19,678,654,659,635,640,616,621
2,679,2,679,672,677,670,675,668,673
2,679,3,679,671,676,668,673,665,670
2,679,5,679,669,674,664,669,659,664
2,679,7,679,667,672,660,665,653,658
2,679,11,679,663,668,652,657,641,646
2,679,13,679,661,666,648,653,635,640
2,679,17,679,657,662,640,645,623,628
2,679,19,679,655,660,636,641,617,622
2,680,2,680,673,678,671,676,669,674
2,680,3,680,672,677,669,674,666,671
2,680,5,680,670,675,665,670,660,665
2,680,7,680,668,673,661,666,654,659
2,680,11,680,664,669,653,658,642,647
2,680,13,680,662,667,649,654,636,641
2,680,17,680,658,663,641,646,624,629
2,680,19,680,656,661,637,642,618,623
2,681,2,681,674,679,672,677,670,675
2,681,3,681,673,678,670,675,667,672
2,681,5,681,671,676,666,671,661,666
2,681,7,681,669,674,662,667,655,660
2,681,11,681,665,670,654,659,643,648
2,681,13,681,663,668,650,655,637,642
2,681,17,681,659,664,642,647,625,630
2,681,19,681,657,662,638,643,619,624
2,682,2,682,675,680,673,678,671,676
2,682,3,682,674,679,671,676,668,673
2,682,5,682,672,677,667,672,662,667
2,682,7,682,670,675,663,668,656,661
2,682,11,682,666,671,655,660,644,649
2,682,13,682,664,669,651,656,638,643
2,682,17,682,660,665,643,648,626,631
2,682,19,682,658,663,639,644,620,625
2,683,2,683,676,681,674,679,672,677
2,683,3,683,675,680,672,677,669,674
2,683,5,683,673,678,668,673,663,668
2,683,7,683,671,676,664,669,657,662
2,683,11,683,667,672,656,661,645,650
2,683,13,683,665,670,652,657,639,644
2,683,17,683,661,666,644,649,627,632
2,683,19,683,659,664,640,645,621,626
2,684,2,684,677,682,675,680,673,678
2,684,3,684,676,681,673,678,670,675
2,684,5,684,674,679,669,674,664,669
2,684,7,684,672,677,665,670,658,663
2,684,11,684,668,673,657,662,646,651
2,684,13,684,666,671,653,658,640,645
2,684,17,684,662,667,645,650,628,633
2,684,19,684,660,665,641,646,622,627
2,685,2,685,678,683,676,681,674,679
2,685,3,685,677,682,674,679,671,676
2,685,5,685,675,680,670,675,665,670
2,685,7,685,673,678,666,671,659,664
2,685,11,685,669,674,658,663,647,652
2,685,13,685,667,672,654,659,641,646
2,685,17,685,663,668,646,651,629,634
2,685,19,685,661,666,642,647,623,628
2,686,2,686,679,684,677,682,675,680
2,686,3,686,678,683,675,680,672,677
2,686,5,686,676,681,671,676,666,671
2,686,7,686,674,679,667,672,660,665
2,686,11,686,670,675,659,664,648,653
2,686,13,686,668,673,655,660,642,647
2,686,17,686,664,669,647,652,630,635
2,686,19,686,662,667,643,648,624,629
2,687,2,687,680,685,678,683,676,681
2,687,3,687,679,684,676,681,673,678
2,687,5,687,677,682,672,677,667,672
2,687,7,687,675,680,668,673,661,666
2,687,11,687,671,676,660,665,649,654
2,687,13,687,669,674,656,661,643,648
2,687,17,687,665,670,648,653,631,636
2,687,19,687,663,668,644,649,625,630
2,688,2,688,681,686,679,684,677,682
2,688,3,688,680,685,677,682,674,679
2,688,5,688,678,683,673,678,668,673
2,688,7,688,676,681,669,674,662,667
2,688,11,688,672,677,661,666,650,655
2,688,13,688,670,675,657,662,644,649
2,688,17,688,666,671,649,654,632,637
2,688,19,688,664,669,645,650,626,631
2,689,2,689,682,687,680,685,678,683
2,689,3,689,681,686,678,683,675,680
2,689,5,689,679,684,674,679,669,674
2,689,7,689,677,682,670,675,663,668
2,689,11,689,673,678,662,667,651,656
2,689,13,689,671,676,658,663,645,650
2,689,17,689,667,672,650,655,633,638
2,689,19,689,665,670,646,651,627,632
2,690,2,690,683,688,681,686,679,684
2,690,3,690,682,687,679,684,676,681
2,690,5,690,680,685,675,680,670,675
2,690,7,690,678,683,671,676,664,669
2,690,11,690,674,679,663,668,652,657
2,690,13,690,672,677,659,664,646,651
2,690,17,690,668,673,651,656,634,639
2,690,19,690,666,671,647,652,628,633
2,691,2,691,684,689,682,687,680,685
2,691,3,691,683,688,680,685,677,682
2,691,5,691,681,686,676,681,671,676
2,691,7,691,679,684,672,677,665,670
2,691,11,691,675,680,664,669,653,658
2,691,13,691,673,678,660,665,647,652
2,691,17,691,669,674,652,657,635,640
2,691,19,691,667,672,648,653,629,634
2,692,2,692,685,690,683,688,681,686
2,692,3,692,684,689,681,686,678,683
2,692,5,692,682,687,677,682,672,677
2,692,7,692,680,685,673,678,666,671
2,692,11,692,676,681,665,670,654,659
2,692,13,692,674,679,661,666,648,653
2,692,17,692,670,675,653,658,636,641
2,692,19,692,668,673,649,654,630,635
2,693,2,693,686,691,684,689,682,687
2,693,3,693,685,690,682,687,679,684
2,693,5,693,683,688,678,683,673,678
2,693,7,693,681,686,674,679,667,672
2,693,11,693,677,682,666,671,655,660
2,693,13,693,675,680,662,667,649,654
2,693,17,693,671,676,654,659,637,642
2,693,19,693,669,674,650,655,631,636
2,694,2,694,687,692,685,690,683,688
2,694,3,694,686,691,683,688,680,685
2,694,5,694,684,689,679,684,674,679
2,694,7,694,682,687,675,680,668,673
2,694,11,694,678,683,667,672,656,661
2,694,13,694,676,681,663,668,650,655
2,694,17,694,672,677,655,660,638,643
2,694,19,694,670,675,651,656,632,637
2,695,2,695,688,693,686,691,684,689
2,695,3,695,687,692,684,689,681,686
2,695,5,695,685,690,680,685,675,680
2,695,7,695,683,688,676,681,669,674
2,695,11,695,679,684,668,673,657,662
2,695,13,695,677,682,664,669,651,656
2,695,17,695,673,678,656,661,639,644
2,695,19,695,671,676,652,657,633,638
2,696,2,696,689,694,687,692,685,690
2,696,3,696,688,693,685,690,682,687
2,696,5,696,686,691,681,686,676,681
2,696,7,696,684,689,677,682,670,675
2,696,11,696,680,685,669,674,658,663
2,696,13,696,678,683,665,670,652,657
2,696,17,696,674,679,657,662,640,645
2,696,19,696,672,677,653,658,634,639
2,697,2,697,690,695,688,693,686,691
2,697,3,697,689,694,686,691,683,688
2,697,5,697,687,692,682,687,677,682
2,697,7,697,685,690,678,683,671,676
2,697,11,697,681,686,670,675,659,664
2,697,13,697,679,684,666,671,653,658
2,697,17,697,675,680,658,663,641,646
2,697,19,697,673,678,654,659,635,640
2,698,2,698,691,696,689,694,687,692
2,698,3,698,690,695,687,692,684,689
2,698,5,698,688,693,683,688,678,683
2,698,7,698,686,691,679,684,672,677
2,698,11,698,682,687,671,676,660,665
2,698,13,698,680,685,667,672,654,659
2,698,17,698,676,681,659,664,642,647
2,698,19,698,674,679,655,660,636,641
2,699,2,699,692,697,690,695,688,693
2,699,3,699,691,696,688,693,685,690
2,699,5,699,689,694,684,689,679,684
2,699,7,699,687,692,680,685,673,678
2,699,11,699,683,688,672,677,661,666
2,699,13,699,681,686,668,673,655,660
2,699,17,699,677,682,660,665,643,648
2,699,19,699,675,680,656,661,637,642
2,700,2,700,693,698,691,696,689,694
2,700,3,700,692,697,689,694,686,691
2,700,5,700,690,695,685,690,680,685
2,700,7,700,688,693,681,686,674,679
2,700,11,700,684,689,673,678,662,667
2,700,13,700,682,687,669,674,656,661
2,700,17,700,678,683,661,666,644,649
2,700,19,700,676,681,657,662,638,643
2,701,2,701,694,699,692,697,690,695
2,701,3,701,693,698,690,695,687,692
2,701,5,701,691,696,686,691,681,686
2,701,7,701,689,694,682,687,675,680
2,701,11,701,685,690,674,679,663,668
2,701,13,701,683,688,670,675,657,662
2,701,17,701,679,684,662,667,645,650
2,701,19,701,677,682,658,663,639,644
2,702,2,702,695,700,693,698,691,696
2,702,3,702,694,699,691,696,688,693
2,702,5,702,692,697,687,692,682,687
2,702,7,702,690,695,683,688,676,681
2,702,11,702,686,691,675,680,664,669
2,702,13,702,684,689,671,676,658,663
2,702,17,702,680,685,663,668,646,651
2,702,19,702,678,683,659,664,640,645
2,703,2,703,696,701,694,699,692,697
2,703,3,703,695,700,692,697,689,694
2,703,5,703,693,698,688,693,683,688
2,703,7,703,691,696,684,689,677,682
2,703,11,703,687,692,676,681,665,670
2,703,13,703,685,690,672,677,659,664
2,703,17,703,681,686,664,669,647,652
2,703,19,703,679,684,660,665,641,646
2,704,2,704,697,702,695,700,693,698
2,704,3,704,696,701,693,698,690,695
2,704,5,704,694,699,689,694,684,689
2,704,7,704,692,697,685,690,678,683
2,704,11,704,688,693,677,682,666,671
2,704,13,704,686,691,673,678,660,665
2,704,17,704,682,687,665,670,648,653
2,704,19,704,680,685,661,666,642,647
2,705,2,705,698,703,696,701,694,699
2,705,3,705,697,702,694,699,691,696
2,705,5,705,695,700,690,695,685,690
2,705,7,705,693,698,686,691,679,684
2,705,11,705,689,694,678,683,667,672
2,705,13,705,687,692,674,679,661,666
2,705,17,705,683,688,666,671,649,654
2,705,19,705,681,686,662,667,643,648
2,706,2,706,699,704,697,702,695,700
2,706,3,706,698,703,695,700,692,697
2,706,5,706,696,701,691,696,686,691
2,706,7,706,694,699,687,692,680,685
2,706,11,706,690,695,679,684,668,673
2,706,13,706,688,693,675,680,662,667
2,706,17,706,684,689,667,672,650,655
2,706,19,706,682,687,663,668,644,649
2,707,2,707,700,705,698,703,696,701
2,707,3,707,699,704,696,701,693,698
2,707,5,707,697,702,692,697,687,692
2,707,7,707,695,700,688,693,681,686
2,707,11,707,691,696,680,685,669,674
2,707,13,707,689,694,676,681,663,668
2,707,17,707,685,690,668,673,651,656
2,707,19,707,683,688,664,669,645,650
2,708,2,708,701,706,699,704,697,702
2,708,3,708,700,705,697,702,694,699
2,708,5,708,698,703,693,698,688,693
2,708,7,708,696,701,689,694,682,687
2,708,11,708,692,697,681,686,670,675
2,708,13,708,690,695,677,682,664,669
2,708,17,708,686,691,669,674,652,657
2,708,19,708,684,689,665,670,646,651
2,709,2,709,702,707,700,705,698,703
2,709,3,709,701,706,698,703,695,700
2,709,5,709,699,704,694,699,689,694
2,709,7,709,697,702,690,695,683,688
2,709,11,709,693,698,682,687,671,676
2,709,13,709,691,696,678,683,665,670
2,709,17,709,687,692,670,675,653,658
2,709,19,709,685,690,666,671,647,652
2,710,2,710,703,708,701,706,699,704
2,710,3,710,702,707,699,704,696,701
2,710,5,710,700,705,695,700,690,695
2,710,7,710,698,703,691,696,684,689
2,710,11,710,694,699,683,688,672,677
2,710,13,710,692,697,679,684,666,671
2,710,17,710,688,693,671,676,654,659
2,710,19,710,686,691,667,672,648,653
2,711,2,711,704,709,702,707,700,705
2,711,3,711,703,708,700,705,697,702
2,711,5,711,701,706,696,701,691,696
2,711,7,711,699,704,692,697,685,690
2,711,11,711,695,700,684,689,673,678
2,711,13,711,693,698,680,685,667,672
2,711,17,711,689,694,672,677,655,660
2,711,19,711,687,692,668,673,649,654
2,712,2,712,705,710,703,708,701,706
2,712,3,712,704,709,701,706,698,703
2,712,5,712,702,707,697,702,692,697
2,712,7,712,700,705,693,698,686,691
2,712,11,712,696,701,685,690,674,679
2,712,13,712,694,699,681,686,668,673
2,712,17,712,690,695,673,678,656,661
2,712,19,712,688,693,669,674,650,655
2,713,2,713,706,711,704,709,702,707
2,713,3,713,705,710,702,707,699,704
2,713,5,713,703,708,698,703,693,698
2,713,7,713,701,706,694,699,687,692
2,713,11,713,697,702,686,691,675,680
2,713,13,713,695,700,682,687,669,674
2,713,17,713,691,696,674,679,657,662
2,713,19,713,689,694,670,675,651,656
2,714,2,714,707,712,705,710,703,708
2,714,3,714,706,711,703,708,700,705
2,714,5,714,704,709,699,704,694,699
2,714,7,714,702,707,695,700,688,693
2,714,11,714,698,703,687,692,676,681
2,714,13,714,696,701,683,688,670,675
2,714,17,714,692,697,675,680,658,663
2,714,19,714,690,695,671,676,652,657
2,715,2,715,708,713,706,711,704,709
2,715,3,715,707,712,704,709,701,706
2,715,5,715,705,710,700,705,695,700
2,715,7,715,703,708,696,701,689,694
2,715,11,715,699,704,688,693,677,682
2,715,13,715,697,702,684,689,671,676
2,715,17,715,693,698,676,681,659,664
2,715,19,715,691,696,672,677,653,658
2,716,2,716,709,714,707,712,705,710
2,716,3,716,708,713,705,710,702,707
2,716,5,716,706,711,701,706,696,701
2,716,7,716,704,709,697,702,690,695
2,716,11,716,700,705,689,694,678,683
2,716,13,716,698,703,685,690,672,677
2,716,17,716,694,699,677,682,660,665
2,716,19,716,692,697,673,678,654,659
2,717,2,717,710,715,708,713,706,711
2,717,3,717,709,714,706,711,703,708
2,717,5,717,707,712,702,707,697,702
2,717,7,717,705,710,698,703,691,696
2,717,11,717,701,706,690,695,679,684
2,717,13,717,699,704,686,691,673,678
2,717,17,717,695,700,678,683,661,666
2,717,19,717,693,698,674,679,655,660
2,718,2,718,711,716,709,714,707,712
2,718,3,718,710,715,707,712,704,709
2,718,5,718,708,713,703,708,698,703
2,718,7,718,706,711,699,704,692,697
2,718,11,718,702,707,691,696,680,685
2,718,13,718,700,705,687,692,674,679
2,718,17,718,696,701,679,684,662,667
2,718,19,718,694,699,675,680,656,661
2,719,2,719,712,717,710,715,708,713
2,719,3,719,711,716,708,713,705,710
2,719,5,719,709,714,704,709,699,704
2,719,7,719,707,712,700,705,693,698
2,719,11,719,703,708,692,697,681,686
2,719,13,719,701,706,688,693,675,680
2,719,17,719,697,702,680,685,663,668
2,719,19,719,695,700,676,681,657,662
2,720,2,720,713,718,711,716,709,714
2,720,3,720,712,717,709,714,706,711
2,720,5,720,710,715,705,710,700,705
2,720,7,720,708,713,701,706,694,699
2,720,11,720,704,709,693,698,682,687
2,720,13,720,702,707,689,694,676,681
2,720,17,720,698,703,681,686,664,669
2,720,19,720,696,701,677,682,658,663
2,721,2,721,714,719,712,717,710,715
2,721,3,721,713,718,710,715,707,712
2,721,5,721,711,716,706,711,701,706
2,721,7,721,709,714,702,707,695,700
2,721,11,721,705,710,694,699,683,688
2,721,13,721,703,708,690,695,677,682
2,721,17,721,699,704,682,687,665,670
2,721,19,721,697,702,678,683,659,664
2,722,2,722,715,720,713,718,711,716
2,722,3,722,714,719,711,716,708,713
2,722,5,722,712,717,707,712,702,707
2,722,7,722,710,715,703,708,696,701
2,722,11,722,706,711,695,700,684,689
2,722,13,722,704,709,691,696,678,683
2,722,17,722,700,705,683,688,666,671
2,722,19,722,698,703,679,684,660,665
2,723,2,723,716,721,714,719,712,717
2,723,3,723,715,720,712,717,709,714
2,723,5,723,713,718,708,713,703,708
2,723,7,723,711,716,704,709,697,702
2,723,11,723,707,712,696,701,685,690
2,723,13,723,705,710,692,697,679,684
2,723,17,723,701,706,684,689,667,672
2,723,19,723,699,704,680,685,661,666
2,724,2,724,717,722,715,720,713,718
2,724,3,724,716,721,713,718,710,715
2,724,5,724,714,719,709,714,704,709
2,724,7,724,712,717,705,710,698,703
2,724,11,724,708,713,697,702,686,691
2,724,13,724,706,711,693,698,680,685
2,724,17,724,702,707,685,690,668,673
2,724,19,724,700,705,681,686,662,667
2,725,2,725,718,723,716,721,714,719
2,725,3,725,717,722,714,719,711,716
2,725,5,725,715,720,710,715,705,710
2,725,7,725,713,718,706,711,699,704
2,725,11,725,709,714,698,703,687,692
2,725,13,725,707,712,694,699,681,686
2,725,17,725,703,708,686,691,669,674
2,725,19,725,701,706,682,687,663,668
2,726,2,726,719,724,717,722,715,720
2,726,3,726,718,723,715,720,712,717
2,726,5,726,716,721,711,716,706,711
2,726,7,726,714,719,707,712,700,705
2,726,11,726,710,715,699,704,688,693
2,726,13,726,708,713,695,700,682,687
2,726,17,726,704,709,687,692,670,675
2,726,19,726,702,707,683,688,664,669
2,727,2,727,720,725,718,723,716,721
2,727,3,727,719,724,716,721,713,718
2,727,5,727,717,722,712,717,707,712
2,727,7,727,715,720,708,713,701,706
2,727,11,727,711,716,700,705,689,694
2,727,13,727,709,714,696,701,683,688
2,727,17,727,705,710,688,693,671,676
2,727,19,727,703,708,684,689,665,670
2,728,2,728,721,726,719,724,717,722
2,728,3,728,720,725,717,722,714,719
2,728,5,728,718,723,713,718,708,713
2,728,7,728,716,721,709,714,702,707
2,728,11,728,712,717,701,706,690,695
2,728,13,728,710,715,697,702,684,689
2,728,17,728,706,711,689,694,672,677
2,728,19,728,704,709,685,690,666,671
2,729,2,729,722,727,720,725,718,723
2,729,3,729,721,726,718,723,715,720
2,729,5,729,719,724,714,719,709,714
2,729,7,729,717,722,710,715,703,708
2,729,11,729,713,718,702,707,691,696
2,729,13,729,711,716,698,703,685,690
2,729,17,729,707,712,690,695,673,678
2,729,19,729,705,710,686,691,667,672
2,730,2,730,723,728,721,726,719,724
2,730,3,730,722,727,719,724,716,721
2,730,5,730,720,725,715,720,710,715
2,730,7,730,718,723,711,716,704,709
2,730,11,730,714,719,703,708,692,697
2,730,13,730,712,717,699,704,686,691
2,730,17,730,708,713,691,696,674,679
2,730,19,730,706,711,687,692,668,673
2,731,2,731,724,729,722,727,720,725
2,731,3,731,723,728,720,725,717,722
2,731,5,731,721,726,716,721,711,716
2,731,7,731,719,724,712,717,705,710
2,731,11,731,715,720,704,709,693,698
2,731,13,731,713,718,700,705,687,692
2,731,17,731,709,714,692,697,675,680
2,731,19,731,707,712,688,693,669,674
2,732,2,732,725,730,723,728,721,726
2,732,3,732,724,729,721,726,718,723
2,732,5,732,722,727,717,722,712,717
2,732,7,732,720,725,713,718,706,711
2,732,11,732,716,721,705,710,694,699
2,732,13,732,714,719,701,706,688,693
2,732,17,732,710,715,693,698,676,681
2,732,19,732,708,713,689,694,670,675
2,733,2,733,726,731,724,729,722,727
2,733,3,733,725,730,722,727,719,724
2,733,5,733,723,728,718,723,713,718
2,733,7,733,721,726,714,719,707,712
2,733,11,733,717,722,706,711,695,700
2,733,13,733,715,720,702,707,689,694
2,733,17,733,711,716,694,699,677,682
2,733,19,733,709,714,690,695,671,676
2,734,2,734,727,732,725,730,723,728
2,734,3,734,726,731,723,728,720,725
2,734,5,734,724,729,719,724,714,719
2,734,7,734,722,727,715,720,708,713
2,734,11,734,718,723,707,712,696,701
2,734,13,734,716,721,703,708,690,695
2,734,17,734,712,717,695,700,678,683
2,734,19,734,710,715,691,696,672,677
2,735,2,735,728,733,726,731,724,729
2,735,3,735,727,732,724,729,721,726
2,735,5,735,725,730,720,725,715,720
2,735,7,735,723,728,716,721,709,714
2,735,11,735,719,724,708,713,697,702
2,735,13,735,717,722,704,709,691,696
2,735,17,735,713,718,696,701,679,684
2,735,19,735,711,716,692,697,673,678
2,736,2,736,729,734,727,732,725,730
2,736,3,736,728,733,725,730,722,727
2,736,5,736,726,731,721,726,716,721
2,736,7,736,724,729,717,722,710,715
2,736,11,736,720,725,709,714,698,703
2,736,13,736,718,723,705,710,692,697
2,736,17,736,714,719,697,702,680,685
2,736,19,736,712,717,693,698,674,679
2,737,2,737,730,735,728,733,726,731
2,737,3,737,729,734,726,731,723,728
2,737,5,737,727,732,722,727,717,722
2,737,7,737,725,730,718,723,711,716
2,737,11,737,721,726,710,715,699,704
2,737,13,737,719,724,706,711,693,698
2,737,17,737,715,720,698,703,681,686
2,737,19,737,713,718,694,699,675,680
2,738,2,738,731,736,729,734,727,732
2,738,3,738,730,735,727,732,724,729
2,738,5,738,728,733,723,728,718,723
2,738,7,738,726,731,719,724,712,717
2,738,11,738,722,727,711,716,700,705
2,738,13,738,720,725,707,712,694,699
2,738,17,738,716,721,699,704,682,687
2,738,19,738,714,719,695,700,676,681
2,739,2,739,732,737,730,735,728,733
2,739,3,739,731,736,728,733,725,730
2,739,5,739,729,734,724,729,719,724
2,739,7,739,727,732,720,725,713,718
2,739,11,739,723,728,712,717,701,706
2,739,13,739,721,726,708,713,695,700
2,739,17,739,717,722,700,705,683,688
2,739,19,739,715,720,696,701,677,682
2,740,2,740,733,738,731,736,729,734
2,740,3,740,732,737,729,734,726,731
2,740,5,740,730,735,725,730,720,725
2,740,7,740,728,733,721,726,714,719
2,740,11,740,724,729,713,718,702,707
2,740,13,740,722,727,709,714,696,701
2,740,17,740,718,723,701,706,684,689
2,740,19,740,716,721,697,702,678,683
2,741,2,741,734,739,732,737,730,735
2,741,3,741,733,738,730,735,727,732
2,741,5,741,731,736,726,731,721,726
2,741,7,741,729,734,722,727,715,720
2,741,11,741,725,730,714,719,703,708
2,741,13,741,723,728,710,715,697,702
2,741,17,741,719,724,702,707,685,690
2,741,19,741,717,722,698,703,679,684
2,742,2,742,735,740,733,738,731,736
2,742,3,742,734,739,731,736,728,733
2,742,5,742,732,737,727,732,722,727
2,742,7,742,730,735,723,728,716,721
2,742,11,742,726,731,715,720,704,709
2,742,13,742,724,729,711,716,698,703
2,742,17,742,720,725,703,708,686,691
2,742,19,742,718,723,699,704,680,685
2,743,2,743,736,741,734,739,732,737
2,743,3,743,735,740,732,737,729,734
2,743,5,743,733,738,728,733,723,728
2,743,7,743,731,736,724,729,717,722
2,743,11,743,727,732,716,721,705,710
2,743,13,743,725,730,712,717,699,704
2,743,17,743,721,726,704,709,687,692
2,743,19,743,719,724,700,705,681,686
2,744,2,744,737,742,735,740,733,738
2,744,3,744,736,741,733,738,730,735
2,744,5,744,734,739,729,734,724,729
2,744,7,744,732,737,725,730,718,723
2,744,11,744,728,733,717,722,706,711
2,744,13,744,726,731,713,718,700,705
2,744,17,744,722,727,705,710,688,693
2,744,19,744,720,725,701,706,682,687
2,745,2,745,738,743,736,741,734,739
2,745,3,745,737,742,734,739,731,736
2,745,5,745,735,740,730,735,725,730
2,745,7,745,733,738,726,731,719,724
2,745,11,745,729,734,718,723,707,712
2,745,13,745,727,732,714,719,701,706
2,745,17,745,723,728,706,711,689,694
2,745,19,745,721,726,702,707,683,688
2,746,2,746,739,744,737,742,735,740
2,746,3,746,738,743,735,740,732,737
2,746,5,746,736,741,731,736,726,731
2,746,7,746,734,739,727,732,720,725
2,746,11,746,730,735,719,724,708,713
2,746,13,746,728,733,715,720,702,707
2,746,17,746,724,729,707,712,690,695
2,746,19,746,722,727,703,708,684,689
2,747,2,747,740,745,738,743,736,741
2,747,3,747,739,744,736,741,733,738
2,747,5,747,737,742,732,737,727,732
2,747,7,747,735,740,728,733,721,726
2,747,11,747,731,736,720,725,709,714
2,747,13,747,729,734,716,721,703,708
2,747,17,747,725,730,708,713,691,696
2,747,19,747,723,728,704,709,685,690
2,748,2,748,741,746,739,744,737,742
2,748,3,748,740,745,737,742,734,739
2,748,5,748,738,743,733,738,728,733
2,748,7,748,736,741,729,734,722,727
2,748,11,748,732,737,721,726,710,715
2,748,13,748,730,735,717,722,704,709
2,748,17,748,726,731,709,714,692,697
2,748,19,748,724,729,705,710,686,691
2,749,2,749,742,747,740,745,738,743
2,749,3,749,741,746,738,743,735,740
2,749,5,749,739,744,734,739,729,734
2,749,7,749,737,742,730,735,723,728
2,749,11,749,733,738,722,727,711,716
2,749,13,749,731,736,718,723,705,710
2,749,17,749,727,732,710,715,693,698
2,749,19,749,725,730,706,711,687,692
2,750,2,750,743,748,741,746,739,744
2,750,3,750,742,747,739,744,736,741
2,750,5,750,740,745,735,740,730,735
2,750,7,750,738,743,731,736,724,729
2,750,11,750,734,739,723,728,712,717
2,750,13,750,732,737,719,724,706,711
2,750,17,750,728,733,711,716,694,699
2,750,19,750,726,731,707,712,688,693
2,751,2,751,744,749,742,747,740,745
2,751,3,751,743,748,740,745,737,742
2,751,5,751,741,746,736,741,731,736
2,751,7,751,739,744,732,737,725,730
2,751,11,751,735,740,724,729,713,718
2,751,13,751,733,738,720,725,707,712
2,751,17,751,729,734,712,717,695,700
2,751,19,751,727,732,708,713,689,694
2,752,2,752,745,750,743,748,741,746
2,752,3,752,744,749,741,746,738,743
2,752,5,752,742,747,737,742,732,737
2,752,7,752,740,745,733,738,726,731
2,752,11,752,736,741,725,730,714,719
2,752,13,752,734,739,721,726,708,713
2,752,17,752,730,735,713,718,696,701
2,752,19,752,728,733,709,714,690,695
2,753,2,753,746,751,744,749,742,747
2,753,3,753,745,750,742,747,739,744
2,753,5,753,743,748,738,743,733,738
2,753,7,753,741,746,734,739,727,732
2,753,11,753,737,742,726,731,715,720
2,753,13,753,735,740,722,727,709,714
2,753,17,753,731,736,714,719,697,702
2,753,19,753,729,734,710,715,691,696
2,754,2,754,747,752,745,750,743,748
2,754,3,754,746,751,743,748,740,745
2,754,5,754,744,749,739,744,734,739
2,754,7,754,742,747,735,740,728,733
2,754,11,754,738,743,727,732,716,721
2,754,13,754,736,741,723,728,710,715
2,754,17,754,732,737,715,720,698,703
2,754,19,754,730,735,711,716,692,697
2,755,2,755,748,753,746,751,744,749
2,755,3,755,747,752,744,749,741,746
2,755,5,755,745,750,740,745,735,740
2,755,7,755,743,748,736,741,729,734
2,755,11,755,739,744,728,733,717,722
2,755,13,755,737,742,724,729,711,716
2,755,17,755,733,738,716,721,699,704
2,755,19,755,731,736,712,717,693,698
2,756,2,756,749,754,747,752,745,750
2,756,3,756,748,753,745,750,742,747
2,756,5,756,746,751,741,746,736,741
2,756,7,756,744,749,737,742,730,735
2,756,11,756,740,745,729,734,718,723
2,756,13,756,738,743,725,730,712,717
2,756,17,756,734,739,717,722,700,705
2,756,19,756,732,737,713,718,694,699
2,757,2,757,750,755,748,753,746,751
2,757,3,757,749,754,746,751,743,748
2,757,5,757,747,752,742,747,737,742
2,757,7,757,745,750,738,743,731,736
2,757,11,757,741,746,730,735,719,724
2,757,13,757,739,744,726,731,713,718
2,757,17,757,735,740,718,723,701,706
2,757,19,757,733,738,714,719,695,700
2,758,2,758,751,756,749,754,747,752
2,758,3,758,750,755,747,752,744,749
2,758,5,758,748,753,743,748,738,743
2,758,7,758,746,751,739,744,732,737
2,758,11,758,742,747,731,736,720,725
2,758,13,758,740,745,727,732,714,719
2,758,17,758,736,741,719,724,702,707
2,758,19,758,734,739,715,720,696,701
2,759,2,759,752,757,750,755,748,753
2,759,3,759,751,756,748,753,745,750
2,759,5,759,749,754,744,749,739,744
2,759,7,759,747,752,740,745,733,738
2,759,11,759,743,748,732,737,721,726
2,759,13,759,741,746,728,733,715,720
2,759,17,759,737,742,720,725,703,708
2,759,19,759,735,740,716,721,697,702
2,760,2,760,753,758,751,756,749,754
2,760,3,760,752,757,749,754,746,751
2,760,5,760,750,755,745,750,740,745
2,760,7,760,748,753,741,746,734,739
2,760,11,760,744,749,733,738,722,727
2,760,13,760,742,747,729,734,716,721
2,760,17,760,738,743,721,726,704,709
2,760,19,760,736,741,717,722,698,703
2,761,2,761,754,759,752,757,750,755
2,761,3,761,753,758,750,755,747,752
2,761,5,761,751,756,746,751,741,746
2,761,7,761,749,754,742,747,735,740
2,761,11,761,745,750,734,739,723,728
2,761,13,761,743,748,730,735,717,722
2,761,17,761,739,744,722,727,705,710
2,761,19,761,737,742,718,723,699,704
2,762,2,762,755,760,753,758,751,756
2,762,3,762,754,759,751,756,748,753
2,762,5,762,752,757,747,752,742,747
2,762,7,762,750,755,743,748,736,741
2,762,11,762,746,751,735,740,724,729
2,762,13,762,744,749,731,736,718,723
2,762,17,762,740,745,723,728,706,711
2,762,19,762,738,743,719,724,700,705
2,763,2,763,756,761,754,759,752,757
2,763,3,763,755,760,752,757,749,754
2,763,5,763,753,758,748,753,743,748
2,763,7,763,751,756,744,749,737,742
2,763,11,763,747,752,736,741,725,730
2,763,13,763,745,750,732,737,719,724
2,763,17,763,741,746,724,729,707,712
2,763,19,763,739,744,720,725,701,706
2,764,2,764,757,762,755,760,753,758
2,764,3,764,756,761,753,758,750,755
2,764,5,764,754,759,749,754,744,749
2,764,7,764,752,757,745,750,738,743
2,764,11,764,748,753,737,742,726,731
2,764,13,764,746,751,733,738,720,725
2,764,17,764,742,747,725,730,708,713
2,764,19,764,740,745,721,726,702,707
2,765,2,765,758,763,756,761,754,759
2,765,3,765,757,762,754,759,751,756
2,765,5,765,755,760,750,755,745,750
2,765,7,765,753,758,746,751,739,744
2,765,11,765,749,754,738,743,727,732
2,765,13,765,747,752,734,739,721,726
2,765,17,765,743,748,726,731,709,714
2,765,19,765,741,746,722,727,703,708
2,766,2,766,759,764,757,762,755,760
2,766,3,766,758,763,755,760,752,757
2,766,5,766,756,761,751,756,746,751
2,766,7,766,754,759,747,752,740,745
2,766,11,766,750,755,739,744,728,733
2,766,13,766,748,753,735,740,722,727
2,766,17,766,744,749,727,732,710,715
2,766,19,766,742,747,723,728,704,709
2,767,2,767,760,765,758,763,756,761
2,767,3,767,759,764,756,761,753,758
2,767,5,767,757,762,752,757,747,752
2,767,7,767,755,760,748,753,741,746
2,767,11,767,751,756,740,745,729,734
2,767,13,767,749,754,736,741,723,728
2,767,17,767,745,750,728,733,711,716
2,767,19,767,743,748,724,729,705,710
2,768,2,768,761,766,759,764,757,762
2,768,3,768,760,765,757,762,754,759
2,768,5,768,758,763,753,758,748,753
2,768,7,768,756,761,749,754,742,747
2,768,11,768,752,757,741,746,730,735
2,768,13,768,750,755,737,742,724,729
2,768,17,768,746,751,729,734,712,717
2,768,19,768,744,749,725,730,706,711
2,769,2,769,762,767,760,765,758,763
2,769,3,769,761,766,758,763,755,760
2,769,5,769,759,764,754,759,749,754
2,769,7,769,757,762,750,755,743,748
2,769,11,769,753,758,742,747,731,736
2,769,13,769,751,756,738,743,725,730
2,769,17,769,747,752,730,735,713,718
2,769,19,769,745,750,726,731,707,712
2,770,2,770,763,768,761,766,759,764
2,770,3,770,762,767,759,764,756,761
2,770,5,770,760,765,755,760,750,755
2,770,7,770,758,763,751,756,744,749
2,770,11,770,754,759,743,748,732,737
2,770,13,770,752,757,739,744,726,731
2,770,17,770,748,753,731,736,714,719
2,770,19,770,746,751,727,732,708,713
2,771,2,771,764,769,762,767,760,765
2,771,3,771,763,768,760,765,757,762
2,771,5,771,761,766,756,761,751,756
2,771,7,771,759,764,752,757,745,750
2,771,11,771,755,760,744,749,733,738
2,771,13,771,753,758,740,745,727,732
2,771,17,771,749,754,732,737,715,720
2,771,19,771,747,752,728,733,709,714
2,772,2,772,765,770,763,768,761,766
2,772,3,772,764,769,761,766,758,763
2,772,5,772,762,767,757,762,752,757
2,772,7,772,760,765,753,758,746,751
2,772,11,772,756,761,745,750,734,739
2,772,13,772,754,759,741,746,728,733
2,772,17,772,750,755,733,738,716,721
2,772,19,772,748,753,729,734,710,715
2,773,2,773,766,771,764,769,762,767
2,773,3,773,765,770,762,767,759,764
2,773,5,773,763,768,758,763,753,758
2,773,7,773,761,766,754,759,747,752
2,773,11,773,757,762,746,751,735,740
2,773,13,773,755,760,742,747,729,734
2,773,17,773,751,756,734,739,717,722
2,773,19,773,749,754,730,735,711,716
2,774,2,774,767,772,765,770,763,768
2,774,3,774,766,771,763,768,760,765
2,774,5,774,764,769,759,764,754,759
2,774,7,774,762,767,755,760,748,753
2,774,11,774,758,763,747,752,736,741
2,774,13,774,756,761,743,748,730,735
2,774,17,774,752,757,735,740,718,723
2,774,19,774,750,755,731,736,712,717
2,775,2,775,768,773,766,771,764,769
2,775,3,775,767,772,764,769,761,766
2,775,5,775,765,770,760,765,755,760
2,775,7,775,763,768,756,761,749,754
2,775,11,775,759,764,748,753,737,742
2,775,13,775,757,762,744,749,731,736
2,775,17,775,753,758,736,741,719,724
2,775,19,775,751,756,732,737,713,718
2,776,2,776,769,774,767,772,765,770
2,776,3,776,768,773,765,770,762,767
2,776,5,776,766,771,761,766,756,761
2,776,7,776,764,769,757,762,750,755
2,776,11,776,760,765,749,754,738,743
2,776,13,776,758,763,745,750,732,737
2,776,17,776,754,759,737,742,720,725
2,776,19,776,752,757,733,738,714,719
2,777,2,777,770,775,768,773,766,771
2,777,3,777,769,774,766,771,763,768
2,777,5,777,767,772,762,767,757,762
2,777,7,777,765,770,758,763,751,756
2,777,11,777,761,766,750,755,739,744
2,777,13,777,759,764,746,751,733,738
2,777,17,777,755,760,738,743,721,726
2,777,19,777,753,758,734,739,715,720
2,778,2,778,771,776,769,774,767,772
2,778,3,778,770,775,767,772,764,769
2,778,5,778,768,773,763,768,758,763
2,778,7,778,766,771,759,764,752,757
2,778,11,778,762,767,751,756,740,745
2,778,13,778,760,765,747,752,734,739
2,778,17,778,756,761,739,744,722,727
2,778,19,778,754,759,735,740,716,721
2,779,2,779,772,777,770,775,768,773
2,779,3,779,771,776,768,773,765,770
2,779,5,779,769,774,764,769,759,764
2,779,7,779,767,772,760,765,753,758
2,779,11,779,763,768,752,757,741,746
2,779,13,779,761,766,748,753,735,740
2,779,17,779,757,762,740,745,723,728
2,779,19,779,755,760,736,741,717,722
2,780,2,780,773,778,771,776,769,774
2,780,3,780,772,777,769,774,766,771
2,780,5,780,770,775,765,770,760,765
2,780,7,780,768,773,761,766,754,759
2,780,11,780,764,769,753,758,742,747
2,780,13,780,762,767,749,754,736,741
2,780,17,780,758,763,741,746,724,729
2,780,19,780,756,761,737,742,718,723
2,781,2,781,774,779,772,777,770,775
2,781,3,781,773,778,770,775,767,772
2,781,5,781,771,776,766,771,761,766
2,781,7,781,769,774,762,767,755,760
2,781,11,781,765,770,754,759,743,748
2,781,13,781,763,768,750,755,737,742
2,781,17,781,759,764,742,747,725,730
2,781,19,781,757,762,738,743,719,724
2,782,2,782,775,780,773,778,771,776
2,782,3,782,774,779,771,776,768,773
2,782,5,782,772,777,767,772,762,767
2,782,7,782,770,775,763,768,756,761
2,782,11,782,766,771,755,760,744,749
2,782,13,782,764,769,751,756,738,743
2,782,17,782,760,765,743,748,726,731
2,782,19,782,758,763,739,744,720,725
2,783,2,783,776,781,774,779,772,777
2,783,3,783,775,780,772,777,769,774
2,783,5,783,773,778,768,773,763,768
2,783,7,783,771,776,764,769,757,762
2,783,11,783,767,772,756,761,745,750
2,783,13,783,765,770,752,757,739,744
2,783,17,783,761,766,744,749,727,732
2,783,19,783,759,764,740,745,721,726
2,784,2,784,777,782,775,780,773,778
2,784,3,784,776,781,773,778,770,775
2,784,5,784,774,779,769,774,764,769
2,784,7,784,772,777,765,770,758,763
2,784,11,784,768,773,757,762,746,751
2,784,13,784,766,771,753,758,740,745
2,784,17,784,762,767,745,750,728,733
2,784,19,784,760,765,741,746,722,727
2,785,2,785,778,783,776,781,774,779
2,785,3,785,777,782,774,779,771,776
2,785,5,785,775,780,770,775,765,770
2,785,7,785,773,778,766,771,759,764
2,785,11,785,769,774,758,763,747,752
2,785,13,785,767,772,754,759,741,746
2,785,17,785,763,768,746,751,729,734
2,785,19,785,761,766,742,747,723,728
2,786,2,786,779,784,777,782,775,780
2,786,3,786,778,783,775,780,772,777
2,786,5,786,776,781,771,776,766,771
2,786,7,786,774,779,767,772,760,765
2,786,11,786,770,775,759,764,748,753
2,786,13,786,768,773,755,760,742,747
2,786,17,786,764,769,747,752,730,735
2,786,19,786,762,767,743,748,724,729
2,787,2,787,780,785,778,783,776,781
2,787,3,787,779,784,776,781,773,778
2,787,5,787,777,782,772,777,767,772
2,787,7,787,775,780,768,773,761,766
2,787,11,787,771,776,760,765,749,754
2,787,13,787,769,774,756,761,743,748
2,787,17,787,765,770,748,753,731,736
2,787,19,787,763,768,744,749,725,730
2,788,2,788,781,786,779,784,777,782
2,788,3,788,780,785,777,782,774,779
2,788,5,788,778,783,773,778,768,773
2,788,7,788,776,781,769,774,762,767
2,788,11,788,772,777,761,766,750,755
2,788,13,788,770,775,757,762,744,749
2,788,17,788,766,771,749,754,732,737
2,788,19,788,764,769,745,750,726,731
2,789,2,789,782,787,780,785,778,783
2,789,3,789,781,786,778,783,775,780
2,789,5,789,779,784,774,779,769,774
2,789,7,789,777,782,770,775,763,768
2,789,11,789,773,778,762,767,751,756
2,789,13,789,771,776,758,763,745,750
2,789,17,789,767,772,750,755,733,738
2,789,19,789,765,770,746,751,727,732
2,790,2,790,783,788,781,786,779,784
2,790,3,790,782,787,779,784,776,781
2,790,5,790,780,785,775,780,770,775
2,790,7,790,778,783,771,776,764,769
2,790,11,790,774,779,763,768,752,757
2,790,13,790,772,777,759,764,746,751
2,790,17,790,768,773,751,756,734,739
2,790,19,790,766,771,747,752,728,733
2,791,2,791,784,789,782,787,780,785
2,791,3,791,783,788,780,785,777,782
2,791,5,791,781,786,776,781,771,776
2,791,7,791,779,784,772,777,765,770
2,791,11,791,775,780,764,769,753,758
2,791,13,791,773,778,760,765,747,752
2,791,17,791,769,774,752,757,735,740
2,791,19,791,767,772,748,753,729,734
2,792,2,792,785,790,783,788,781,786
2,792,3,792,784,789,781,786,778,783
2,792,5,792,782,787,777,782,772,777
2,792,7,792,780,785,773,778,766,771
2,792,11,792,776,781,765,770,754,759
2,792,13,792,774,779,761,766,748,753
2,792,17,792,770,775,753,758,736,741
2,792,19,792,768,773,749,754,730,735
2,793,2,793,786,791,784,789,782,787
2,793,3,793,785,790,782,787,779,784
2,793,5,793,783,788,778,783,773,778
2,793,7,793,781,786,774,779,767,772
2,793,11,793,777,782,766,771,755,760
2,793,13,793,775,780,762,767,749,754
2,793,17,793,771,776,754,759,737,742
2,793,19,793,769,774,750,755,731,736
2,794,2,794,787,792,785,790,783,788
2,794,3,794,786,791,783,788,780,785
2,794,5,794,784,789,779,784,774,779
2,794,7,794,782,787,775,780,768,773
2,794,11,794,778,783,767,772,756,761
2,794,13,794,776,781,763,768,750,755
2,794,17,794,772,777,755,760,738,743
2,794,19,794,770,775,751,756,732,737
2,795,2,795,788,793,786,791,784,789
2,795,3,795,787,792,784,789,781,786
2,795,5,795,785,790,780,785,775,780
2,795,7,795,783,788,776,781,769,774
2,795,11,795,779,784,768,773,757,762
2,795,13,795,777,782,764,769,751,756
2,795,17,795,773,778,756,761,739,744
2,795,19,795,771,776,752,757,733,738
2,796,2,796,789,794,787,792,785,790
2,796,3,796,788,793,785,790,782,787
2,796,5,796,786,791,781,786,776,781
2,796,7,796,784,789,777,782,770,775
2,796,11,796,780,785,769,774,758,763
2,796,13,796,778,783,765,770,752,757
2,796,17,796,774,779,757,762,740,745
2,796,19,796,772,777,753,758,734,739
2,797,2,797,790,795,788,793,786,791
2,797,3,797,789,794,786,791,783,788
2,797,5,797,787,792,782,787,777,782
2,797,7,797,785,790,778,783,771,776
2,797,11,797,781,786,770,775,759,764
2,797,13,797,779,784,766,771,753,758
2,797,17,797,775,780,758,763,741,746
2,797,19,797,773,778,754,759,735,740
2,798,2,798,791,796,789,794,787,792
2,798,3,798,790,795,787,792,784,789
2,798,5,798,788,793,783,788,778,783
2,798,7,798,786,791,779,784,772,777
2,798,11,798,782,787,771,776,760,765
2,798,13,798,780,785,767,772,754,759
2,798,17,798,776,781,759,764,742,747
2,798,19,798,774,779,755,760,736,741
2,799,2,799,792,797,790,795,788,793
2,799,3,799,791,796,788,793,785,790
2,799,5,799,789,794,784,789,779,784
2,799,7,799,787,792,780,785,773,778
2,799,11,799,783,788,772,777,761,766
2,799,13,799,781,786,768,773,755,760
2,799,17,799,777,782,760,765,743,748
2,799,19,799,775,780,756,761,737,742
2,800,2,800,793,798,791,796,789,794
2,800,3,800,792,797,789,794,786,791
2,800,5,800,790,795,785,790,780,785
2,800,7,800,788,793,781,786,774,779
2,800,11,800,784,789,773,778,762,767
2,800,13,800,782,787,769,774,756,761
2,800,17,800,778,783,761,766,744,749
2,800,19,800,776,781,757,762,738,743
3,801,2,801,794,799,792,797,790,795
3,801,3,801,793,798,790,795,787,792
3,801,5,801,791,796,786,791,781,786
3,801,7,801,789,794,782,787,775,780
3,801,11,801,785,790,774,779,763,768
3,801,13,801,783,788,770,775,757,762
3,801,17,801,779,784,762,767,745,750
3,801,19,801,777,782,758,763,739,744
3,802,2,802,795,800,793,798,791,796
3,802,3,802,794,799,791,796,788,793
3,802,5,802,792,797,787,792,782,787
3,802,7,802,790,795,783,788,776,781
3,802,11,802,786,791,775,780,764,769
3,802,13,802,784,789,771,776,758,763
3,802,17,802,780,785,763,768,746,751
3,802,19,802,778,783,759,764,740,745
3,803,2,803,796,801,794,799,792,797
3,803,3,803,795,800,792,797,789,794
3,803,5,803,793,798,788,793,783,788
3,803,7,803,791,796,784,789,777,782
3,803,11,803,787,792,776,781,765,770
3,803,13,803,785,790,772,777,759,764
3,803,17,803,781,786,764,769,747,752
3,803,19,803,779,784,760,765,741,746
3,804,2,804,797,802,795,800,793,798
3,804,3,804,796,801,793,798,790,795
3,804,5,804,794,799,789,794,784,789
3,804,7,804,792,797,785,790,778,783
3,804,11,804,788,793,777,782,766,771
3,804,13,804,786,791,773,778,760,765
3,804,17,804,782,787,765,770,748,753
3,804,19,804,780,785,761,766,742,747
3,805,2,805,798,803,796,801,794,799
3,805,3,805,797,802,794,799,791,796
3,805,5,805,795,800,790,795,785,790
3,805,7,805,793,798,786,791,779,784
3,805,11,805,789,794,778,783,767,772
3,805,13,805,787,792,774,779,761,766
3,805,17,805,783,788,766,771,749,754
3,805,19,805,781,786,762,767,743,748
3,806,2,806,799,804,797,802,795,800
3,806,3,806,798,803,795,800,792,797
3,806,5,806,796,801,791,796,786,791
3,806,7,806,794,799,787,792,780,785
3,806,11,806,790,795,779,784,768,773
3,806,13,806,788,793,775,780,762,767
3,806,17,806,784,789,767,772,750,755
3,806,19,806,782,787,763,768,744,749
3,807,2,807,800,805,798,803,796,801
3,807,3,807,799,804,796,801,793,798
3,807,5,807,797,802,792,797,787,792
3,807,7,807,795,800,788,793,781,786
3,807,11,807,791,796,780,785,769,774
3,807,13,807,789,794,776,781,763,768
3,807,17,807,785,790,768,773,751,756
3,807,19,807,783,788,764,769,745,750
3,808,2,808,801,806,799,804,797,802
3,808,3,808,800,805,797,802,794,799
3,808,5,808,798,803,793,798,788,793
3,808,7,808,796,801,789,794,782,787
3,808,11,808,792,797,781,786,770,775
3,808,13,808,790,795,777,782,764,769
3,808,17,808,786,791,769,774,752,757
3,808,19,808,784,789,765,770,746,751
3,809,2,809,802,807,800,805,798,803
3,809,3,809,801,806,798,803,795,800
3,809,5,809,799,804,794,799,789,794
3,809,7,809,797,802,790,795,783,788
3,809,11,809,793,798,782,787,771,776
3,809,13,809,791,796,778,783,765,770
3,809,17,809,787,792,770,775,753,758
3,809,19,809,785,790,766,771,747,752
3,810,2,810,803,808,801,806,799,804
3,810,3,810,802,807,799,804,796,801
3,810,5,810,800,805,795,800,790,795
3,810,7,810,798,803,791,796,784,789
3,810,11,810,794,799,783,788,772,777
3,810,13,810,792,797,779,784,766,771
3,810,17,810,788,793,771,776,754,759
3,810,19,810,786,791,767,772,748,753
3,811,2,811,804,809,802,807,800,805
3,811,3,811,803,808,800,805,797,802
3,811,5,811,801,806,796,801,791,796
3,811,7,811,799,804,792,797,785,790
3,811,11,811,795,800,784,789,773,778
3,811,13,811,793,798,780,785,767,772
3,811,17,811,789,794,772,777,755,760
3,811,19,811,787,792,768,773,749,754
3,812,2,812,805,810,803,808,801,806
3,812,3,812,804,809,801,806,798,803
3,812,5,812,802,807,797,802,792,797
3,812,7,812,800,805,793,798,786,791
3,812,11,812,796,801,785,790,774,779
3,812,13,812,794,799,781,786,768,773
3,812,17,812,790,795,773,778,756,761
3,812,19,812,788,793,769,774,750,755
3,813,2,813,806,811,804,809,802,807
3,813,3,813,805,810,802,807,799,804
3,813,5,813,803,808,798,803,793,798
3,813,7,813,801,806,794,799,787,792
3,813,11,813,797,802,786,791,775,780
3,813,13,813,795,800,782,787,769,774
3,813,17,813,791,796,774,779,757,762
3,813,19,813,789,794,770,775,751,756
3,814,2,814,807,812,805,810,803,808
3,814,3,814,806,811,803,808,800,805
3,814,5,814,804,809,799,804,794,799
3,814,7,814,802,807,795,800,788,793
3,814,11,814,798,803,787,792,776,781
3,814,13,814,796,801,783,788,770,775
3,814,17,814,792,797,775,780,758,763
3,814,19,814,790,795,771,776,752,757
3,815,2,815,808,813,806,811,804,809
3,815,3,815,807,812,804,809,801,806
3,815,5,815,805,810,800,805,795,800
3,815,7,815,803,808,796,801,789,794
3,815,11,815,799,804,788,793,777,782
3,815,13,815,797,802,784,789,771,776
3,815,17,815,793,798,776,781,759,764
3,815,19,815,791,796,772,777,753,758
3,816,2,816,809,814,807,812,805,810
3,816,3,816,808,813,805,810,802,807
3,816,5,816,806,811,801,806,796,801
3,816,7,816,804,809,797,802,790,795
3,816,11,816,800,805,789,794,778,783
3,816,13,816,798,803,785,790,772,777
3,816,17,816,794,799,777,782,760,765
3,816,19,816,792,797,773,778,754,759
3,817,2,817,810,815,808,813,806,811
3,817,3,817,809,814,806,811,803,808
3,817,5,817,807,812,802,807,797,802
3,817,7,817,805,810,798,803,791,796
3,817,11,817,801,806,790,795,779,784
3,817,13,817,799,804,786,791,773,778
3,817,17,817,795,800,778,783,761,766
3,817,19,817,793,798,774,779,755,760
3,818,2,818,811,816,809,814,807,812
3,818,3,818,810,815,807,812,804,809
3,818,5,818,808,813,803,808,798,803
3,818,7,818,806,811,799,804,792,797
3,818,11,818,802,807,791,796,780,785
3,818,13,818,800,805,787,792,774,779
3,818,17,818,796,801,779,784,762,767
3,818,19,818,794,799,775,780,756,761
3,819,2,819,812,817,810,815,808,813
3,819,3,819,811,816,808,813,805,810
3,819,5,819,809,814,804,809,799,804
3,819,7,819,807,812,800,805,793,798
3,819,11,819,803,808,792,797,781,786
3,819,13,819,801,806,788,793,775,780
3,819,17,819,797,802,780,785,763,768
3,819,19,819,795,800,776,781,757,762
3,820,2,820,813,818,811,816,809,814
3,820,3,820,812,817,809,814,806,811
3,820,5,820,810,815,805,810,800,805
3,820,7,820,808,813,801,806,794,799
3,820,11,820,804,809,793,798,782,787
3,820,13,820,802,807,789,794,776,781
3,820,17,820,798,803,781,786,764,769
3,820,19,820,796,801,777,782,758,763
3,821,2,821,814,819,812,817,810,815
3,821,3,821,813,818,810,815,807,812
3,821,5,821,811,816,806,811,801,806
3,821,7,821,809,814,802,807,795,800
3,821,11,821,805,810,794,799,783,788
3,821,13,821,803,808,790,795,777,782
3,821,17,821,799,804,782,787,765,770
3,821,19,821,797,802,778,783,759,764
3,822,2,822,815,820,813,818,811,816
3,822,3,822,814,819,811,816,808,813
3,822,5,822,812,817,807,812,802,807
3,822,7,822,810,815,803,808,796,801
3,822,11,822,806,811,795,800,784,789
3,822,13,822,804,809,791,796,778,783
3,822,17,822,800,805,783,788,766,771
3,822,19,822,798,803,779,784,760,765
3,823,2,823,816,821,814,819,812,817
3,823,3,823,815,820,812,817,809,814
3,823,5,823,813,818,808,813,803,808
3,823,7,823,811,816,804,809,797,802
3,823,11,823,807,812,796,801,785,790
3,823,13,823,805,810,792,797,779,784
3,823,17,823,801,806,784,789,767,772
3,823,19,823,799,804,780,785,761,766
3,824,2,824,817,822,815,820,813,818
3,824,3,824,816,821,813,818,810,815
3,824,5,824,814,819,809,814,804,809
3,824,7,824,812,817,805,810,798,803
3,824,11,824,808,813,797,802,786,791
3,824,13,824,806,811,793,798,780,785
3,824,17,824,802,807,785,790,768,773
3,824,19,824,800,805,781,786,762,767
3,825,2,825,818,823,816,821,814,819
3,825,3,825,817,822,814,819,811,816
3,825,5,825,815,820,810,815,805,810
3,825,7,825,813,818,806,811,799,804
3,825,11,825,809,814,798,803,787,792
3,825,13,825,807,812,794,799,781,786
3,825,17,825,803,808,786,791,769,774
3,825,19,825,801,806,782,787,763,768
3,826,2,826,819,824,817,822,815,820
3,826,3,826,818,823,815,820,812,817
3,826,5,826,816,821,811,816,806,811
3,826,7,826,814,819,807,812,800,805
3,826,11,826,810,815,799,804,788,793
3,826,13,826,808,813,795,800,782,787
3,826,17,826,804,809,787,792,770,775
3,826,19,826,802,807,783,788,764,769
3,827,2,827,820,825,818,823,816,821
3,827,3,827,819,824,816,821,813,818
3,827,5,827,817,822,812,817,807,812
3,827,7,827,815,820,808,813,801,806
3,827,11,827,811,816,800,805,789,794
3,827,13,827,809,814,796,801,783,788
3,827,17,827,805,810,788,793,771,776
3,827,19,827,803,808,784,789,765,770
3,828,2,828,821,826,819,824,817,822
3,828,3,828,820,825,817,822,814,819
3,828,5,828,818,823,813,818,808,813
3,828,7,828,816,821,809,814,802,807
3,828,11,828,812,817,801,806,790,795
3,828,13,828,810,815,797,802,784,789
3,828,17,828,806,811,789,794,772,777
3,828,19,828,804,809,785,790,766,771
3,829,2,829,822,827,820,825,818,823
3,829,3,829,821,826,818,823,815,820
3,829,5,829,819,824,814,819,809,814
3,829,7,829,817,822,810,815,803,808
3,829,11,829,813,818,802,807,791,796
3,829,13,829,811,816,798,803,785,790
3,829,17,829,807,812,790,795,773,778
3,829,19,829,805,810,786,791,767,772
3,830,2,830,823,828,821,826,819,824
3,830,3,830,822,827,819,824,816,821
3,830,5,830,820,825,815,820,810,815
3,830,7,830,818,823,811,816,804,809
3,830,11,830,814,819,803,808,792,797
3,830,13,830,812,817,799,804,786,791
3,830,17,830,808,813,791,796,774,779
3,830,19,830,806,811,787,792,768,773
3,831,2,831,824,829,822,827,820,825
3,831,3,831,823,828,820,825,817,822
3,831,5,831,821,826,816,821,811,816
3,831,7,831,819,824,812,817,805,810
3,831,11,831,815,820,804,809,793,798
3,831,13,831,813,818,800,805,787,792
3,831,17,831,809,814,792,797,775,780
3,831,19,831,807,812,788,793,769,774
3,832,2,832,825,830,823,828,821,826
3,832,3,832,824,829,821,826,818,823
3,832,5,832,822,827,817,822,812,817
3,832,7,832,820,825,813,818,806,811
3,832,11,832,816,821,805,810,794,799
3,832,13,832,814,819,801,806,788,793
3,832,17,832,810,815,793,798,776,781
3,832,19,832,808,813,789,794,770,775
3,833,2,833,826,831,824,829,822,827
3,833,3,833,825,830,822,827,819,824
3,833,5,833,823,828,818,823,813,818
3,833,7,833,821,826,814,819,807,812
3,833,11,833,817,822,806,811,795,800
3,833,13,833,815,820,802,807,789,794
3,833,17,833,811,816,794,799,777,782
3,833,19,833,809,814,790,795,771,776
3,834,2,834,827,832,825,830,823,828
3,834,3,834,826,831,823,828,820,825
3,834,5,834,824,829,819,824,814,819
3,834,7,834,822,827,815,820,808,813
3,834,11,834,818,823,807,812,796,801
3,834,13,834,816,821,803,808,790,795
3,834,17,834,812,817,795,800,778,783
3,834,19,834,810,815,791,796,772,777
3,835,2,835,828,833,826,831,824,829
3,835,3,835,827,832,824,829,821,826
3,835,5,835,825,830,820,825,815,820
3,835,7,835,823,828,816,821,809,814
3,835,11,835,819,824,808,813,797,802
3,835,13,835,817,822,804,809,791,796
3,835,17,835,813,818,796,801,779,784
3,835,19,835,811,816,792,797,773,778
3,836,2,836,829,834,827,832,825,830
3,836,3,836,828,833,825,830,822,827
3,836,5,836,826,831,821,826,816,821
3,836,7,836,824,829,817,822,810,815
3,836,11,836,820,825,809,814,798,803
3,836,13,836,818,823,805,810,792,797
3,836,17,836,814,819,797,802,780,785
3,836,19,836,812,817,793,798,774,779
3,837,2,837,830,835,828,833,826,831
3,837,3,837,829,834,826,831,823,828
3,837,5,837,827,832,822,827,817,822
3,837,7,837,825,830,818,823,811,816
3,837,11,837,821,826,810,815,799,804
3,837,13,837,819,824,806,811,793,798
3,837,17,837,815,820,798,803,781,786
3,837,19,837,813,818,794,799,775,780
3,838,2,838,831,836,829,834,827,832
3,838,3,838,830,835,827,832,824,829
3,838,5,838,828,833,823,828,818,823
3,838,7,838,826,831,819,824,812,817
3,838,11,838,822,827,811,816,800,805
3,838,13,838,820,825,807,812,794,799
3,838,17,838,816,821,799,804,782,787
3,838,19,838,814,819,795,800,776,781
3,839,2,839,832,837,830,835,828,833
3,839,3,839,831,836,828,833,825,830
3,839,5,839,829,834,824,829,819,824
3,839,7,839,827,832,820,825,813,818
3,839,11,839,823,828,812,817,801,806
3,839,13,839,821,826,808,813,795,800
3,839,17,839,817,822,800,805,783,788
3,839,19,839,815,820,796,801,777,782
3,840,2,840,833,838,831,836,829,834
3,840,3,840,832,837,829,834,826,831
3,840,5,840,830,835,825,830,820,825
3,840,7,840,828,833,821,826,814,819
3,840,11,840,824,829,813,818,802,807
3,840,13,840,822,827,809,814,796,801
3,840,17,840,818,823,801,806,784,789
3,840,19,840,816,821,797,802,778,783
3,841,2,841,834,839,832,837,830,835
3,841,3,841,833,838,830,835,827,832
3,841,5,841,831,836,826,831,821,826
3,841,7,841,829,834,822,827,815,820
3,841,11,841,825,830,814,819,803,808
3,841,13,841,823,828,810,815,797,802
3,841,17,841,819,824,802,807,785,790
3,841,19,841,817,822,798,803,779,784
3,842,2,842,835,840,833,838,831,836
3,842,3,842,834,839,831,836,828,833
3,842,5,842,832,837,827,832,822,827
3,842,7,842,830,835,823,828,816,821
3,842,11,842,826,831,815,820,804,809
3,842,13,842,824,829,811,816,798,803
3,842,17,842,820,825,803,808,786,791
3,842,19,842,818,823,799,804,780,785
3,843,2,843,836,841,834,839,832,837
3,843,3,843,835,840,832,837,829,834
3,843,5,843,833,838,828,833,823,828
3,843,7,843,831,836,824,829,817,822
3,843,11,843,827,832,816,821,805,810
3,843,13,843,825,830,812,817,799,804
3,843,17,843,821,826,804,809,787,792
3,843,19,843,819,824,800,805,781,786
3,844,2,844,837,842,835,840,833,838
3,844,3,844,836,841,833,838,830,835
3,844,5,844,834,839,829,834,824,829
3,844,7,844,832,837,825,830,818,823
3,844,11,844,828,833,817,822,806,811
3,844,13,844,826,831,813,818,800,805
3,844,17,844,822,827,805,810,788,793
3,844,19,844,820,825,801,806,782,787
3,845,2,845,838,843,836,841,834,839
3,845,3,845,837,842,834,839,831,836
3,845,5,845,835,840,830,835,825,830
3,845,7,845,833,838,826,831,819,824
3,845,11,845,829,834,818,823,807,812
3,845,13,845,827,832,814,819,801,806
3,845,17,845,823,828,806,811,789,794
3,845,19,845,821,826,802,807,783,788
3,846,2,846,839,844,837,842,835,840
3,846,3,846,838,843,835,840,832,837
3,846,5,846,836,841,831,836,826,831
3,846,7,846,834,839,827,832,820,825
3,846,11,846,830,835,819,824,808,813
3,846,13,846,828,833,815,820,802,807
3,846,17,846,824,829,807,812,790,795
3,846,19,846,822,827,803,808,784,789
3,847,2,847,840,845,838,843,836,841
3,847,3,847,839,844,836,841,833,838
3,847,5,847,837,842,832,837,827,832
3,847,7,847,835,840,828,833,821,826
3,847,11,847,831,836,820,825,809,814
3,847,13,847,829,834,816,821,803,808
3,847,17,847,825,830,808,813,791,796
3,847,19,847,823,828,804,809,785,790
3,848,2,848,841,846,839,844,837,842
3,848,3,848,840,845,837,842,834,839
3,848,5,848,838,843,833,838,828,833
3,848,7,848,836,841,829,834,822,827
3,848,11,848,832,837,821,826,810,815
3,848,13,848,830,835,817,822,804,809
3,848,17,848,826,831,809,814,792,797
3,848,19,848,824,829,805,810,786,791
3,849,2,849,842,847,840,845,838,843
3,849,3,849,841,846,838,843,835,840
3,849,5,849,839,844,834,839,829,834
3,849,7,849,837,842,830,835,823,828
3,849,11,849,833,838,822,827,811,816
3,849,13,849,831,836,818,823,805,810
3,849,17,849,827,832,810,815,793,798
3,849,19,849,825,830,806,811,787,792
3,850,2,850,843,848,841,846,839,844
3,850,3,850,842,847,839,844,836,841
3,850,5,850,840,845,835,840,830,835
3,850,7,850,838,843,831,836,824,829
3,850,11,850,834,839,823,828,812,817
3,850,13,850,832,837,819,824,806,811
3,850,17,850,828,833,811,816,794,799
3,850,19,850,826,831,807,812,788,793
3,851,2,851,844,849,842,847,840,845
3,851,3,851,843,848,840,845,837,842
3,851,5,851,841,846,836,841,831,836
3,851,7,851,839,844,832,837,825,830
3,851,11,851,835,840,824,829,813,818
3,851,13,851,833,838,820,825,807,812
3,851,17,851,829,834,812,817,795,800
3,851,19,851,827,832,808,813,789,794
3,852,2,852,845,850,843,848,841,846
3,852,3,852,844,849,841,846,838,843
3,852,5,852,842,847,837,842,832,837
3,852,7,852,840,845,833,838,826,831
3,852,11,852,836,841,825,830,814,819
3,852,13,852,834,839,821,826,808,813
3,852,17,852,830,835,813,818,796,801
3,852,19,852,828,833,809,814,790,795
3,853,2,853,846,851,844,849,842,847
3,853,3,853,845,850,842,847,839,844
3,853,5,853,843,848,838,843,833,838
3,853,7,853,841,846,834,839,827,832
3,853,11,853,837,842,826,831,815,820
3,853,13,853,835,840,822,827,809,814
3,853,17,853,831,836,814,819,797,802
3,853,19,853,829,834,810,815,791,796
3,854,2,854,847,852,845,850,843,848
3,854,3,854,846,851,843,848,840,845
3,854,5,854,844,849,839,844,834,839
3,854,7,854,842,847,835,840,828,833
3,854,11,854,838,843,827,832,816,821
3,854,13,854,836,841,823,828,810,815
3,854,17,854,832,837,815,820,798,803
3,854,19,854,830,835,811,816,792,797
3,855,2,855,848,853,846,851,844,849
3,855,3,855,847,852,844,849,841,846
3,855,5,855,845,850,840,845,835,840
3,855,7,855,843,848,836,841,829,834
3,855,11,855,839,844,828,833,817,822
3,855,13,855,837,842,824,829,811,816
3,855,17,855,833,838,816,821,799,804
3,855,19,855,831,836,812,817,793,798
3,856,2,856,849,854,847,852,845,850
3,856,3,856,848,853,845,850,842,847
3,856,5,856,846,851,841,846,836,841
3,856,7,856,844,849,837,842,830,835
3,856,11,856,840,845,829,834,818,823
3,856,13,856,838,843,825,830,812,817
3,856,17,856,834,839,817,822,800,805
3,856,19,856,832,837,813,818,794,799
3,857,2,857,850,855,848,853,846,851
3,857,3,857,849,854,846,851,843,848
3,857,5,857,847,852,842,847,837,842
3,857,7,857,845,850,838,843,831,836
3,857,11,857,841,846,830,835,819,824
3,857,13,857,839,844,826,831,813,818
3,857,17,857,835,840,818,823,801,806
3,857,19,857,833,838,814,819,795,800
3,858,2,858,851,856,849,854,847,852
3,858,3,858,850,855,847,852,844,849
3,858,5,858,848,853,843,848,838,843
3,858,7,858,846,851,839,844,832,837
3,858,11,858,842,847,831,836,820,825
3,858,13,858,840,845,827,832,814,819
3,858,17,858,836,841,819,824,802,807
3,858,19,858,834,839,815,820,796,801
3,859,2,859,852,857,850,855,848,853
3,859,3,859,851,856,848,853,845,850
3,859,5,859,849,854,844,849,839,844
3,859,7,859,847,852,840,845,833,838
3,859,11,859,843,848,832,837,821,826
3,859,13,859,841,846,828,833,815,820
3,859,17,859,837,842,820,825,803,808
3,859,19,859,835,840,816,821,797,802
3,860,2,860,853,858,851,856,849,854
3,860,3,860,852,857,849,854,846,851
3,860,5,860,850,855,845,850,840,845
3,860,7,860,848,853,841,846,834,839
3,860,11,860,844,849,833,838,822,827
3,860,13,860,842,847,829,834,816,821
3,860,17,860,838,843,821,826,804,809
3,860,19,860,836,841,817,822,798,803
3,861,2,861,854,859,852,857,850,855
3,861,3,861,853,858,850,855,847,852
3,861,5,861,851,856,846,851,841,846
3,861,7,861,849,854,842,847,835,840
3,861,11,861,845,850,834,839,823,828
3,861,13,861,843,848,830,835,817,822
3,861,17,861,839,844,822,827,805,810
3,861,19,861,837,842,818,823,799,804
3,862,2,862,855,860,853,858,851,856
3,862,3,862,854,859,851,856,848,853
3,862,5,862,852,857,847,852,842,847
3,862,7,862,850,855,843,848,836,841
3,862,11,862,846,851,835,840,824,829
3,862,13,862,844,849,831,836,818,823
3,862,17,862,840,845,823,828,806,811
3,862,19,862,838,843,819,824,800,805
3,863,2,863,856,861,854,859,852,857
3,863,3,863,855,860,852,857,849,854
3,863,5,863,853,858,848,853,843,848
3,863,7,863,851,856,844,849,837,842
3,863,11,863,847,852,836,841,825,830
3,863,13,863,845,850,832,837,819,824
3,863,17,863,841,846,824,829,807,812
3,863,19,863,839,844,820,825,801,806
3,864,2,864,857,862,855,860,853,858
3,864,3,864,856,861,853,858,850,855
3,864,5,864,854,859,849,854,844,849
3,864,7,864,852,857,845,850,838,843
3,864,11,864,848,853,837,842,826,831
3,864,13,864,846,851,833,838,820,825
3,864,17,864,842,847,825,830,808,813
3,864,19,864,840,845,821,826,802,807
3,865,2,865,858,863,856,861,854,859
3,865,3,865,857,862,854,859,851,856
3,865,5,865,855,860,850,855,845,850
3,865,7,865,853,858,846,851,839,844
3,865,11,865,849,854,838,843,827,832
3,865,13,865,847,852,834,839,821,826
3,865,17,865,843,848,826,831,809,814
3,865,19,865,841,846,822,827,803,808
3,866,2,866,859,864,857,862,855,860
3,866,3,866,858,863,855,860,852,857
3,866,5,866,856,861,851,856,846,851
3,866,7,866,854,859,847,852,840,845
3,866,11,866,850,855,839,844,828,833
3,866,13,866,848,853,835,840,822,827
3,866,17,866,844,849,827,832,810,815
3,866,19,866,842,847,823,828,804,809
3,867,2,867,860,865,858,863,856,861
3,867,3,867,859,864,856,861,853,858
3,867,5,867,857,862,852,857,847,852
3,867,7,867,855,860,848,853,841,846
3,867,11,867,851,856,840,845,829,834
3,867,13,867,849,854,836,841,823,828
3,867,17,867,845,850,828,833,811,816
3,867,19,867,843,848,824,829,805,810
3,868,2,868,861,866,859,864,857,862
3,868,3,868,860,865,857,862,854,859
3,868,5,868,858,863,853,858,848,853
3,868,7,868,856,861,849,854,842,847
3,868,11,868,852,857,841,846,830,835
3,868,13,868,850,855,837,842,824,829
3,868,17,868,846,851,829,834,812,817
3,868,19,868,844,849,825,830,806,811
3,869,2,869,862,867,860,865,858,863
3,869,3,869,861,866,858,863,855,860
3,869,5,869,859,864,854,859,849,854
3,869,7,869,857,862,850,855,843,848
3,869,11,869,853,858,842,847,831,836
3,869,13,869,851,856,838,843,825,830
3,869,17,869,847,852,830,835,813,818
3,869,19,869,845,850,826,831,807,812
3,870,2,870,863,868,861,866,859,864
3,870,3,870,862,867,859,864,856,861
3,870,5,870,860,865,855,860,850,855
3,870,7,870,858,863,851,856,844,849
3,870,11,870,854,859,843,848,832,837
3,870,13,870,852,857,839,844,826,831
3,870,17,870,848,853,831,836,814,819
3,870,19,870,846,851,827,832,808,813
3,871,2,871,864,869,862,867,860,865
3,871,3,871,863,868,860,865,857,862
3,871,5,871,861,866,856,861,851,856
3,871,7,871,859,864,852,857,845,850
3,871,11,871,855,860,844,849,833,838
3,871,13,871,853,858,840,845,827,832
3,871,17,871,849,854,832,837,815,820
3,871,19,871,847,852,828,833,809,814
3,872,2,872,865,870,863,868,861,866
3,872,3,872,864,869,861,866,858,863
3,872,5,872,862,867,857,862,852,857
3,872,7,872,860,865,853,858,846,851
3,872,11,872,856,861,845,850,834,839
3,872,13,872,854,859,841,846,828,833
3,872,17,872,850,855,833,838,816,821
3,872,19,872,848,853,829,834,810,815
3,873,2,873,866,871,864,869,862,867
3,873,3,873,865,870,862,867,859,864
3,873,5,873,863,868,858,863,853,858
3,873,7,873,861,866,854,859,847,852
3,873,11,873,857,862,846,851,835,840
3,873,13,873,855,860,842,847,829,834
3,873,17,873,851,856,834,839,817,822
3,873,19,873,849,854,830,835,811,816
3,874,2,874,867,872,865,870,863,868
3,874,3,874,866,871,863,868,860,865
3,874,5,874,864,869,859,864,854,859
3,874,7,874,862,867,855,860,848,853
3,874,11,874,858,863,847,852,836,841
3,874,13,874,856,861,843,848,830,835
3,874,17,874,852,857,835,840,818,823
3,874,19,874,850,855,831,836,812,817
3,875,2,875,868,873,866,871,864,869
3,875,3,875,867,872,864,869,861,866
3,875,5,875,865,870,860,865,855,860
3,875,7,875,863,868,856,861,849,854
3,875,11,875,859,864,848,853,837,842
3,875,13,875,857,862,844,849,831,836
3,875,17,875,853,858,836,841,819,824
3,875,19,875,851,856,832,837,813,818
3,876,2,876,869,874,867,872,865,870
3,876,3,876,868,873,865,870,862,867
3,876,5,876,866,871,861,866,856,861
3,876,7,876,864,869,857,862,850,855
3,876,11,876,860,865,849,854,838,843
3,876,13,876,858,863,845,850,832,837
3,876,17,876,854,859,837,842,820,825
3,876,19,876,852,857,833,838,814,819
3,877,2,877,870,875,868,873,866,871
3,877,3,877,869,874,866,871,863,868
3,877,5,877,867,872,862,867,857,862
3,877,7,877,865,870,858,863,851,856
3,877,11,877,861,866,850,855,839,844
3,877,13,877,859,864,846,851,833,838
3,877,17,877,855,860,838,843,821,826
3,877,19,877,853,858,834,839,815,820
3,878,2,878,871,876,869,874,867,872
3,878,3,878,870,875,867,872,864,869
3,878,5,878,868,873,863,868,858,863
3,878,7,878,866,871,859,864,852,857
3,878,11,878,862,867,851,856,840,845
3,878,13,878,860,865,847,852,834,839
3,878,17,878,856,861,839,844,822,827
3,878,19,878,854,859,835,840,816,821
3,879,2,879,872,877,870,875,868,873
3,879,3,879,871,876,868,873,865,870
3,879,5,879,869,874,864,869,859,864
3,879,7,879,867,872,860,865,853,858
3,879,11,879,863,868,852,857,841,846
3,879,13,879,861,866,848,853,835,840
3,879,17,879,857,862,840,845,823,828
3,879,19,879,855,860,836,841,817,822
3,880,2,880,873,878,871,876,869,874
3,880,3,880,872,877,869,874,866,871
3,880,5,880,870,875,865,870,860,865
3,880,7,880,868,873,861,866,854,859
3,880,11,880,864,869,853,858,842,847
3,880,13,880,862,867,849,854,836,841
3,880,17,880,858,863,841,846,824,829
3,880,19,880,856,861,837,842,818,823
3,881,2,881,874,879,872,877,870,875
3,881,3,881,873,878,870,875,867,872
3,881,5,881,871,876,866,871,861,866
3,881,7,881,869,874,862,867,855,860
3,881,11,881,865,870,854,859,843,848
3,881,13,881,863,868,850,855,837,842
3,881,17,881,859,864,842,847,825,830
3,881,19,881,857,862,838,843,819,824
3,882,2,882,875,880,873,878,871,876
3,882,3,882,874,879,871,876,868,873
3,882,5,882,872,877,867,872,862,867
3,882,7,882,870,875,863,868,856,861
3,882,11,882,866,871,855,860,844,849
3,882,13,882,864,869,851,856,838,843
3,882,17,882,860,865,843,848,826,831
3,882,19,882,858,863,839,844,820,825
3,883,2,883,876,881,874,879,872,877
3,883,3,883,875,880,872,877,869,874
3,883,5,883,873,878,868,873,863,868
3,883,7,883,871,876,864,869,857,862
3,883,11,883,867,872,856,861,845,850
3,883,13,883,865,870,852,857,839,844
3,883,17,883,861,866,844,849,827,832
3,883,19,883,859,864,840,845,821,826
3,884,2,884,877,882,875,880,873,878
3,884,3,884,876,881,873,878,870,875
3,884,5,884,874,879,869,874,864,869
3,884,7,884,872,877,865,870,858,863
3,884,11,884,868,873,857,862,846,851
3,884,13,884,866,871,853,858,840,845
3,884,17,884,862,867,845,850,828,833
3,884,19,884,860,865,841,846,822,827
3,885,2,885,878,883,876,881,874,879
3,885,3,885,877,882,874,879,871,876
3,885,5,885,875,880,870,875,865,870
3,885,7,885,873,878,866,871,859,864
3,885,11,885,869,874,858,863,847,852
3,885,13,885,867,872,854,859,841,846
3,885,17,885,863,868,846,851,829,834
3,885,19,885,861,866,842,847,823,828
3,886,2,886,879,884,877,882,875,880
3,886,3,886,878,883,875,880,872,877
3,886,5,886,876,881,871,876,866,871
3,886,7,886,874,879,867,872,860,865
3,886,11,886,870,875,859,864,848,853
3,886,13,886,868,873,855,860,842,847
3,886,17,886,864,869,847,852,830,835
3,886,19,886,862,867,843,848,824,829
3,887,2,887,880,885,878,883,876,881
3,887,3,887,879,884,876,881,873,878
3,887,5,887,877,882,872,877,867,872
3,887,7,887,875,880,868,873,861,866
3,887,11,887,871,876,860,865,849,854
3,887,13,887,869,874,856,861,843,848
3,887,17,887,865,870,848,853,831,836
3,887,19,887,863,868,844,849,825,830
3,888,2,888,881,886,879,884,877,882
3,888,3,888,880,885,877,882,874,879
3,888,5,888,878,883,873,878,868,873
3,888,7,888,876,881,869,874,862,867
3,888,11,888,872,877,861,866,850,855
3,888,13,888,870,875,857,862,844,849
3,888,17,888,866,871,849,854,832,837
3,888,19,888,864,869,845,850,826,831
3,889,2,889,882,887,880,885,878,883
3,889,3,889,881,886,878,883,875,880
3,889,5,889,879,884,874,879,869,874
3,889,7,889,877,882,870,875,863,868
3,889,11,889,873,878,862,867,851,856
3,889,13,889,871,876,858,863,845,850
3,889,17,889,867,872,850,855,833,838
3,889,19,889,865,870,846,851,827,832
3,890,2,890,883,888,881,886,879,884
3,890,3,890,882,887,879,884,876,881
3,890,5,890,880,885,875,880,870,875
3,890,7,890,878,883,871,876,864,869
3,890,11,890,874,879,863,868,852,857
3,890,13,890,872,877,859,864,846,851
3,890,17,890,868,873,851,856,834,839
3,890,19,890,866,871,847,852,828,833
3,891,2,891,884,889,882,887,880,885
3,891,3,891,883,888,880,885,877,882
3,891,5,891,881,886,876,881,871,876
3,891,7,891,879,884,872,877,865,870
3,891,11,891,875,880,864,869,853,858
3,891,13,891,873,878,860,865,847,852
3,891,17,891,869,874,852,857,835,840
3,891,19,891,867,872,848,853,829,834
3,892,2,892,885,890,883,888,881,886
3,892,3,892,884,889,881,886,878,883
3,892,5,892,882,887,877,882,872,877
3,892,7,892,880,885,873,878,866,871
3,892,11,892,876,881,865,870,854,859
3,892,13,892,874,879,861,866,848,853
3,892,17,892,870,875,853,858,836,841
3,892,19,892,868,873,849,854,830,835
3,893,2,893,886,891,884,889,882,887
3,893,3,893,885,890,882,887,879,884
3,893,5,893,883,888,878,883,873,878
3,893,7,893,881,886,874,879,867,872
3,893,11,893,877,882,866,871,855,860
3,893,13,893,875,880,862,867,849,854
3,893,17,893,871,876,854,859,837,842
3,893,19,893,869,874,850,855,831,836
3,894,2,894,887,892,885,890,883,888
3,894,3,894,886,891,883,888,880,885
3,894,5,894,884,889,879,884,874,879
3,894,7,894,882,887,875,880,868,873
3,894,11,894,878,883,867,872,856,861
3,894,13,894,876,881,863,868,850,855
3,894,17,894,872,877,855,860,838,843
3,894,19,894,870,875,851,856,832,837
3,895,2,895,888,893,886,891,884,889
3,895,3,895,887,892,884,889,881,886
3,895,5,895,885,890,880,885,875,880
3,895,7,895,883,888,876,881,869,874
3,895,11,895,879,884,868,873,857,862
3,895,13,895,877,882,864,869,851,856
3,895,17,895,873,878,856,861,839,844
3,895,19,895,871,876,852,857,833,838
3,896,2,896,889,894,887,892,885,890
3,896,3,896,888,893,885,890,882,887
3,896,5,896,886,891,881,886,876,881
3,896,7,896,884,889,877,882,870,875
3,896,11,896,880,885,869,874,858,863
3,896,13,896,878,883,865,870,852,857
3,896,17,896,874,879,857,862,840,845
3,896,19,896,872,877,853,858,834,839
3,897,2,897,890,895,888,893,886,891
3,897,3,897,889,894,886,891,883,888
3,897,5,897,887,892,882,887,877,882
3,897,7,897,885,890,878,883,871,876
3,897,11,897,881,886,870,875,859,864
3,897,13,897,879,884,866,871,853,858
3,897,17,897,875,880,858,863,841,846
3,897,19,897,873,878,854,859,835,840
3,898,2,898,891,896,889,894,887,892
3,898,3,898,890,895,887,892,884,889
3,898,5,898,888,893,883,888,878,883
3,898,7,898,886,891,879,884,872,877
3,898,11,898,882,887,871,876,860,865
3,898,13,898,880,885,867,872,854,859
3,898,17,898,876,881,859,864,842,847
3,898,19,898,874,879,855,860,836,841
3,899,2,899,892,897,890,895,888,893
3,899,3,899,891,896,888,893,885,890
3,899,5,899,889,894,884,889,879,884
3,899,7,899,887,892,880,885,873,878
3,899,11,899,883,888,872,877,861,866
3,899,13,899,881,886,868,873,855,860
3,899,17,899,877,882,860,865,843,848
3,899,19,899,875,880,856,861,837,842
3,900,2,900,893,898,891,896,889,894
3,900,3,900,892,897,889,894,886,891
3,900,5,900,890,895,885,890,880,885
3,900,7,900,888,893,881,886,874,879
3,900,11,900,884,889,873,878,862,867
3,900,13,900,882,887,869,874,856,861
3,900,17,900,878,883,861,866,844,849
3,900,19,900,876,881,857,862,838,843
3,901,2,901,894,899,892,897,890,895
3,901,3,901,893,898,890,895,887,892
3,901,5,901,891,896,886,891,881,886
3,901,7,901,889,894,882,887,875,880
3,901,11,901,885,890,874,879,863,868
3,901,13,901,883,888,870,875,857,862
3,901,17,901,879,884,862,867,845,850
3,901,19,901,877,882,858,863,839,844
3,902,2,902,895,900,893,898,891,896
3,902,3,902,894,899,891,896,888,893
3,902,5,902,892,897,887,892,882,887
3,902,7,902,890,895,883,888,876,881
3,902,11,902,886,891,875,880,864,869
3,902,13,902,884,889,871,876,858,863
3,902,17,902,880,885,863,868,846,851
3,902,19,902,878,883,859,864,840,845
3,903,2,903,896,901,894,899,892,897
3,903,3,903,895,900,892,897,889,894
3,903,5,903,893,898,888,893,883,888
3,903,7,903,891,896,884,889,877,882
3,903,11,903,887,892,876,881,865,870
3,903,13,903,885,890,872,877,859,864
3,903,17,903,881,886,864,869,847,852
3,903,19,903,879,884,860,865,841,846
3,904,2,904,897,902,895,900,893,898
3,904,3,904,896,901,893,898,890,895
3,904,5,904,894,899,889,894,884,889
3,904,7,904,892,897,885,890,878,883
3,904,11,904,888,893,877,882,866,871
3,904,13,904,886,891,873,878,860,865
3,904,17,904,882,887,865,870,848,853
3,904,19,904,880,885,861,866,842,847
3,905,2,905,898,903,896,901,894,899
3,905,3,905,897,902,894,899,891,896
3,905,5,905,895,900,890,895,885,890
3,905,7,905,893,898,886,891,879,884
3,905,11,905,889,894,878,883,867,872
3,905,13,905,887,892,874,879,861,866
3,905,17,905,883,888,866,871,849,854
3,905,19,905,881,886,862,867,843,848
3,906,2,906,899,904,897,902,895,900
3,906,3,906,898,903,895,900,892,897
3,906,5,906,896,901,891,896,886,891
3,906,7,906,894,899,887,892,880,885
3,906,11,906,890,895,879,884,868,873
3,906,13,906,888,893,875,880,862,867
3,906,17,906,884,889,867,872,850,855
3,906,19,906,882,887,863,868,844,849
3,907,2,907,900,905,898,903,896,901
3,907,3,907,899,904,896,901,893,898
3,907,5,907,897,902,892,897,887,892
3,907,7,907,895,900,888,893,881,886
3,907,11,907,891,896,880,885,869,874
3,907,13,907,889,894,876,881,863,868
3,907,17,907,885,890,868,873,851,856
3,907,19,907,883,888,864,869,845,850
3,908,2,908,901,906,899,904,897,902
3,908,3,908,900,905,897,902,894,899
3,908,5,908,898,903,893,898,888,893
3,908,7,908,896,901,889,894,882,887
3,908,11,908,892,897,881,886,870,875
3,908,13,908,890,895,877,882,864,869
3,908,17,908,886,891,869,874,852,857
3,908,19,908,884,889,865,870,846,851
3,909,2,909,902,907,900,905,898,903
3,909,3,909,901,906,898,903,895,900
3,909,5,909,899,904,894,899,889,894
3,909,7,909,897,902,890,895,883,888
3,909,11,909,893,898,882,887,871,876
3,909,13,909,891,896,878,883,865,870
3,909,17,909,887,892,870,875,853,858
3,909,19,909,885,890,866,871,847,852
3,910,2,910,903,908,901,906,899,904
3,910,3,910,902,907,899,904,896,901
3,910,5,910,900,905,895,900,890,895
3,910,7,910,898,903,891,896,884,889
3,910,11,910,894,899,883,888,872,877
3,910,13,910,892,897,879,884,866,871
3,910,17,910,888,893,871,876,854,859
3,910,19,910,886,891,867,872,848,853
3,911,2,911,904,909,902,907,900,905
3,911,3,911,903,908,900,905,897,902
3,911,5,911,901,906,896,901,891,896
3,911,7,911,899,904,892,897,885,890
3,911,11,911,895,900,884,889,873,878
3,911,13,911,893,898,880,885,867,872
3,911,17,911,889,894,872,877,855,860
3,911,19,911,887,892,868,873,849,854
3,912,2,912,905,910,903,908,901,906
3,912,3,912,904,909,901,906,898,903
3,912,5,912,902,907,897,902,892,897
3,912,7,912,900,905,893,898,886,891
3,912,11,912,896,901,885,890,874,879
3,912,13,912,894,899,881,886,868,873
3,912,17,912,890,895,873,878,856,861
3,912,19,912,888,893,869,874,850,855
3,913,2,913,906,911,904,909,902,907
3,913,3,913,905,910,902,907,899,904
3,913,5,913,903,908,898,903,893,898
3,913,7,913,901,906,894,899,887,892
3,913,11,913,897,902,886,891,875,880
3,913,13,913,895,900,882,887,869,874
3,913,17,913,891,896,874,879,857,862
3,913,19,913,889,894,870,875,851,856
3,914,2,914,907,912,905,910,903,908
3,914,3,914,906,911,903,908,900,905
3,914,5,914,904,909,899,904,894,899
3,914,7,914,902,907,895,900,888,893
3,914,11,914,898,903,887,892,876,881
3,914,13,914,896,901,883,888,870,875
3,914,17,914,892,897,875,880,858,863
3,914,19,914,890,895,871,876,852,857
3,915,2,915,908,913,906,911,904,909
3,915,3,915,907,912,904,909,901,906
3,915,5,915,905,910,900,905,895,900
3,915,7,915,903,908,896,901,889,894
3,915,11,915,899,904,888,893,877,882
3,915,13,915,897,902,884,889,871,876
3,915,17,915,893,898,876,881,859,864
3,915,19,915,891,896,872,877,853,858
3,916,2,916,909,914,907,912,905,910
3,916,3,916,908,913,905,910,902,907
3,916,5,916,906,911,901,906,896,901
3,916,7,916,904,909,897,902,890,895
3,916,11,916,900,905,889,894,878,883
3,916,13,916,898,903,885,890,872,877
3,916,17,916,894,899,877,882,860,865
3,916,19,916,892,897,873,878,854,859
3,917,2,917,910,915,908,913,906,911
3,917,3,917,909,914,906,911,903,908
3,917,5,917,907,912,902,907,897,902
3,917,7,917,905,910,898,903,891,896
3,917,11,917,901,906,890,895,879,884
3,917,13,917,899,904,886,891,873,878
3,917,17,917,895,900,878,883,861,866
3,917,19,917,893,898,874,879,855,860
3,918,2,918,911,916,909,914,907,912
3,918,3,918,910,915,907,912,904,909
3,918,5,918,908,913,903,908,898,903
3,918,7,918,906,911,899,904,892,897
3,918,11,918,902,907,891,896,880,885
3,918,13,918,900,905,887,892,874,879
3,918,17,918,896,901,879,884,862,867
3,918,19,918,894,899,875,880,856,861
3,919,2,919,912,917,910,915,908,913
3,919,3,919,911,916,908,913,905,910
3,919,5,919,909,914,904,909,899,904
3,919,7,919,907,912,900,905,893,898
3,919,11,919,903,908,892,897,881,886
3,919,13,919,901,906,888,893,875,880
3,919,17,919,897,902,880,885,863,868
3,919,19,919,895,900,876,881,857,862
3,920,2,920,913,918,911,916,909,914
3,920,3,920,912,917,909,914,906,911
3,920,5,920,910,915,905,910,900,905
3,920,7,920,908,913,901,906,894,899
3,920,11,920,904,909,893,898,882,887
3,920,13,920,902,907,889,894,876,881
3,920,17,920,898,903,881,886,864,869
3,920,19,920,896,901,877,882,858,863
3,921,2,921,914,919,912,917,910,915
3,921,3,921,913,918,910,915,907,912
3,921,5,921,911,916,906,911,901,906
3,921,7,921,909,914,902,907,895,900
3,921,11,921,905,910,894,899,883,888
3,921,13,921,903,908,890,895,877,882
3,921,17,921,899,904,882,887,865,870
3,921,19,921,897,902,878,883,859,864
3,922,2,922,915,920,913,918,911,916
3,922,3,922,914,919,911,916,908,913
3,922,5,922,912,917,907,912,902,907
3,922,7,922,910,915,903,908,896,901
3,922,11,922,906,911,895,900,884,889
3,922,13,922,904,909,891,896,878,883
3,922,17,922,900,905,883,888,866,871
3,922,19,922,898,903,879,884,860,865
3,923,2,923,916,921,914,919,912,917
3,923,3,923,915,920,912,917,909,914
3,923,5,923,913,918,908,913,903,908
3,923,7,923,911,916,904,909,897,902
3,923,11,923,907,912,896,901,885,890
3,923,13,923,905,910,892,897,879,884
3,923,17,923,901,906,884,889,867,872
3,923,19,923,899,904,880,885,861,866
3,924,2,924,917,922,915,920,913,918
3,924,3,924,916,921,913,918,910,915
3,924,5,924,914,919,909,914,904,909
3,924,7,924,912,917,905,910,898,903
3,924,11,924,908,913,897,902,886,891
3,924,13,924,906,911,893,898,880,885
3,924,17,924,902,907,885,890,868,873
3,924,19,924,900,905,881,886,862,867
3,925,2,925,918,923,916,921,914,919
3,925,3,925,917,922,914,919,911,916
3,925,5,925,915,920,910,915,905,910
3,925,7,925,913,918,906,911,899,904
3,925,11,925,909,914,898,903,887,892
3,925,13,925,907,912,894,899,881,886
3,925,17,925,903,908,886,891,869,874
3,925,19,925,901,906,882,887,863,868
3,926,2,926,919,924,917,922,915,920
3,926,3,926,918,923,915,920,912,917
3,926,5,926,916,921,911,916,906,911
3,926,7,926,914,919,907,912,900,905
3,926,11,926,910,915,899,904,888,893
3,926,13,926,908,913,895,900,882,887
3,926,17,926,904,909,887,892,870,875
3,926,19,926,902,907,883,888,864,869
3,927,2,927,920,925,918,923,916,921
3,927,3,927,919,924,916,921,913,918
3,927,5,927,917,922,912,917,907,912
3,927,7,927,915,920,908,913,901,906
3,927,11,927,911,916,900,905,889,894
3,927,13,927,909,914,896,901,883,888
3,927,17,927,905,910,888,893,871,876
3,927,19,927,903,908,884,889,865,870
3,928,2,928,921,926,919,924,917,922
3,928,3,928,920,925,917,922,914,919
3,928,5,928,918,923,913,918,908,913
3,928,7,928,916,921,909,914,902,907
3,928,11,928,912,917,901,906,890,895
3,928,13,928,910,915,897,902,884,889
3,928,17,928,906,911,889,894,872,877
3,928,19,928,904,909,885,890,866,871
3,929,2,929,922,927,920,925,918,923
3,929,3,929,921,926,918,923,915,920
3,929,5,929,919,924,914,919,909,914
3,929,7,929,917,922,910,915,903,908
3,929,11,929,913,918,902,907,891,896
3,929,13,929,911,916,898,903,885,890
3,929,17,929,907,912,890,895,873,878
3,929,19,929,905,910,886,891,867,872
3,930,2,930,923,928,921,926,919,924
3,930,3,930,922,927,919,924,916,921
3,930,5,930,920,925,915,920,910,915
3,930,7,930,918,923,911,916,904,909
3,930,11,930,914,919,903,908,892,897
3,930,13,930,912,917,899,904,886,891
3,930,17,930,908,913,891,896,874,879
3,930,19,930,906,911,887,892,868,873
3,931,2,931,924,929,922,927,920,925
3,931,3,931,923,928,920,925,917,922
3,931,5,931,921,926,916,921,911,916
3,931,7,931,919,924,912,917,905,910
3,931,11,931,915,920,904,909,893,898
3,931,13,931,913,918,900,905,887,892
3,931,17,931,909,914,892,897,875,880
3,931,19,931,907,912,888,893,869,874
3,932,2,932,925,930,923,928,921,926
3,932,3,932,924,929,921,926,918,923
3,932,5,932,922,927,917,922,912,917
3,932,7,932,920,925,913,918,906,911
3,932,11,932,916,921,905,910,894,899
3,932,13,932,914,919,901,906,888,893
3,932,17,932,910,915,893,898,876,881
3,932,19,932,908,913,889,894,870,875
3,933,2,933,926,931,924,929,922,927
3,933,3,933,925,930,922,927,919,924
3,933,5,933,923,928,918,923,913,918
3,933,7,933,921,926,914,919,907,912
3,933,11,933,917,922,906,911,895,900
3,933,13,933,915,920,902,907,889,894
3,933,17,933,911,916,894,899,877,882
3,933,19,933,909,914,890,895,871,876
3,934,2,934,927,932,925,930,923,928
3,934,3,934,926,931,923,928,920,925
3,934,5,934,924,929,919,924,914,919
3,934,7,934,922,927,915,920,908,913
3,934,11,934,918,923,907,912,896,901
3,934,13,934,916,921,903,908,890,895
3,934,17,934,912,917,895,900,878,883
3,934,19,934,910,915,891,896,872,877
3,935,2,935,928,933,926,931,924,929
3,935,3,935,927,932,924,929,921,926
3,935,5,935,925,930,920,925,915,920
3,935,7,935,923,928,916,921,909,914
3,935,11,935,919,924,908,913,897,902
3,935,13,935,917,922,904,909,891,896
3,935,17,935,913,918,896,901,879,884
3,935,19,935,911,916,892,897,873,878
3,936,2,936,929,934,927,932,925,930
3,936,3,936,928,933,925,930,922,927
3,936,5,936,926,931,921,926,916,921
3,936,7,936,924,929,917,922,910,915
3,936,11,936,920,925,909,914,898,903
3,936,13,936,918,923,905,910,892,897
3,936,17,936,914,919,897,902,880,885
3,936,19,936,912,917,893,898,874,879
3,937,2,937,930,935,928,933,926,931
3,937,3,937,929,934,926,931,923,928
3,937,5,937,927,932,922,927,917,922
3,937,7,937,925,930,918,923,911,916
3,937,11,937,921,926,910,915,899,904
3,937,13,937,919,924,906,911,893,898
3,937,17,937,915,920,898,903,881,886
3,937,19,937,913,918,894,899,875,880
3,938,2,938,931,936,929,934,927,932
3,938,3,938,930,935,927,932,924,929
3,938,5,938,928,933,923,928,918,923
3,938,7,938,926,931,919,924,912,917
3,938,11,938,922,927,911,916,900,905
3,938,13,938,920,925,907,912,894,899
3,938,17,938,916,921,899,904,882,887
3,938,19,938,914,919,895,900,876,881
3,939,2,939,932,937,930,935,928,933
3,939,3,939,931,936,928,933,925,930
3,939,5,939,929,934,924,929,919,924
3,939,7,939,927,932,920,925,913,918
3,939,11,939,923,928,912,917,901,906
3,939,13,939,921,926,908,913,895,900
3,939,17,939,917,922,900,905,883,888
3,939,19,939,915,920,896,901,877,882
3,940,2,940,933,938,931,936,929,934
3,940,3,940,932,937,929,934,926,931
3,940,5,940,930,935,925,930,920,925
3,940,7,940,928,933,921,926,914,919
3,940,11,940,924,929,913,918,902,907
3,940,13,940,922,927,909,914,896,901
3,940,17,940,918,923,901,906,884,889
3,940,19,940,916,921,897,902,878,883
3,941,2,941,934,939,932,937,930,935
3,941,3,941,933,938,930,935,927,932
3,941,5,941,931,936,926,931,921,926
3,941,7,941,929,934,922,927,915,920
3,941,11,941,925,930,914,919,903,908
3,941,13,941,923,928,910,915,897,902
3,941,17,941,919,924,902,907,885,890
3,941,19,941,917,922,898,903,879,884
3,942,2,942,935,940,933,938,931,936
3,942,3,942,934,939,931,936,928,933
3,942,5,942,932,937,927,932,922,927
3,942,7,942,930,935,923,928,916,921
3,942,11,942,926,931,915,920,904,909
3,942,13,942,924,929,911,916,898,903
3,942,17,942,920,925,903,908,886,891
3,942,19,942,918,923,899,904,880,885
3,943,2,943,936,941,934,939,932,937
3,943,3,943,935,940,932,937,929,934
3,943,5,943,933,938,928,933,923,928
3,943,7,943,931,936,924,929,917,922
3,943,11,943,927,932,916,921,905,910
3,943,13,943,925,930,912,917,899,904
3,943,17,943,921,926,904,909,887,892
3,943,19,943,919,924,900,905,881,886
3,944,2,944,937,942,935,940,933,938
3,944,3,944,936,941,933,938,930,935
3,944,5,944,934,939,929,934,924,929
3,944,7,944,932,937,925,930,918,923
3,944,11,944,928,933,917,922,906,911
3,944,13,944,926,931,913,918,900,905
3,944,17,944,922,927,905,910,888,893
3,944,19,944,920,925,901,906,882,887
3,945,2,945,938,943,936,941,934,939
3,945,3,945,937,942,934,939,931,936
3,945,5,945,935,940,930,935,925,930
3,945,7,945,933,938,926,931,919,924
3,945,11,945,929,934,918,923,907,912
3,945,13,945,927,932,914,919,901,906
3,945,17,945,923,928,906,911,889,894
3,945,19,945,921,926,902,907,883,888
3,946,2,946,939,944,937,942,935,940
3,946,3,946,938,943,935,940,932,937
3,946,5,946,936,941,931,936,926,931
3,946,7,946,934,939,927,932,920,925
3,946,11,946,930,935,919,924,908,913
3,946,13,946,928,933,915,920,902,907
3,946,17,946,924,929,907,912,890,895
3,946,19,946,922,927,903,908,884,889
3,947,2,947,940,945,938,943,936,941
3,947,3,947,939,944,936,941,933,938
3,947,5,947,937,942,932,937,927,932
3,947,7,947,935,940,928,933,921,926
3,947,11,947,931,936,920,925,909,914
3,947,13,947,929,934,916,921,903,908
3,947,17,947,925,930,908,913,891,896
3,947,19,947,923,928,904,909,885,890
3,948,2,948,941,946,939,944,937,942
3,948,3,948,940,945,937,942,934,939
3,948,5,948,938,943,933,938,928,933
3,948,7,948,936,941,929,934,922,927
3,948,11,948,932,937,921,926,910,915
3,948,13,948,930,935,917,922,904,909
3,948,17,948,926,931,909,914,892,897
3,948,19,948,924,929,905,910,886,891
3,949,2,949,942,947,940,945,938,943
3,949,3,949,941,946,938,943,935,940
3,949,5,949,939,944,934,939,929,934
3,949,7,949,937,942,930,935,923,928
3,949,11,949,933,938,922,927,911,916
3,949,13,949,931,936,918,923,905,910
3,949,17,949,927,932,910,915,893,898
3,949,19,949,925,930,906,911,887,892
3,950,2,950,943,948,941,946,939,944
3,950,3,950,942,947,939,944,936,941
3,950,5,950,940,945,935,940,930,935
3,950,7,950,938,943,931,936,924,929
3,950,11,950,934,939,923,928,912,917
3,950,13,950,932,937,919,924,906,911
3,950,17,950,928,933,911,916,894,899
3,950,19,950,926,931,907,912,888,893
3,951,2,951,944,949,942,947,940,945
3,951,3,951,943,948,940,945,937,942
3,951,5,951,941,946,936,941,931,936
3,951,7,951,939,944,932,937,925,930
3,951,11,951,935,940,924,929,913,918
3,951,13,951,933,938,920,925,907,912
3,951,17,951,929,934,912,917,895,900
3,951,19,951,927,932,908,913,889,894
3,952,2,952,945,950,943,948,941,946
3,952,3,952,944,949,941,946,938,943
3,952,5,952,942,947,937,942,932,937
3,952,7,952,940,945,933,938,926,931
3,952,11,952,936,941,925,930,914,919
3,952,13,952,934,939,921,926,908,913
3,952,17,952,930,935,913,918,896,901
3,952,19,952,928,933,909,914,890,895
3,953,2,953,946,951,944,949,942,947
3,953,3,953,945,950,942,947,939,944
3,953,5,953,943,948,938,943,933,938
3,953,7,953,941,946,934,939,927,932
3,953,11,953,937,942,926,931,915,920
3,953,13,953,935,940,922,927,909,914
3,953,17,953,931,936,914,919,897,902
3,953,19,953,929,934,910,915,891,896
3,954,2,954,947,952,945,950,943,948
3,954,3,954,946,951,943,948,940,945
3,954,5,954,944,949,939,944,934,939
3,954,7,954,942,947,935,940,928,933
3,954,11,954,938,943,927,932,916,921
3,954,13,954,936,941,923,928,910,915
3,954,17,954,932,937,915,920,898,903
3,954,19,954,930,935,911,916,892,897
3,955,2,955,948,953,946,951,944,949
3,955,3,955,947,952,944,949,941,946
3,955,5,955,945,950,940,945,935,940
3,955,7,955,943,948,936,941,929,934
3,955,11,955,939,944,928,933,917,922
3,955,13,955,937,942,924,929,911,916
3,955,17,955,933,938,916,921,899,904
3,955,19,955,931,936,912,917,893,898
3,956,2,956,949,954,947,952,945,950
3,956,3,956,948,953,945,950,942,947
3,956,5,956,946,951,941,946,936,941
3,956,7,956,944,949,937,942,930,935
3,956,11,956,940,945,929,934,918,923
3,956,13,956,938,943,925,930,912,917
3,956,17,956,934,939,917,922,900,905
3,956,19,956,932,937,913,918,894,899
3,957,2,957,950,955,948,953,946,951
3,957,3,957,949,954,946,951,943,948
3,957,5,957,947,952,942,947,937,942
3,957,7,957,945,950,938,943,931,936
3,957,11,957,941,946,930,935,919,924
3,957,13,957,939,944,926,931,913,918
3,957,17,957,935,940,918,923,901,906
3,957,19,957,933,938,914,919,895,900
3,958,2,958,951,956,949,954,947,952
3,958,3,958,950,955,947,952,944,949
3,958,5,958,948,953,943,948,938,943
3,958,7,958,946,951,939,944,932,937
3,958,11,958,942,947,931,936,920,925
3,958,13,958,940,945,927,932,914,919
3,958,17,958,936,941,919,924,902,907
3,958,19,958,934,939,915,920,896,901
3,959,2,959,952,957,950,955,948,953
3,959,3,959,951,956,948,953,945,950
3,959,5,959,949,954,944,949,939,944
3,959,7,959,947,952,940,945,933,938
3,959,11,959,943,948,932,937,921,926
3,959,13,959,941,946,928,933,915,920
3,959,17,959,937,942,920,925,903,908
3,959,19,959,935,940,916,921,897,902
3,960,2,960,953,958,951,956,949,954
3,960,3,960,952,957,949,954,946,951
3,960,5,960,950,955,945,950,940,945
3,960,7,960,948,953,941,946,934,939
3,960,11,960,944,949,933,938,922,927
3,960,13,960,942,947,929,934,916,921
3,960,17,960,938,943,921,926,904,909
3,960,19,960,936,941,917,922,898,903
3,961,2,961,954,959,952,957,950,955
3,961,3,961,953,958,950,955,947,952
3,961,5,961,951,956,946,951,941,946
3,961,7,961,949,954,942,947,935,940
3,961,11,961,945,950,934,939,923,928
3,961,13,961,943,948,930,935,917,922
3,961,17,961,939,944,922,927,905,910
3,961,19,961,937,942,918,923,899,904
3,962,2,962,955,960,953,958,951,956
3,962,3,962,954,959,951,956,948,953
3,962,5,962,952,957,947,952,942,947
3,962,7,962,950,955,943,948,936,941
3,962,11,962,946,951,935,940,924,929
3,962,13,962,944,949,931,936,918,923
3,962,17,962,940,945,923,928,906,911
3,962,19,962,938,943,919,924,900,905
3,963,2,963,956,961,954,959,952,957
3,963,3,963,955,960,952,957,949,954
3,963,5,963,953,958,948,953,943,948
3,963,7,963,951,956,944,949,937,942
3,963,11,963,947,952,936,941,925,930
3,963,13,963,945,950,932,937,919,924
3,963,17,963,941,946,924,929,907,912
3,963,19,963,939,944,920,925,901,906
3,964,2,964,957,962,955,960,953,958
3,964,3,964,956,961,953,958,950,955
3,964,5,964,954,959,949,954,944,949
3,964,7,964,952,957,945,950,938,943
3,964,11,964,948,953,937,942,926,931
3,964,13,964,946,951,933,938,920,925
3,964,17,964,942,947,925,930,908,913
3,964,19,964,940,945,921,926,902,907
3,965,2,965,958,963,956,961,954,959
3,965,3,965,957,962,954,959,951,956
3,965,5,965,955,960,950,955,945,950
3,965,7,965,953,958,946,951,939,944
3,965,11,965,949,954,938,943,927,932
3,965,13,965,947,952,934,939,921,926
3,965,17,965,943,948,926,931,909,914
3,965,19,965,941,946,922,927,903,908
3,966,2,966,959,964,957,962,955,960
3,966,3,966,958,963,955,960,952,957
3,966,5,966,956,961,951,956,946,951
3,966,7,966,954,959,947,952,940,945
3,966,11,966,950,955,939,944,928,933
3,966,13,966,948,953,935,940,922,927
3,966,17,966,944,949,927,932,910,915
3,966,19,966,942,947,923,928,904,909
3,967,2,967,960,965,958,963,956,961
3,967,3,967,959,964,956,961,953,958
3,967,5,967,957,962,952,957,947,952
3,967,7,967,955,960,948,953,941,946
3,967,11,967,951,956,940,945,929,934
3,967,13,967,949,954,936,941,923,928
3,967,17,967,945,950,928,933,911,916
3,967,19,967,943,948,924,929,905,910
3,968,2,968,961,966,959,964,957,962
3,968,3,968,960,965,957,962,954,959
3,968,5,968,958,963,953,958,948,953
3,968,7,968,956,961,949,954,942,947
3,968,11,968,952,957,941,946,930,935
3,968,13,968,950,955,937,942,924,929
3,968,17,968,946,951,929,934,912,917
3,968,19,968,944,949,925,930,906,911
3,969,2,969,962,967,960,965,958,963
3,969,3,969,961,966,958,963,955,960
3,969,5,969,959,964,954,959,949,954
3,969,7,969,957,962,950,955,943,948
3,969,11,969,953,958,942,947,931,936
3,969,13,969,951,956,938,943,925,930
3,969,17,969,947,952,930,935,913,918
3,969,19,969,945,950,926,931,907,912
3,970,2,970,963,968,961,966,959,964
3,970,3,970,962,967,959,964,956,961
3,970,5,970,960,965,955,960,950,955
3,970,7,970,958,963,951,956,944,949
3,970,11,970,954,959,943,948,932,937
3,970,13,970,952,957,939,944,926,931
3,970,17,970,948,953,931,936,914,919
3,970,19,970,946,951,927,932,908,913
3,971,2,971,964,969,962,967,960,965
3,971,3,971,963,968,960,965,957,962
3,971,5,971,961,966,956,961,951,956
3,971,7,971,959,964,952,957,945,950
3,971,11,971,955,960,944,949,933,938
3,971,13,971,953,958,940,945,927,932
3,971,17,971,949,954,932,937,915,920
3,971,19,971,947,952,928,933,909,914
3,972,2,972,965,970,963,968,961,966
3,972,3,972,964,969,961,966,958,963
3,972,5,972,962,967,957,962,952,957
3,972,7,972,960,965,953,958,946,951
3,972,11,972,956,961,945,950,934,939
3,972,13,972,954,959,941,946,928,933
3,972,17,972,950,955,933,938,916,921
3,972,19,972,948,953,929,934,910,915
3,973,2,973,966,971,964,969,962,967
3,973,3,973,965,970,962,967,959,964
3,973,5,973,963,968,958,963,953,958
3,973,7,973,961,966,954,959,947,952
3,973,11,973,957,962,946,951,935,940
3,973,13,973,955,960,942,947,929,934
3,973,17,973,951,956,934,939,917,922
3,973,19,973,949,954,930,935,911,916
3,974,2,974,967,972,965,970,963,968
3,974,3,974,966,971,963,968,960,965
3,974,5,974,964,969,959,964,954,959
3,974,7,974,962,967,955,960,948,953
3,974,11,974,958,963,947,952,936,941
3,974,13,974,956,961,943,948,930,935
3,974,17,974,952,957,935,940,918,923
3,974,19,974,950,955,931,936,912,917
3,975,2,975,968,973,966,971,964,969
3,975,3,975,967,972,964,969,961,966
3,975,5,975,965,970,960,965,955,960
3,975,7,975,963,968,956,961,949,954
3,975,11,975,959,964,948,953,937,942
3,975,13,975,957,962,944,949,931,936
3,975,17,975,953,958,936,941,919,924
3,975,19,975,951,956,932,937,913,918
3,976,2,976,969,974,967,972,965,970
3,976,3,976,968,973,965,970,962,967
3,976,5,976,966,971,961,966,956,961
3,976,7,976,964,969,957,962,950,955
3,976,11,976,960,965,949,954,938,943
3,976,13,976,958,963,945,950,932,937
3,976,17,976,954,959,937,942,920,925
3,976,19,976,952,957,933,938,914,919
3,977,2,977,970,975,968,973,966,971
3,977,3,977,969,974,966,971,963,968
3,977,5,977,967,972,962,967,957,962
3,977,7,977,965,970,958,963,951,956
3,977,11,977,961,966,950,955,939,944
3,977,13,977,959,964,946,951,933,938
3,977,17,977,955,960,938,943,921,926
3,977,19,977,953,958,934,939,915,920
3,978,2,978,971,976,969,974,967,972
3,978,3,978,970,975,967,972,964,969
3,978,5,978,968,973,963,968,958,963
3,978,7,978,966,971,959,964,952,957
3,978,11,978,962,967,951,956,940,945
3,978,13,978,960,965,947,952,934,939
3,978,17,978,956,961,939,944,922,927
3,978,19,978,954,959,935,940,916,921
3,979,2,979,972,977,970,975,968,973
3,979,3,979,971,976,968,973,965,970
3,979,5,979,969,974,964,969,959,964
3,979,7,979,967,972,960,965,953,958
3,979,11,979,963,968,952,957,941,946
3,979,13,979,961,966,948,953,935,940
3,979,17,979,957,962,940,945,923,928
3,979,19,979,955,960,936,941,917,922
3,980,2,980,973,978,971,976,969,974
3,980,3,980,972,977,969,974,966,971
3,980,5,980,970,975,965,970,960,965
3,980,7,980,968,973,961,966,954,959
3,980,11,980,964,969,953,958,942,947
3,980,13,980,962,967,949,954,936,941
3,980,17,980,958,963,941,946,924,929
3,980,19,980,956,961,937,942,918,923
3,981,2,981,974,979,972,977,970,975
3,981,3,981,973,978,970,975,967,972
3,981,5,981,971,976,966,971,961,966
3,981,7,981,969,974,962,967,955,960
3,981,11,981,965,970,954,959,943,948
3,981,13,981,963,968,950,955,937,942
3,981,17,981,959,964,942,947,925,930
3,981,19,981,957,962,938,943,919,924
3,982,2,982,975,980,973,978,971,976
3,982,3,982,974,979,971,976,968,973
3,982,5,982,972,977,967,972,962,967
3,982,7,982,970,975,963,968,956,961
3,982,11,982,966,971,955,960,944,949
3,982,13,982,964,969,951,956,938,943
3,982,17,982,960,965,943,948,926,931
3,982,19,982,958,963,939,944,920,925
3,983,2,983,976,981,974,979,972,977
3,983,3,983,975,980,972,977,969,974
3,983,5,983,973,978,968,973,963,968
3,983,7,983,971,976,964,969,957,962
3,983,11,983,967,972,956,961,945,950
3,983,13,983,965,970,952,957,939,944
3,983,17,983,961,966,944,949,927,932
3,983,19,983,959,964,940,945,921,926
3,984,2,984,977,982,975,980,973,978
3,984,3,984,976,981,973,978,970,975
3,984,5,984,974,979,969,974,964,969
3,984,7,984,972,977,965,970,958,963
3,984,11,984,968,973,957,962,946,951
3,984,13,984,966,971,953,958,940,945
3,984,17,984,962,967,945,950,928,933
3,984,19,984,960,965,941,946,922,927
3,985,2,985,978,983,976,981,974,979
3,985,3,985,977,982,974,979,971,976
3,985,5,985,975,980,970,975,965,970
3,985,7,985,973,978,966,971,959,964
3,985,11,985,969,974,958,963,947,952
3,985,13,985,967,972,954,959,941,946
3,985,17,985,963,968,946,951,929,934
3,985,19,985,961,966,942,947,923,928
3,986,2,986,979,984,977,982,975,980
3,986,3,986,978,983,975,980,972,977
3,986,5,986,976,981,971,976,966,971
3,986,7,986,974,979,967,972,960,965
3,986,11,986,970,975,959,964,948,953
3,986,13,986,968,973,955,960,942,947
3,986,17,986,964,969,947,952,930,935
3,986,19,986,962,967,943,948,924,929
3,987,2,987,980,985,978,983,976,981
3,987,3,987,979,984,976,981,973,978
3,987,5,987,977,982,972,977,967,972
3,987,7,987,975,980,968,973,961,966
3,987,11,987,971,976,960,965,949,954
3,987,13,987,969,974,956,961,943,948
3,987,17,987,965,970,948,953,931,936
3,987,19,987,963,968,944,949,925,930
3,988,2,988,981,986,979,984,977,982
3,988,3,988,980,985,977,982,974,979
3,988,5,988,978,983,973,978,968,973
3,988,7,988,976,981,969,974,962,967
3,988,11,988,972,977,961,966,950,955
3,988,13,988,970,975,957,962,944,949
3,988,17,988,966,971,949,954,932,937
3,988,19,988,964,969,945,950,926,931
3,989,2,989,982,987,980,985,978,983
3,989,3,989,981,986,978,983,975,980
3,989,5,989,979,984,974,979,969,974
3,989,7,989,977,982,970,975,963,968
3,989,11,989,973,978,962,967,951,956
3,989,13,989,971,976,958,963,945,950
3,989,17,989,967,972,950,955,933,938
3,989,19,989,965,970,946,951,927,932
3,990,2,990,983,988,981,986,979,984
3,990,3,990,982,987,979,984,976,981
3,990,5,990,980,985,975,980,970,975
3,990,7,990,978,983,971,976,964,969
3,990,11,990,974,979,963,968,952,957
3,990,13,990,972,977,959,964,946,951
3,990,17,990,968,973,951,956,934,939
3,990,19,990,966,971,947,952,928,933
3,991,2,991,984,989,982,987,980,985
3,991,3,991,983,988,980,985,977,982
3,991,5,991,981,986,976,981,971,976
3,991,7,991,979,984,972,977,965,970
3,991,11,991,975,980,964,969,953,958
3,991,13,991,973,978,960,965,947,952
3,991,17,991,969,974,952,957,935,940
3,991,19,991,967,972,948,953,929,934
3,992,2,992,985,990,983,988,981,986
3,992,3,992,984,989,981,986,978,983
3,992,5,992,982,987,977,982,972,977
3,992,7,992,980,985,973,978,966,971
3,992,11,992,976,981,965,970,954,959
3,992,13,992,974,979,961,966,948,953
3,992,17,992,970,975,953,958,936,941
3,992,19,992,968,973,949,954,930,935
3,993,2,993,986,991,984,989,982,987
3,993,3,993,985,990,982,987,979,984
3,993,5,993,983,988,978,983,973,978
3,993,7,993,981,986,974,979,967,972
3,993,11,993,977,982,966,971,955,960
3,993,13,993,975,980,962,967,949,954
3,993,17,993,971,976,954,959,937,942
3,993,19,993,969,974,950,955,931,936
3,994,2,994,987,992,985,990,983,988
3,994,3,994,986,991,983,988,980,985
3,994,5,994,984,989,979,984,974,979
3,994,7,994,982,987,975,980,968,973
3,994,11,994,978,983,967,972,956,961
3,994,13,994,976,981,963,968,950,955
3,994,17,994,972,977,955,960,938,943
3,994,19,994,970,975,951,956,932,937
3,995,2,995,988,993,986,991,984,989
3,995,3,995,987,992,984,989,981,986
3,995,5,995,985,990,980,985,975,980
3,995,7,995,983,988,976,981,969,974
3,995,11,995,979,984,968,973,957,962
3,995,13,995,977,982,964,969,951,956
3,995,17,995,973,978,956,961,939,944
3,995,19,995,971,976,952,957,933,938
3,996,2,996,989,994,987,992,985,990
3,996,3,996,988,993,985,990,982,987
3,996,5,996,986,991,981,986,976,981
3,996,7,996,984,989,977,982,970,975
3,996,11,996,980,985,969,974,958,963
3,996,13,996,978,983,965,970,952,957
3,996,17,996,974,979,957,962,940,945
3,996,19,996,972,977,953,958,934,939
3,997,2,997,990,995,988,993,986,991
3,997,3,997,989,994,986,991,983,988
3,997,5,997,987,992,982,987,977,982
3,997,7,997,985,990,978,983,971,976
3,997,11,997,981,986,970,975,959,964
3,997,13,997,979,984,966,971,953,958
3,997,17,997,975,980,958,963,941,946
3,997,19,997,973,978,954,959,935,940
3,998,2,998,991,996,989,994,987,992
3,998,3,998,990,995,987,992,984,989
3,998,5,998,988,993,983,988,978,983
3,998,7,998,986,991,979,984,972,977
3,998,11,998,982,987,971,976,960,965
3,998,13,998,980,985,967,972,954,959
3,998,17,998,976,981,959,964,942,947
3,998,19,998,974,979,955,960,936,941
