1,3,2,3,1,-1,3,1,-1,3
1,3,3,3,0,-3,3,0,-3,3
1,3,5,3,-2,-7,3,-2,-7,3
1,3,7,3,-4,-11,3,-4,-11,3
1,3,11,3,-8,-19,3,-8,-19,3
1,3,13,3,-10,-23,3,-10,-23,3
1,3,17,3,-14,-31,3,-14,-31,3
1,3,19,3,-16,-35,3,-16,-35,3
1,4,2,4,2,0,4,2,0,4
1,4,3,4,1,-2,4,1,-2,4
1,4,5,4,-1,-6,4,-1,-6,4
1,4,7,4,-3,-10,4,-3,-10,4
1,4,11,4,-7,-18,4,-7,-18,4
1,4,13,4,-9,-22,4,-9,-22,4
1,4,17,4,-13,-30,4,-13,-30,4
1,4,19,4,-15,-34,4,-15,-34,4
1,5,2,5,3,1,5,3,1,5
1,5,3,5,2,-1,5,2,-1,5
1,5,5,5,0,-5,5,0,-5,5
1,5,7,5,-2,-9,5,-2,-9,5
1,5,11,5,-6,-17,5,-6,-17,5
1,5,13,5,-8,-21,5,-8,-21,5
1,5,17,5,-12,-29,5,-12,-29,5
1,5,19,5,-14,-33,5,-14,-33,5
1,6,2,6,4,2,6,4,2,6
1,6,3,6,3,0,6,3,0,6
1,6,5,6,1,-4,6,1,-4,6
1,6,7,6,-1,-8,6,-1,-8,6
1,6,11,6,-5,-16,6,-5,-16,6
1,6,13,6,-7,-20,6,-7,-20,6
1,6,17,6,-11,-28,6,-11,-28,6
1,6,19,6,-13,-32,6,-13,-32,6
1,7,2,7,5,3,7,5,3,7
1,7,3,7,4,1,7,4,1,7
1,7,5,7,2,-3,7,2,-3,7
1,7,7,7,0,-7,7,0,-7,7
1,7,11,7,-4,-15,7,-4,-15,7
1,7,13,7,-6,-19,7,-6,-19,7
1,7,17,7,-10,-27,7,-10,-27,7
1,7,19,7,-12,-31,7,-12,-31,7
1,8,2,8,6,4,8,6,4,8
1,8,3,8,5,2,8,5,2,8
1,8,5,8,3,-2,8,3,-2,8
1,8,7,8,1,-6,8,1,-6,8
1,8,11,8,-3,-14,8,-3,-14,8
1,8,13,8,-5,-18,8,-5,-18,8
1,8,17,8,-9,-26,8,-9,-26,8
1,8,19,8,-11,-30,8,-11,-30,8
1,9,2,9,7,5,9,7,5,9
1,9,3,9,6,3,9,6,3,9
1,9,5,9,4,-1,9,4,-1,9
1,9,7,9,2,-5,9,2,-5,9
1,9,11,9,-2,-13,9,-2,-13,9
1,9,13,9,-4,-17,9,-4,-17,9
1,9,17,9,-8,-25,9,-8,-25,9
1,9,19,9,-10,-29,9,-10,-29,9
1,10,2,10,8,6,10,8,6,10
1,10,3,10,7,4,10,7,4,10
1,10,5,10,5,0,10,5,0,10
1,10,7,10,3,-4,10,3,-4,10
1,10,11,10,-1,-12,10,-1,-12,10
1,10,13,10,-3,-16,10,-3,-16,10
1,10,17,10,-7,-24,10,-7,-24,10
1,10,19,10,-9,-28,10,-9,-28,10
1,11,2,11,9,7,11,9,7,11
1,11,3,11,8,5,11,8,5,11
1,11,5,11,6,1,11,6,1,11
1,11,7,11,4,-3,11,4,-3,11
1,11,11,11,0,-11,11,0,-11,11
1,11,13,11,-2,-15,11,-2,-15,11
1,11,17,11,-6,-23,11,-6,-23,11
1,11,19,11,-8,-27,11,-8,-27,11
1,12,2,12,10,8,12,10,8,12
1,12,3,12,9,6,12,9,6,12
1,12,5,12,7,2,12,7,2,12
1,12,7,12,5,-2,12,5,-2,12
1,12,11,12,1,-10,12,1,-10,12
1,12,13,12,-1,-14,12,-1,-14,12
1,12,17,12,-5,-22,12,-5,-22,12
1,12,19,12,-7,-26,12,-7,-26,12
1,13,2,13,11,9,13,11,9,13
1,13,3,13,10,7,13,10,7,13
1,13,5,13,8,3,13,8,3,13
1,13,7,13,6,-1,13,6,-1,13
1,13,11,13,2,-9,13,2,-9,13
1,13,13,13,0,-13,13,0,-13,13
1,13,17,13,-4,-21,13,-4,-21,13
1,13,19,13,-6,-25,13,-6,-25,13
1,14,2,14,12,10,14,12,10,14
1,14,3,14,11,8,14,11,8,14
1,14,5,14,9,4,14,9,4,14
1,14,7,14,7,0,14,7,0,14
1,14,11,14,3,-8,14,3,-8,14
1,14,13,14,1,-12,14,1,-12,14
1,14,17,14,-3,-20,14,-3,-20,14
1,14,19,14,-5,-24,14,-5,-24,14
1,15,2,15,13,11,15,13,11,15
1,15,3,15,12,9,15,12,9,15
1,15,5,15,10,5,15,10,5,15
1,15,7,15,8,1,15,8,1,15
1,15,11,15,4,-7,15,4,-7,15
1,15,13,15,2,-11,15,2,-11,15
1,15,17,15,-2,-19,15,-2,-19,15
1,15,19,15,-4,-23,15,-4,-23,15
1,16,2,16,14,12,16,14,12,16
1,16,3,16,13,10,16,13,10,16
1,16,5,16,11,6,16,11,6,16
1,16,7,16,9,2,16,9,2,16
1,16,11,16,5,-6,16,5,-6,16
1,16,13,16,3,-10,16,3,-10,16
1,16,17,16,-1,-18,16,-1,-18,16
1,16,19,16,-3,-22,16,-3,-22,16
1,17,2,17,15,13,17,15,13,17
1,17,3,17,14,11,17,14,11,17
1,17,5,17,12,7,17,12,7,17
1,17,7,17,10,3,17,10,3,17
1,17,11,17,6,-5,17,6,-5,17
1,17,13,17,4,-9,17,4,-9,17
1,17,17,17,0,-17,17,0,-17,17
1,17,19,17,-2,-21,17,-2,-21,17
1,18,2,18,16,14,18,16,14,18
1,18,3,18,15,12,18,15,12,18
1,18,5,18,13,8,18,13,8,18
1,18,7,18,11,4,18,11,4,18
1,18,11,18,7,-4,18,7,-4,18
1,18,13,18,5,-8,18,5,-8,18
1,18,17,18,1,-16,18,1,-16,18
1,18,19,18,-1,-20,18,-1,-20,18
1,19,2,19,17,15,19,17,15,19
1,19,3,19,16,13,19,16,13,19
1,19,5,19,14,9,19,14,9,19
1,19,7,19,12,5,19,12,5,19
1,19,11,19,8,-3,19,8,-3,19
1,19,13,19,6,-7,19,6,-7,19
1,19,17,19,2,-15,19,2,-15,19
1,19,19,19,0,-19,19,0,-19,19
1,20,2,20,18,16,20,18,16,20
1,20,3,20,17,14,20,17,14,20
1,20,5,20,15,10,20,15,10,20
1,20,7,20,13,6,20,13,6,20
1,20,11,20,9,-2,20,9,-2,20
1,20,13,20,7,-6,20,7,-6,20
1,20,17,20,3,-14,20,3,-14,20
1,20,19,20,1,-18,20,1,-18,20
1,21,2,21,19,17,21,19,17,21
1,21,3,21,18,15,21,18,15,21
1,21,5,21,16,11,21,16,11,21
1,21,7,21,14,7,21,14,7,21
1,21,11,21,10,-1,21,10,-1,21
1,21,13,21,8,-5,21,8,-5,21
1,21,17,21,4,-13,21,4,-13,21
1,21,19,21,2,-17,21,2,-17,21
1,22,2,22,20,18,22,20,18,22
1,22,3,22,19,16,22,19,16,22
1,22,5,22,17,12,22,17,12,22
1,22,7,22,15,8,22,15,8,22
1,22,11,22,11,0,22,11,0,22
1,22,13,22,9,-4,22,9,-4,22
1,22,17,22,5,-12,22,5,-12,22
1,22,19,22,3,-16,22,3,-16,22
1,23,2,23,21,19,23,21,19,23
1,23,3,23,20,17,23,20,17,23
1,23,5,23,18,13,23,18,13,23
1,23,7,23,16,9,23,16,9,23
1,23,11,23,12,1,23,12,1,23
1,23,13,23,10,-3,23,10,-3,23
1,23,17,23,6,-11,23,6,-11,23
1,23,19,23,4,-15,23,4,-15,23
1,24,2,24,22,20,24,22,20,24
1,24,3,24,21,18,24,21,18,24
1,24,5,24,19,14,24,19,14,24
1,24,7,24,17,10,24,17,10,24
1,24,11,24,13,2,24,13,2,24
1,24,13,24,11,-2,24,11,-2,24
1,24,17,24,7,-10,24,7,-10,24
1,24,19,24,5,-14,24,5,-14,24
1,25,2,25,23,21,25,23,21,25
1,25,3,25,22,19,25,22,19,25
1,25,5,25,20,15,25,20,15,25
1,25,7,25,18,11,25,18,11,25
1,25,11,25,14,3,25,14,3,25
1,25,13,25,12,-1,25,12,-1,25
1,25,17,25,8,-9,25,8,-9,25
1,25,19,25,6,-13,25,6,-13,25
1,26,2,26,24,22,26,24,22,26
1,26,3,26,23,20,26,23,20,26
1,26,5,26,21,16,26,21,16,26
1,26,7,26,19,12,26,19,12,26
1,26,11,26,15,4,26,15,4,26
1,26,13,26,13,0,26,13,0,26
1,26,17,26,9,-8,26,9,-8,26
1,26,19,26,7,-12,26,7,-12,26
1,27,2,27,25,23,27,25,23,27
1,27,3,27,24,21,27,24,21,27
1,27,5,27,22,17,27,22,17,27
1,27,7,27,20,13,27,20,13,27
1,27,11,27,16,5,27,16,5,27
1,27,13,27,14,1,27,14,1,27
1,27,17,27,10,-7,27,10,-7,27
1,27,19,27,8,-11,27,8,-11,27
1,28,2,28,26,24,28,26,24,28
1,28,3,28,25,22,28,25,22,28
1,28,5,28,23,18,28,23,18,28
1,28,7,28,21,14,28,21,14,28
1,28,11,28,17,6,28,17,6,28
1,28,13,28,15,2,28,15,2,28
1,28,17,28,11,-6,28,11,-6,28
1,28,19,28,9,-10,28,9,-10,28
1,29,2,29,27,25,29,27,25,29
1,29,3,29,26,23,29,26,23,29
1,29,5,29,24,19,29,24,19,29
1,29,7,29,22,15,29,22,15,29
1,29,11,29,18,7,29,18,7,29
1,29,13,29,16,3,29,16,3,29
1,29,17,29,12,-5,29,12,-5,29
1,29,19,29,10,-9,29,10,-9,29
1,30,2,30,28,26,30,28,26,30
1,30,3,30,27,24,30,27,24,30
1,30,5,30,25,20,30,25,20,30
1,30,7,30,23,16,30,23,16,30
1,30,11,30,19,8,30,19,8,30
1,30,13,30,17,4,30,17,4,30
1,30,17,30,13,-4,30,13,-4,30
1,30,19,30,11,-8,30,11,-8,30
1,31,2,31,29,27,31,29,27,31
1,31,3,31,28,25,31,28,25,31
1,31,5,31,26,21,31,26,21,31
1,31,7,31,24,17,31,24,17,31
1,31,11,31,20,9,31,20,9,31
1,31,13,31,18,5,31,18,5,31
1,31,17,31,14,-3,31,14,-3,31
1,31,19,31,12,-7,31,12,-7,31
1,32,2,32,30,28,32,30,28,32
1,32,3,32,29,26,32,29,26,32
1,32,5,32,27,22,32,27,22,32
1,32,7,32,25,18,32,25,18,32
1,32,11,32,21,10,32,21,10,32
1,32,13,32,19,6,32,19,6,32
1,32,17,32,15,-2,32,15,-2,32
1,32,19,32,13,-6,32,13,-6,32
1,33,2,33,31,29,33,31,29,33
1,33,3,33,30,27,33,30,27,33
1,33,5,33,28,23,33,28,23,33
1,33,7,33,26,19,33,26,19,33
1,33,11,33,22,11,33,22,11,33
1,33,13,33,20,7,33,20,7,33
1,33,17,33,16,-1,33,16,-1,33
1,33,19,33,14,-5,33,14,-5,33
1,34,2,34,32,30,34,32,30,34
1,34,3,34,31,28,34,31,28,34
1,34,5,34,29,24,34,29,24,34
1,34,7,34,27,20,34,27,20,34
1,34,11,34,23,12,34,23,12,34
1,34,13,34,21,8,34,21,8,34
1,34,17,34,17,0,34,17,0,34
1,34,19,34,15,-4,34,15,-4,34
1,35,2,35,33,31,35,33,31,35
1,35,3,35,32,29,35,32,29,35
1,35,5,35,30,25,35,30,25,35
1,35,7,35,28,21,35,28,21,35
1,35,11,35,24,13,35,24,13,35
1,35,13,35,22,9,35,22,9,35
1,35,17,35,18,1,35,18,1,35
1,35,19,35,16,-3,35,16,-3,35
1,36,2,36,34,32,36,34,32,36
1,36,3,36,33,30,36,33,30,36
1,36,5,36,31,26,36,31,26,36
1,36,7,36,29,22,36,29,22,36
1,36,11,36,25,14,36,25,14,36
1,36,13,36,23,10,36,23,10,36
1,36,17,36,19,2,36,19,2,36
1,36,19,36,17,-2,36,17,-2,36
1,37,2,37,35,33,37,35,33,37
1,37,3,37,34,31,37,34,31,37
1,37,5,37,32,27,37,32,27,37
1,37,7,37,30,23,37,30,23,37
1,37,11,37,26,15,37,26,15,37
1,37,13,37,24,11,37,24,11,37
1,37,17,37,20,3,37,20,3,37
1,37,19,37,18,-1,37,18,-1,37
1,38,2,38,36,34,38,36,34,38
1,38,3,38,35,32,38,35,32,38
1,38,5,38,33,28,38,33,28,38
1,38,7,38,31,24,38,31,24,38
1,38,11,38,27,16,38,27,16,38
1,38,13,38,25,12,38,25,12,38
1,38,17,38,21,4,38,21,4,38
1,38,19,38,19,0,38,19,0,38
1,39,2,39,37,35,39,37,35,39
1,39,3,39,36,33,39,36,33,39
1,39,5,39,34,29,39,34,29,39
1,39,7,39,32,25,39,32,25,39
1,39,11,39,28,17,39,28,17,39
1,39,13,39,26,13,39,26,13,39
1,39,17,39,22,5,39,22,5,39
1,39,19,39,20,1,39,20,1,39
1,40,2,40,38,36,40,38,36,40
1,40,3,40,37,34,40,37,34,40
1,40,5,40,35,30,40,35,30,40
1,40,7,40,33,26,40,33,26,40
1,40,11,40,29,18,40,29,18,40
1,40,13,40,27,14,40,27,14,40
1,40,17,40,23,6,40,23,6,40
1,40,19,40,21,2,40,21,2,40
1,41,2,41,39,37,41,39,37,41
1,41,3,41,38,35,41,38,35,41
1,41,5,41,36,31,41,36,31,41
1,41,7,41,34,27,41,34,27,41
1,41,11,41,30,19,41,30,19,41
1,41,13,41,28,15,41,28,15,41
1,41,17,41,24,7,41,24,7,41
1,41,19,41,22,3,41,22,3,41
1,42,2,42,40,38,42,40,38,42
1,42,3,42,39,36,42,39,36,42
1,42,5,42,37,32,42,37,32,42
1,42,7,42,35,28,42,35,28,42
1,42,11,42,31,20,42,31,20,42
1,42,13,42,29,16,42,29,16,42
1,42,17,42,25,8,42,25,8,42
1,42,19,42,23,4,42,23,4,42
1,43,2,43,41,39,43,41,39,43
1,43,3,43,40,37,43,40,37,43
1,43,5,43,38,33,43,38,33,43
1,43,7,43,36,29,43,36,29,43
1,43,11,43,32,21,43,32,21,43
1,43,13,43,30,17,43,30,17,43
1,43,17,43,26,9,43,26,9,43
1,43,19,43,24,5,43,24,5,43
1,44,2,44,42,40,44,42,40,44
1,44,3,44,41,38,44,41,38,44
1,44,5,44,39,34,44,39,34,44
1,44,7,44,37,30,44,37,30,44
1,44,11,44,33,22,44,33,22,44
1,44,13,44,31,18,44,31,18,44
1,44,17,44,27,10,44,27,10,44
1,44,19,44,25,6,44,25,6,44
1,45,2,45,43,41,45,43,41,45
1,45,3,45,42,39,45,42,39,45
1,45,5,45,40,35,45,40,35,45
1,45,7,45,38,31,45,38,31,45
1,45,11,45,34,23,45,34,23,45
1,45,13,45,32,19,45,32,19,45
1,45,17,45,28,11,45,28,11,45
1,45,19,45,26,7,45,26,7,45
1,46,2,46,44,42,46,44,42,46
1,46,3,46,43,40,46,43,40,46
1,46,5,46,41,36,46,41,36,46
1,46,7,46,39,32,46,39,32,46
1,46,11,46,35,24,46,35,24,46
1,46,13,46,33,20,46,33,20,46
1,46,17,46,29,12,46,29,12,46
1,46,19,46,27,8,46,27,8,46
1,47,2,47,45,43,47,45,43,47
1,47,3,47,44,41,47,44,41,47
1,47,5,47,42,37,47,42,37,47
1,47,7,47,40,33,47,40,33,47
1,47,11,47,36,25,47,36,25,47
1,47,13,47,34,21,47,34,21,47
1,47,17,47,30,13,47,30,13,47
1,47,19,47,28,9,47,28,9,47
1,48,2,48,46,44,48,46,44,48
1,48,3,48,45,42,48,45,42,48
1,48,5,48,43,38,48,43,38,48
1,48,7,48,41,34,48,41,34,48
1,48,11,48,37,26,48,37,26,48
1,48,13,48,35,22,48,35,22,48
1,48,17,48,31,14,48,31,14,48
1,48,19,48,29,10,48,29,10,48
1,49,2,49,47,45,49,47,45,49
1,49,3,49,46,43,49,46,43,49
1,49,5,49,44,39,49,44,39,49
1,49,7,49,42,35,49,42,35,49
1,49,11,49,38,27,49,38,27,49
1,49,13,49,36,23,49,36,23,49
1,49,17,49,32,15,49,32,15,49
1,49,19,49,30,11,49,30,11,49
1,50,2,50,48,46,50,48,46,50
1,50,3,50,47,44,50,47,44,50
1,50,5,50,45,40,50,45,40,50
1,50,7,50,43,36,50,43,36,50
1,50,11,50,39,28,50,39,28,50
1,50,13,50,37,24,50,37,24,50
1,50,17,50,33,16,50,33,16,50
1,50,19,50,31,12,50,31,12,50
1,51,2,51,49,47,51,49,47,51
1,51,3,51,48,45,51,48,45,51
1,51,5,51,46,41,51,46,41,51
1,51,7,51,44,37,51,44,37,51
1,51,11,51,40,29,51,40,29,51
1,51,13,51,38,25,51,38,25,51
1,51,17,51,34,17,51,34,17,51
1,51,19,51,32,13,51,32,13,51
1,52,2,52,50,48,52,50,48,52
1,52,3,52,49,46,52,49,46,52
1,52,5,52,47,42,52,47,42,52
1,52,7,52,45,38,52,45,38,52
1,52,11,52,41,30,52,41,30,52
1,52,13,52,39,26,52,39,26,52
1,52,17,52,35,18,52,35,18,52
1,52,19,52,33,14,52,33,14,52
1,53,2,53,51,49,53,51,49,53
1,53,3,53,50,47,53,50,47,53
1,53,5,53,48,43,53,48,43,53
1,53,7,53,46,39,53,46,39,53
1,53,11,53,42,31,53,42,31,53
1,53,13,53,40,27,53,40,27,53
1,53,17,53,36,19,53,36,19,53
1,53,19,53,34,15,53,34,15,53
1,54,2,54,52,50,54,52,50,54
1,54,3,54,51,48,54,51,48,54
1,54,5,54,49,44,54,49,44,54
1,54,7,54,47,40,54,47,40,54
1,54,11,54,43,32,54,43,32,54
1,54,13,54,41,28,54,41,28,54
1,54,17,54,37,20,54,37,20,54
1,54,19,54,35,16,54,35,16,54
1,55,2,55,53,51,55,53,51,55
1,55,3,55,52,49,55,52,49,55
1,55,5,55,50,45,55,50,45,55
1,55,7,55,48,41,55,48,41,55
1,55,11,55,44,33,55,44,33,55
1,55,13,55,42,29,55,42,29,55
1,55,17,55,38,21,55,38,21,55
1,55,19,55,36,17,55,36,17,55
1,56,2,56,54,52,56,54,52,56
1,56,3,56,53,50,56,53,50,56
1,56,5,56,51,46,56,51,46,56
1,56,7,56,49,42,56,49,42,56
1,56,11,56,45,34,56,45,34,56
1,56,13,56,43,30,56,43,30,56
1,56,17,56,39,22,56,39,22,56
1,56,19,56,37,18,56,37,18,56
1,57,2,57,55,53,57,55,53,57
1,57,3,57,54,51,57,54,51,57
1,57,5,57,52,47,57,52,47,57
1,57,7,57,50,43,57,50,43,57
1,57,11,57,46,35,57,46,35,57
1,57,13,57,44,31,57,44,31,57
1,57,17,57,40,23,57,40,23,57
1,57,19,57,38,19,57,38,19,57
1,58,2,58,56,54,58,56,54,58
1,58,3,58,55,52,58,55,52,58
1,58,5,58,53,48,58,53,48,58
1,58,7,58,51,44,58,51,44,58
1,58,11,58,47,36,58,47,36,58
1,58,13,58,45,32,58,45,32,58
1,58,17,58,41,24,58,41,24,58
1,58,19,58,39,20,58,39,20,58
1,59,2,59,57,55,59,57,55,59
1,59,3,59,56,53,59,56,53,59
1,59,5,59,54,49,59,54,49,59
1,59,7,59,52,45,59,52,45,59
1,59,11,59,48,37,59,48,37,59
1,59,13,59,46,33,59,46,33,59
1,59,17,59,42,25,59,42,25,59
1,59,19,59,40,21,59,40,21,59
1,60,2,60,58,56,60,58,56,60
1,60,3,60,57,54,60,57,54,60
1,60,5,60,55,50,60,55,50,60
1,60,7,60,53,46,60,53,46,60
1,60,11,60,49,38,60,49,38,60
1,60,13,60,47,34,60,47,34,60
1,60,17,60,43,26,60,43,26,60
1,60,19,60,41,22,60,41,22,60
1,61,2,61,59,57,61,59,57,61
1,61,3,61,58,55,61,58,55,61
1,61,5,61,56,51,61,56,51,61
1,61,7,61,54,47,61,54,47,61
1,61,11,61,50,39,61,50,39,61
1,61,13,61,48,35,61,48,35,61
1,61,17,61,44,27,61,44,27,61
1,61,19,61,42,23,61,42,23,61
1,62,2,62,60,58,62,60,58,62
1,62,3,62,59,56,62,59,56,62
1,62,5,62,57,52,62,57,52,62
1,62,7,62,55,48,62,55,48,62
1,62,11,62,51,40,62,51,40,62
1,62,13,62,49,36,62,49,36,62
1,62,17,62,45,28,62,45,28,62
1,62,19,62,43,24,62,43,24,62
1,63,2,63,61,59,63,61,59,63
1,63,3,63,60,57,63,60,57,63
1,63,5,63,58,53,63,58,53,63
1,63,7,63,56,49,63,56,49,63
1,63,11,63,52,41,63,52,41,63
1,63,13,63,50,37,63,50,37,63
1,63,17,63,46,29,63,46,29,63
1,63,19,63,44,25,63,44,25,63
1,64,2,64,62,60,64,62,60,64
1,64,3,64,61,58,64,61,58,64
1,64,5,64,59,54,64,59,54,64
1,64,7,64,57,50,64,57,50,64
1,64,11,64,53,42,64,53,42,64
1,64,13,64,51,38,64,51,38,64
1,64,17,64,47,30,64,47,30,64
1,64,19,64,45,26,64,45,26,64
1,65,2,65,63,61,65,63,61,65
1,65,3,65,62,59,65,62,59,65
1,65,5,65,60,55,65,60,55,65
1,65,7,65,58,51,65,58,51,65
1,65,11,65,54,43,65,54,43,65
1,65,13,65,52,39,65,52,39,65
1,65,17,65,48,31,65,48,31,65
1,65,19,65,46,27,65,46,27,65
1,66,2,66,64,62,66,64,62,66
1,66,3,66,63,60,66,63,60,66
1,66,5,66,61,56,66,61,56,66
1,66,7,66,59,52,66,59,52,66
1,66,11,66,55,44,66,55,44,66
1,66,13,66,53,40,66,53,40,66
1,66,17,66,49,32,66,49,32,66
1,66,19,66,47,28,66,47,28,66
1,67,2,67,65,63,67,65,63,67
1,67,3,67,64,61,67,64,61,67
1,67,5,67,62,57,67,62,57,67
1,67,7,67,60,53,67,60,53,67
1,67,11,67,56,45,67,56,45,67
1,67,13,67,54,41,67,54,41,67
1,67,17,67,50,33,67,50,33,67
1,67,19,67,48,29,67,48,29,67
1,68,2,68,66,64,68,66,64,68
1,68,3,68,65,62,68,65,62,68
1,68,5,68,63,58,68,63,58,68
1,68,7,68,61,54,68,61,54,68
1,68,11,68,57,46,68,57,46,68
1,68,13,68,55,42,68,55,42,68
1,68,17,68,51,34,68,51,34,68
1,68,19,68,49,30,68,49,30,68
1,69,2,69,67,65,69,67,65,69
1,69,3,69,66,63,69,66,63,69
1,69,5,69,64,59,69,64,59,69
1,69,7,69,62,55,69,62,55,69
1,69,11,69,58,47,69,58,47,69
1,69,13,69,56,43,69,56,43,69
1,69,17,69,52,35,69,52,35,69
1,69,19,69,50,31,69,50,31,69
1,70,2,70,68,66,70,68,66,70
1,70,3,70,67,64,70,67,64,70
1,70,5,70,65,60,70,65,60,70
1,70,7,70,63,56,70,63,56,70
1,70,11,70,59,48,70,59,48,70
1,70,13,70,57,44,70,57,44,70
1,70,17,70,53,36,70,53,36,70
1,70,19,70,51,32,70,51,32,70
1,71,2,71,69,67,71,69,67,71
1,71,3,71,68,65,71,68,65,71
1,71,5,71,66,61,71,66,61,71
1,71,7,71,64,57,71,64,57,71
1,71,11,71,60,49,71,60,49,71
1,71,13,71,58,45,71,58,45,71
1,71,17,71,54,37,71,54,37,71
1,71,19,71,52,33,71,52,33,71
1,72,2,72,70,68,72,70,68,72
1,72,3,72,69,66,72,69,66,72
1,72,5,72,67,62,72,67,62,72
1,72,7,72,65,58,72,65,58,72
1,72,11,72,61,50,72,61,50,72
1,72,13,72,59,46,72,59,46,72
1,72,17,72,55,38,72,55,38,72
1,72,19,72,53,34,72,53,34,72
1,73,2,73,71,69,73,71,69,73
1,73,3,73,70,67,73,70,67,73
1,73,5,73,68,63,73,68,63,73
1,73,7,73,66,59,73,66,59,73
1,73,11,73,62,51,73,62,51,73
1,73,13,73,60,47,73,60,47,73
1,73,17,73,56,39,73,56,39,73
1,73,19,73,54,35,73,54,35,73
1,74,2,74,72,70,74,72,70,74
1,74,3,74,71,68,74,71,68,74
1,74,5,74,69,64,74,69,64,74
1,74,7,74,67,60,74,67,60,74
1,74,11,74,63,52,74,63,52,74
1,74,13,74,61,48,74,61,48,74
1,74,17,74,57,40,74,57,40,74
1,74,19,74,55,36,74,55,36,74
1,75,2,75,73,71,75,73,71,75
1,75,3,75,72,69,75,72,69,75
1,75,5,75,70,65,75,70,65,75
1,75,7,75,68,61,75,68,61,75
1,75,11,75,64,53,75,64,53,75
1,75,13,75,62,49,75,62,49,75
1,75,17,75,58,41,75,58,41,75
1,75,19,75,56,37,75,56,37,75
1,76,2,76,74,72,76,74,72,76
1,76,3,76,73,70,76,73,70,76
1,76,5,76,71,66,76,71,66,76
1,76,7,76,69,62,76,69,62,76
1,76,11,76,65,54,76,65,54,76
1,76,13,76,63,50,76,63,50,76
1,76,17,76,59,42,76,59,42,76
1,76,19,76,57,38,76,57,38,76
1,77,2,77,75,73,77,75,73,77
1,77,3,77,74,71,77,74,71,77
1,77,5,77,72,67,77,72,67,77
1,77,7,77,70,63,77,70,63,77
1,77,11,77,66,55,77,66,55,77
1,77,13,77,64,51,77,64,51,77
1,77,17,77,60,43,77,60,43,77
1,77,19,77,58,39,77,58,39,77
1,78,2,78,76,74,78,76,74,78
1,78,3,78,75,72,78,75,72,78
1,78,5,78,73,68,78,73,68,78
1,78,7,78,71,64,78,71,64,78
1,78,11,78,67,56,78,67,56,78
1,78,13,78,65,52,78,65,52,78
1,78,17,78,61,44,78,61,44,78
1,78,19,78,59,40,78,59,40,78
1,79,2,79,77,75,79,77,75,79
1,79,3,79,76,73,79,76,73,79
1,79,5,79,74,69,79,74,69,79
1,79,7,79,72,65,79,72,65,79
1,79,11,79,68,57,79,68,57,79
1,79,13,79,66,53,79,66,53,79
1,79,17,79,62,45,79,62,45,79
1,79,19,79,60,41,79,60,41,79
1,80,2,80,78,76,80,78,76,80
1,80,3,80,77,74,80,77,74,80
1,80,5,80,75,70,80,75,70,80
1,80,7,80,73,66,80,73,66,80
1,80,11,80,69,58,80,69,58,80
1,80,13,80,67,54,80,67,54,80
1,80,17,80,63,46,80,63,46,80
1,80,19,80,61,42,80,61,42,80
1,81,2,81,79,77,81,79,77,81
1,81,3,81,78,75,81,78,75,81
1,81,5,81,76,71,81,76,71,81
1,81,7,81,74,67,81,74,67,81
1,81,11,81,70,59,81,70,59,81
1,81,13,81,68,55,81,68,55,81
1,81,17,81,64,47,81,64,47,81
1,81,19,81,62,43,81,62,43,81
1,82,2,82,80,78,82,80,78,82
1,82,3,82,79,76,82,79,76,82
1,82,5,82,77,72,82,77,72,82
1,82,7,82,75,68,82,75,68,82
1,82,11,82,71,60,82,71,60,82
1,82,13,82,69,56,82,69,56,82
1,82,17,82,65,48,82,65,48,82
1,82,19,82,63,44,82,63,44,82
1,83,2,83,81,79,83,81,79,83
1,83,3,83,80,77,83,80,77,83
1,83,5,83,78,73,83,78,73,83
1,83,7,83,76,69,83,76,69,83
1,83,11,83,72,61,83,72,61,83
1,83,13,83,70,57,83,70,57,83
1,83,17,83,66,49,83,66,49,83
1,83,19,83,64,45,83,64,45,83
1,84,2,84,82,80,84,82,80,84
1,84,3,84,81,78,84,81,78,84
1,84,5,84,79,74,84,79,74,84
1,84,7,84,77,70,84,77,70,84
1,84,11,84,73,62,84,73,62,84
1,84,13,84,71,58,84,71,58,84
1,84,17,84,67,50,84,67,50,84
1,84,19,84,65,46,84,65,46,84
1,85,2,85,83,81,85,83,81,85
1,85,3,85,82,79,85,82,79,85
1,85,5,85,80,75,85,80,75,85
1,85,7,85,78,71,85,78,71,85
1,85,11,85,74,63,85,74,63,85
1,85,13,85,72,59,85,72,59,85
1,85,17,85,68,51,85,68,51,85
1,85,19,85,66,47,85,66,47,85
1,86,2,86,84,82,86,84,82,86
1,86,3,86,83,80,86,83,80,86
1,86,5,86,81,76,86,81,76,86
1,86,7,86,79,72,86,79,72,86
1,86,11,86,75,64,86,75,64,86
1,86,13,86,73,60,86,73,60,86
1,86,17,86,69,52,86,69,52,86
1,86,19,86,67,48,86,67,48,86
1,87,2,87,85,83,87,85,83,87
1,87,3,87,84,81,87,84,81,87
1,87,5,87,82,77,87,82,77,87
1,87,7,87,80,73,87,80,73,87
1,87,11,87,76,65,87,76,65,87
1,87,13,87,74,61,87,74,61,87
1,87,17,87,70,53,87,70,53,87
1,87,19,87,68,49,87,68,49,87
1,88,2,88,86,84,88,86,84,88
1,88,3,88,85,82,88,85,82,88
1,88,5,88,83,78,88,83,78,88
1,88,7,88,81,74,88,81,74,88
1,88,11,88,77,66,88,77,66,88
1,88,13,88,75,62,88,75,62,88
1,88,17,88,71,54,88,71,54,88
1,88,19,88,69,50,88,69,50,88
1,89,2,89,87,85,89,87,85,89
1,89,3,89,86,83,89,86,83,89
1,89,5,89,84,79,89,84,79,89
1,89,7,89,82,75,89,82,75,89
1,89,11,89,78,67,89,78,67,89
1,89,13,89,76,63,89,76,63,89
1,89,17,89,72,55,89,72,55,89
1,89,19,89,70,51,89,70,51,89
1,90,2,90,88,86,90,88,86,90
1,90,3,90,87,84,90,87,84,90
1,90,5,90,85,80,90,85,80,90
1,90,7,90,83,76,90,83,76,90
1,90,11,90,79,68,90,79,68,90
1,90,13,90,77,64,90,77,64,90
1,90,17,90,73,56,90,73,56,90
1,90,19,90,71,52,90,71,52,90
1,91,2,91,89,87,91,89,87,91
1,91,3,91,88,85,91,88,85,91
1,91,5,91,86,81,91,86,81,91
1,91,7,91,84,77,91,84,77,91
1,91,11,91,80,69,91,80,69,91
1,91,13,91,78,65,91,78,65,91
1,91,17,91,74,57,91,74,57,91
1,91,19,91,72,53,91,72,53,91
1,92,2,92,90,88,92,90,88,92
1,92,3,92,89,86,92,89,86,92
1,92,5,92,87,82,92,87,82,92
1,92,7,92,85,78,92,85,78,92
1,92,11,92,81,70,92,81,70,92
1,92,13,92,79,66,92,79,66,92
1,92,17,92,75,58,92,75,58,92
1,92,19,92,73,54,92,73,54,92
1,93,2,93,91,89,93,91,89,93
1,93,3,93,90,87,93,90,87,93
1,93,5,93,88,83,93,88,83,93
1,93,7,93,86,79,93,86,79,93
1,93,11,93,82,71,93,82,71,93
1,93,13,93,80,67,93,80,67,93
1,93,17,93,76,59,93,76,59,93
1,93,19,93,74,55,93,74,55,93
1,94,2,94,92,90,94,92,90,94
1,94,3,94,91,88,94,91,88,94
1,94,5,94,89,84,94,89,84,94
1,94,7,94,87,80,94,87,80,94
1,94,11,94,83,72,94,83,72,94
1,94,13,94,81,68,94,81,68,94
1,94,17,94,77,60,94,77,60,94
1,94,19,94,75,56,94,75,56,94
1,95,2,95,93,91,95,93,91,95
1,95,3,95,92,89,95,92,89,95
1,95,5,95,90,85,95,90,85,95
1,95,7,95,88,81,95,88,81,95
1,95,11,95,84,73,95,84,73,95
1,95,13,95,82,69,95,82,69,95
1,95,17,95,78,61,95,78,61,95
1,95,19,95,76,57,95,76,57,95
1,96,2,96,94,92,96,94,92,96
1,96,3,96,93,90,96,93,90,96
1,96,5,96,91,86,96,91,86,96
1,96,7,96,89,82,96,89,82,96
1,96,11,96,85,74,96,85,74,96
1,96,13,96,83,70,96,83,70,96
1,96,17,96,79,62,96,79,62,96
1,96,19,96,77,58,96,77,58,96
1,97,2,97,95,93,97,95,93,97
1,97,3,97,94,91,97,94,91,97
1,97,5,97,92,87,97,92,87,97
1,97,7,97,90,83,97,90,83,97
1,97,11,97,86,75,97,86,75,97
1,97,13,97,84,71,97,84,71,97
1,97,17,97,80,63,97,80,63,97
1,97,19,97,78,59,97,78,59,97
1,98,2,98,96,94,98,96,94,98
1,98,3,98,95,92,98,95,92,98
1,98,5,98,93,88,98,93,88,98
1,98,7,98,91,84,98,91,84,98
1,98,11,98,87,76,98,87,76,98
1,98,13,98,85,72,98,85,72,98
1,98,17,98,81,64,98,81,64,98
1,98,19,98,79,60,98,79,60,98
1,99,2,99,97,95,99,97,95,99
1,99,3,99,96,93,99,96,93,99
1,99,5,99,94,89,99,94,89,99
1,99,7,99,92,85,99,92,85,99
1,99,11,99,88,77,99,88,77,99
1,99,13,99,86,73,99,86,73,99
1,99,17,99,82,65,99,82,65,99
1,99,19,99,80,61,99,80,61,99
1,100,2,100,98,96,100,98,96,100
1,100,3,100,97,94,100,97,94,100
1,100,5,100,95,90,100,95,90,100
1,100,7,100,93,86,100,93,86,100
1,100,11,100,89,78,100,89,78,100
1,100,13,100,87,74,100,87,74,100
1,100,17,100,83,66,100,83,66,100
1,100,19,100,81,62,100,81,62,100
1,101,2,101,99,97,101,99,97,101
1,101,3,101,98,95,101,98,95,101
1,101,5,101,96,91,101,96,91,101
1,101,7,101,94,87,101,94,87,101
1,101,11,101,90,79,101,90,79,101
1,101,13,101,88,75,101,88,75,101
1,101,17,101,84,67,101,84,67,101
1,101,19,101,82,63,101,82,63,101
1,102,2,102,100,98,102,100,98,102
1,102,3,102,99,96,102,99,96,102
1,102,5,102,97,92,102,97,92,102
1,102,7,102,95,88,102,95,88,102
1,102,11,102,91,80,102,91,80,102
1,102,13,102,89,76,102,89,76,102
1,102,17,102,85,68,102,85,68,102
1,102,19,102,83,64,102,83,64,102
1,103,2,103,101,99,103,101,99,103
1,103,3,103,100,97,103,100,97,103
1,103,5,103,98,93,103,98,93,103
1,103,7,103,96,89,103,96,89,103
1,103,11,103,92,81,103,92,81,103
1,103,13,103,90,77,103,90,77,103
1,103,17,103,86,69,103,86,69,103
1,103,19,103,84,65,103,84,65,103
1,104,2,104,102,100,104,102,100,104
1,104,3,104,101,98,104,101,98,104
1,104,5,104,99,94,104,99,94,104
1,104,7,104,97,90,104,97,90,104
1,104,11,104,93,82,104,93,82,104
1,104,13,104,91,78,104,91,78,104
1,104,17,104,87,70,104,87,70,104
1,104,19,104,85,66,104,85,66,104
1,105,2,105,103,101,105,103,101,105
1,105,3,105,102,99,105,102,99,105
1,105,5,105,100,95,105,100,95,105
1,105,7,105,98,91,105,98,91,105
1,105,11,105,94,83,105,94,83,105
1,105,13,105,92,79,105,92,79,105
1,105,17,105,88,71,105,88,71,105
1,105,19,105,86,67,105,86,67,105
1,106,2,106,104,102,106,104,102,106
1,106,3,106,103,100,106,103,100,106
1,106,5,106,101,96,106,101,96,106
1,106,7,106,99,92,106,99,92,106
1,106,11,106,95,84,106,95,84,106
1,106,13,106,93,80,106,93,80,106
1,106,17,106,89,72,106,89,72,106
1,106,19,106,87,68,106,87,68,106
1,107,2,107,105,103,107,105,103,107
1,107,3,107,104,101,107,104,101,107
1,107,5,107,102,97,107,102,97,107
1,107,7,107,100,93,107,100,93,107
1,107,11,107,96,85,107,96,85,107
1,107,13,107,94,81,107,94,81,107
1,107,17,107,90,73,107,90,73,107
1,107,19,107,88,69,107,88,69,107
1,108,2,108,106,104,108,106,104,108
1,108,3,108,105,102,108,105,102,108
1,108,5,108,103,98,108,103,98,108
1,108,7,108,101,94,108,101,94,108
1,108,11,108,97,86,108,97,86,108
1,108,13,108,95,82,108,95,82,108
1,108,17,108,91,74,108,91,74,108
1,108,19,108,89,70,108,89,70,108
1,109,2,109,107,105,109,107,105,109
1,109,3,109,106,103,109,106,103,109
1,109,5,109,104,99,109,104,99,109
1,109,7,109,102,95,109,102,95,109
1,109,11,109,98,87,109,98,87,109
1,109,13,109,96,83,109,96,83,109
1,109,17,109,92,75,109,92,75,109
1,109,19,109,90,71,109,90,71,109
1,110,2,110,108,106,110,108,106,110
1,110,3,110,107,104,110,107,104,110
1,110,5,110,105,100,110,105,100,110
1,110,7,110,103,96,110,103,96,110
1,110,11,110,99,88,110,99,88,110
1,110,13,110,97,84,110,97,84,110
1,110,17,110,93,76,110,93,76,110
1,110,19,110,91,72,110,91,72,110
1,111,2,111,109,107,111,109,107,111
1,111,3,111,108,105,111,108,105,111
1,111,5,111,106,101,111,106,101,111
1,111,7,111,104,97,111,104,97,111
1,111,11,111,100,89,111,100,89,111
1,111,13,111,98,85,111,98,85,111
1,111,17,111,94,77,111,94,77,111
1,111,19,111,92,73,111,92,73,111
1,112,2,112,110,108,112,110,108,112
1,112,3,112,109,106,112,109,106,112
1,112,5,112,107,102,112,107,102,112
1,112,7,112,105,98,112,105,98,112
1,112,11,112,101,90,112,101,90,112
1,112,13,112,99,86,112,99,86,112
1,112,17,112,95,78,112,95,78,112
1,112,19,112,93,74,112,93,74,112
1,113,2,113,111,109,113,111,109,113
1,113,3,113,110,107,113,110,107,113
1,113,5,113,108,103,113,108,103,113
1,113,7,113,106,99,113,106,99,113
1,113,11,113,102,91,113,102,91,113
1,113,13,113,100,87,113,100,87,113
1,113,17,113,96,79,113,96,79,113
1,113,19,113,94,75,113,94,75,113
1,114,2,114,112,110,114,112,110,114
1,114,3,114,111,108,114,111,108,114
1,114,5,114,109,104,114,109,104,114
1,114,7,114,107,100,114,107,100,114
1,114,11,114,103,92,114,103,92,114
1,114,13,114,101,88,114,101,88,114
1,114,17,114,97,80,114,97,80,114
1,114,19,114,95,76,114,95,76,114
1,115,2,115,113,111,115,113,111,115
1,115,3,115,112,109,115,112,109,115
1,115,5,115,110,105,115,110,105,115
1,115,7,115,108,101,115,108,101,115
1,115,11,115,104,93,115,104,93,115
1,115,13,115,102,89,115,102,89,115
1,115,17,115,98,81,115,98,81,115
1,115,19,115,96,77,115,96,77,115
1,116,2,116,114,112,116,114,112,116
1,116,3,116,113,110,116,113,110,116
1,116,5,116,111,106,116,111,106,116
1,116,7,116,109,102,116,109,102,116
1,116,11,116,105,94,116,105,94,116
1,116,13,116,103,90,116,103,90,116
1,116,17,116,99,82,116,99,82,116
1,116,19,116,97,78,116,97,78,116
1,117,2,117,115,113,117,115,113,117
1,117,3,117,114,111,117,114,111,117
1,117,5,117,112,107,117,112,107,117
1,117,7,117,110,103,117,110,103,117
1,117,11,117,106,95,117,106,95,117
1,117,13,117,104,91,117,104,91,117
1,117,17,117,100,83,117,100,83,117
1,117,19,117,98,79,117,98,79,117
1,118,2,118,116,114,118,116,114,118
1,118,3,118,115,112,118,115,112,118
1,118,5,118,113,108,118,113,108,118
1,118,7,118,111,104,118,111,104,118
1,118,11,118,107,96,118,107,96,118
1,118,13,118,105,92,118,105,92,118
1,118,17,118,101,84,118,101,84,118
1,118,19,118,99,80,118,99,80,118
1,119,2,119,117,115,119,117,115,119
1,119,3,119,116,113,119,116,113,119
1,119,5,119,114,109,119,114,109,119
1,119,7,119,112,105,119,112,105,119
1,119,11,119,108,97,119,108,97,119
1,119,13,119,106,93,119,106,93,119
1,119,17,119,102,85,119,102,85,119
1,119,19,119,100,81,119,100,81,119
1,120,2,120,118,116,120,118,116,120
1,120,3,120,117,114,120,117,114,120
1,120,5,120,115,110,120,115,110,120
1,120,7,120,113,106,120,113,106,120
1,120,11,120,109,98,120,109,98,120
1,120,13,120,107,94,120,107,94,120
1,120,17,120,103,86,120,103,86,120
1,120,19,120,101,82,120,101,82,120
1,121,2,121,119,117,121,119,117,121
1,121,3,121,118,115,121,118,115,121
1,121,5,121,116,111,121,116,111,121
1,121,7,121,114,107,121,114,107,121
1,121,11,121,110,99,121,110,99,121
1,121,13,121,108,95,121,108,95,121
1,121,17,121,104,87,121,104,87,121
1,121,19,121,102,83,121,102,83,121
1,122,2,122,120,118,122,120,118,122
1,122,3,122,119,116,122,119,116,122
1,122,5,122,117,112,122,117,112,122
1,122,7,122,115,108,122,115,108,122
1,122,11,122,111,100,122,111,100,122
1,122,13,122,109,96,122,109,96,122
1,122,17,122,105,88,122,105,88,122
1,122,19,122,103,84,122,103,84,122
1,123,2,123,121,119,123,121,119,123
1,123,3,123,120,117,123,120,117,123
1,123,5,123,118,113,123,118,113,123
1,123,7,123,116,109,123,116,109,123
1,123,11,123,112,101,123,112,101,123
1,123,13,123,110,97,123,110,97,123
1,123,17,123,106,89,123,106,89,123
1,123,19,123,104,85,123,104,85,123
1,124,2,124,122,120,124,122,120,124
1,124,3,124,121,118,124,121,118,124
1,124,5,124,119,114,124,119,114,124
1,124,7,124,117,110,124,117,110,124
1,124,11,124,113,102,124,113,102,124
1,124,13,124,111,98,124,111,98,124
1,124,17,124,107,90,124,107,90,124
1,124,19,124,105,86,124,105,86,124
1,125,2,125,123,121,125,123,121,125
1,125,3,125,122,119,125,122,119,125
1,125,5,125,120,115,125,120,115,125
1,125,7,125,118,111,125,118,111,125
1,125,11,125,114,103,125,114,103,125
1,125,13,125,112,99,125,112,99,125
1,125,17,125,108,91,125,108,91,125
1,125,19,125,106,87,125,106,87,125
1,126,2,126,124,122,126,124,122,126
1,126,3,126,123,120,126,123,120,126
1,126,5,126,121,116,126,121,116,126
1,126,7,126,119,112,126,119,112,126
1,126,11,126,115,104,126,115,104,126
1,126,13,126,113,100,126,113,100,126
1,126,17,126,109,92,126,109,92,126
1,126,19,126,107,88,126,107,88,126
1,127,2,127,125,123,127,125,123,127
1,127,3,127,124,121,127,124,121,127
1,127,5,127,122,117,127,122,117,127
1,127,7,127,120,113,127,120,113,127
1,127,11,127,116,105,127,116,105,127
1,127,13,127,114,101,127,114,101,127
1,127,17,127,110,93,127,110,93,127
1,127,19,127,108,89,127,108,89,127
1,128,2,128,126,124,128,126,124,128
1,128,3,128,125,122,128,125,122,128
1,128,5,128,123,118,128,123,118,128
1,128,7,128,121,114,128,121,114,128
1,128,11,128,117,106,128,117,106,128
1,128,13,128,115,102,128,115,102,128
1,128,17,128,111,94,128,111,94,128
1,128,19,128,109,90,128,109,90,128
1,129,2,129,127,125,129,127,125,129
1,129,3,129,126,123,129,126,123,129
1,129,5,129,124,119,129,124,119,129
1,129,7,129,122,115,129,122,115,129
1,129,11,129,118,107,129,118,107,129
1,129,13,129,116,103,129,116,103,129
1,129,17,129,112,95,129,112,95,129
1,129,19,129,110,91,129,110,91,129
1,130,2,130,128,126,130,128,126,130
1,130,3,130,127,124,130,127,124,130
1,130,5,130,125,120,130,125,120,130
1,130,7,130,123,116,130,123,116,130
1,130,11,130,119,108,130,119,108,130
1,130,13,130,117,104,130,117,104,130
1,130,17,130,113,96,130,113,96,130
1,130,19,130,111,92,130,111,92,130
1,131,2,131,129,127,131,129,127,131
1,131,3,131,128,125,131,128,125,131
1,131,5,131,126,121,131,126,121,131
1,131,7,131,124,117,131,124,117,131
1,131,11,131,120,109,131,120,109,131
1,131,13,131,118,105,131,118,105,131
1,131,17,131,114,97,131,114,97,131
1,131,19,131,112,93,131,112,93,131
1,132,2,132,130,128,132,130,128,132
1,132,3,132,129,126,132,129,126,132
1,132,5,132,127,122,132,127,122,132
1,132,7,132,125,118,132,125,118,132
1,132,11,132,121,110,132,121,110,132
1,132,13,132,119,106,132,119,106,132
1,132,17,132,115,98,132,115,98,132
1,132,19,132,113,94,132,113,94,132
1,133,2,133,131,129,133,131,129,133
1,133,3,133,130,127,133,130,127,133
1,133,5,133,128,123,133,128,123,133
1,133,7,133,126,119,133,126,119,133
1,133,11,133,122,111,133,122,111,133
1,133,13,133,120,107,133,120,107,133
1,133,17,133,116,99,133,116,99,133
1,133,19,133,114,95,133,114,95,133
1,134,2,134,132,130,134,132,130,134
1,134,3,134,131,128,134,131,128,134
1,134,5,134,129,124,134,129,124,134
1,134,7,134,127,120,134,127,120,134
1,134,11,134,123,112,134,123,112,134
1,134,13,134,121,108,134,121,108,134
1,134,17,134,117,100,134,117,100,134
1,134,19,134,115,96,134,115,96,134
1,135,2,135,133,131,135,133,131,135
1,135,3,135,132,129,135,132,129,135
1,135,5,135,130,125,135,130,125,135
1,135,7,135,128,121,135,128,121,135
1,135,11,135,124,113,135,124,113,135
1,135,13,135,122,109,135,122,109,135
1,135,17,135,118,101,135,118,101,135
1,135,19,135,116,97,135,116,97,135
1,136,2,136,134,132,136,134,132,136
1,136,3,136,133,130,136,133,130,136
1,136,5,136,131,126,136,131,126,136
1,136,7,136,129,122,136,129,122,136
1,136,11,136,125,114,136,125,114,136
1,136,13,136,123,110,136,123,110,136
1,136,17,136,119,102,136,119,102,136
1,136,19,136,117,98,136,117,98,136
1,137,2,137,135,133,137,135,133,137
1,137,3,137,134,131,137,134,131,137
1,137,5,137,132,127,137,132,127,137
1,137,7,137,130,123,137,130,123,137
1,137,11,137,126,115,137,126,115,137
1,137,13,137,124,111,137,124,111,137
1,137,17,137,120,103,137,120,103,137
1,137,19,137,118,99,137,118,99,137
1,138,2,138,136,134,138,136,134,138
1,138,3,138,135,132,138,135,132,138
1,138,5,138,133,128,138,133,128,138
1,138,7,138,131,124,138,131,124,138
1,138,11,138,127,116,138,127,116,138
1,138,13,138,125,112,138,125,112,138
1,138,17,138,121,104,138,121,104,138
1,138,19,138,119,100,138,119,100,138
1,139,2,139,137,135,139,137,135,139
1,139,3,139,136,133,139,136,133,139
1,139,5,139,134,129,139,134,129,139
1,139,7,139,132,125,139,132,125,139
1,139,11,139,128,117,139,128,117,139
1,139,13,139,126,113,139,126,113,139
1,139,17,139,122,105,139,122,105,139
1,139,19,139,120,101,139,120,101,139
1,140,2,140,138,136,140,138,136,140
1,140,3,140,137,134,140,137,134,140
1,140,5,140,135,130,140,135,130,140
1,140,7,140,133,126,140,133,126,140
1,140,11,140,129,118,140,129,118,140
1,140,13,140,127,114,140,127,114,140
1,140,17,140,123,106,140,123,106,140
1,140,19,140,121,102,140,121,102,140
1,141,2,141,139,137,141,139,137,141
1,141,3,141,138,135,141,138,135,141
1,141,5,141,136,131,141,136,131,141
1,141,7,141,134,127,141,134,127,141
1,141,11,141,130,119,141,130,119,141
1,141,13,141,128,115,141,128,115,141
1,141,17,141,124,107,141,124,107,141
1,141,19,141,122,103,141,122,103,141
1,142,2,142,140,138,142,140,138,142
1,142,3,142,139,136,142,139,136,142
1,142,5,142,137,132,142,137,132,142
1,142,7,142,135,128,142,135,128,142
1,142,11,142,131,120,142,131,120,142
1,142,13,142,129,116,142,129,116,142
1,142,17,142,125,108,142,125,108,142
1,142,19,142,123,104,142,123,104,142
1,143,2,143,141,139,143,141,139,143
1,143,3,143,140,137,143,140,137,143
1,143,5,143,138,133,143,138,133,143
1,143,7,143,136,129,143,136,129,143
1,143,11,143,132,121,143,132,121,143
1,143,13,143,130,117,143,130,117,143
1,143,17,143,126,109,143,126,109,143
1,143,19,143,124,105,143,124,105,143
1,144,2,144,142,140,144,142,140,144
1,144,3,144,141,138,144,141,138,144
1,144,5,144,139,134,144,139,134,144
1,144,7,144,137,130,144,137,130,144
1,144,11,144,133,122,144,133,122,144
1,144,13,144,131,118,144,131,118,144
1,144,17,144,127,110,144,127,110,144
1,144,19,144,125,106,144,125,106,144
1,145,2,145,143,141,145,143,141,145
1,145,3,145,142,139,145,142,139,145
1,145,5,145,140,135,145,140,135,145
1,145,7,145,138,131,145,138,131,145
1,145,11,145,134,123,145,134,123,145
1,145,13,145,132,119,145,132,119,145
1,145,17,145,128,111,145,128,111,145
1,145,19,145,126,107,145,126,107,145
1,146,2,146,144,142,146,144,142,146
1,146,3,146,143,140,146,143,140,146
1,146,5,146,141,136,146,141,136,146
1,146,7,146,139,132,146,139,132,146
1,146,11,146,135,124,146,135,124,146
1,146,13,146,133,120,146,133,120,146
1,146,17,146,129,112,146,129,112,146
1,146,19,146,127,108,146,127,108,146
1,147,2,147,145,143,147,145,143,147
1,147,3,147,144,141,147,144,141,147
1,147,5,147,142,137,147,142,137,147
1,147,7,147,140,133,147,140,133,147
1,147,11,147,136,125,147,136,125,147
1,147,13,147,134,121,147,134,121,147
1,147,17,147,130,113,147,130,113,147
1,147,19,147,128,109,147,128,109,147
1,148,2,148,146,144,148,146,144,148
1,148,3,148,145,142,148,145,142,148
1,148,5,148,143,138,148,143,138,148
1,148,7,148,141,134,148,141,134,148
1,148,11,148,137,126,148,137,126,148
1,148,13,148,135,122,148,135,122,148
1,148,17,148,131,114,148,131,114,148
1,148,19,148,129,110,148,129,110,148
1,149,2,149,147,145,149,147,145,149
1,149,3,149,146,143,149,146,143,149
1,149,5,149,144,139,149,144,139,149
1,149,7,149,142,135,149,142,135,149
1,149,11,149,138,127,149,138,127,149
1,149,13,149,136,123,149,136,123,149
1,149,17,149,132,115,149,132,115,149
1,149,19,149,130,111,149,130,111,149
1,150,2,150,148,146,150,148,146,150
1,150,3,150,147,144,150,147,144,150
1,150,5,150,145,140,150,145,140,150
1,150,7,150,143,136,150,143,136,150
1,150,11,150,139,128,150,139,128,150
1,150,13,150,137,124,150,137,124,150
1,150,17,150,133,116,150,133,116,150
1,150,19,150,131,112,150,131,112,150
1,151,2,151,149,147,151,149,147,151
1,151,3,151,148,145,151,148,145,151
1,151,5,151,146,141,151,146,141,151
1,151,7,151,144,137,151,144,137,151
1,151,11,151,140,129,151,140,129,151
1,151,13,151,138,125,151,138,125,151
1,151,17,151,134,117,151,134,117,151
1,151,19,151,132,113,151,132,113,151
1,152,2,152,150,148,152,150,148,152
1,152,3,152,149,146,152,149,146,152
1,152,5,152,147,142,152,147,142,152
1,152,7,152,145,138,152,145,138,152
1,152,11,152,141,130,152,141,130,152
1,152,13,152,139,126,152,139,126,152
1,152,17,152,135,118,152,135,118,152
1,152,19,152,133,114,152,133,114,152
1,153,2,153,151,149,153,151,149,153
1,153,3,153,150,147,153,150,147,153
1,153,5,153,148,143,153,148,143,153
1,153,7,153,146,139,153,146,139,153
1,153,11,153,142,131,153,142,131,153
1,153,13,153,140,127,153,140,127,153
1,153,17,153,136,119,153,136,119,153
1,153,19,153,134,115,153,134,115,153
1,154,2,154,152,150,154,152,150,154
1,154,3,154,151,148,154,151,148,154
1,154,5,154,149,144,154,149,144,154
1,154,7,154,147,140,154,147,140,154
1,154,11,154,143,132,154,143,132,154
1,154,13,154,141,128,154,141,128,154
1,154,17,154,137,120,154,137,120,154
1,154,19,154,135,116,154,135,116,154
1,155,2,155,153,151,155,153,151,155
1,155,3,155,152,149,155,152,149,155
1,155,5,155,150,145,155,150,145,155
1,155,7,155,148,141,155,148,141,155
1,155,11,155,144,133,155,144,133,155
1,155,13,155,142,129,155,142,129,155
1,155,17,155,138,121,155,138,121,155
1,155,19,155,136,117,155,136,117,155
1,156,2,156,154,152,156,154,152,156
1,156,3,156,153,150,156,153,150,156
1,156,5,156,151,146,156,151,146,156
1,156,7,156,149,142,156,149,142,156
1,156,11,156,145,134,156,145,134,156
1,156,13,156,143,130,156,143,130,156
1,156,17,156,139,122,156,139,122,156
1,156,19,156,137,118,156,137,118,156
1,157,2,157,155,153,157,155,153,157
1,157,3,157,154,151,157,154,151,157
1,157,5,157,152,147,157,152,147,157
1,157,7,157,150,143,157,150,143,157
1,157,11,157,146,135,157,146,135,157
1,157,13,157,144,131,157,144,131,157
1,157,17,157,140,123,157,140,123,157
1,157,19,157,138,119,157,138,119,157
1,158,2,158,156,154,158,156,154,158
1,158,3,158,155,152,158,155,152,158
1,158,5,158,153,148,158,153,148,158
1,158,7,158,151,144,158,151,144,158
1,158,11,158,147,136,158,147,136,158
1,158,13,158,145,132,158,145,132,158
1,158,17,158,141,124,158,141,124,158
1,158,19,158,139,120,158,139,120,158
1,159,2,159,157,155,159,157,155,159
1,159,3,159,156,153,159,156,153,159
1,159,5,159,154,149,159,154,149,159
1,159,7,159,152,145,159,152,145,159
1,159,11,159,148,137,159,148,137,159
1,159,13,159,146,133,159,146,133,159
1,159,17,159,142,125,159,142,125,159
1,159,19,159,140,121,159,140,121,159
1,160,2,160,158,156,160,158,156,160
1,160,3,160,157,154,160,157,154,160
1,160,5,160,155,150,160,155,150,160
1,160,7,160,153,146,160,153,146,160
1,160,11,160,149,138,160,149,138,160
1,160,13,160,147,134,160,147,134,160
1,160,17,160,143,126,160,143,126,160
1,160,19,160,141,122,160,141,122,160
1,161,2,161,159,157,161,159,157,161
1,161,3,161,158,155,161,158,155,161
1,161,5,161,156,151,161,156,151,161
1,161,7,161,154,147,161,154,147,161
1,161,11,161,150,139,161,150,139,161
1,161,13,161,148,135,161,148,135,161
1,161,17,161,144,127,161,144,127,161
1,161,19,161,142,123,161,142,123,161
1,162,2,162,160,158,162,160,158,162
1,162,3,162,159,156,162,159,156,162
1,162,5,162,157,152,162,157,152,162
1,162,7,162,155,148,162,155,148,162
1,162,11,162,151,140,162,151,140,162
1,162,13,162,149,136,162,149,136,162
1,162,17,162,145,128,162,145,128,162
1,162,19,162,143,124,162,143,124,162
1,163,2,163,161,159,163,161,159,163
1,163,3,163,160,157,163,160,157,163
1,163,5,163,158,153,163,158,153,163
1,163,7,163,156,149,163,156,149,163
1,163,11,163,152,141,163,152,141,163
1,163,13,163,150,137,163,150,137,163
1,163,17,163,146,129,163,146,129,163
1,163,19,163,144,125,163,144,125,163
1,164,2,164,162,160,164,162,160,164
1,164,3,164,161,158,164,161,158,164
1,164,5,164,159,154,164,159,154,164
1,164,7,164,157,150,164,157,150,164
1,164,11,164,153,142,164,153,142,164
1,164,13,164,151,138,164,151,138,164
1,164,17,164,147,130,164,147,130,164
1,164,19,164,145,126,164,145,126,164
1,165,2,165,163,161,165,163,161,165
1,165,3,165,162,159,165,162,159,165
1,165,5,165,160,155,165,160,155,165
1,165,7,165,158,151,165,158,151,165
1,165,11,165,154,143,165,154,143,165
1,165,13,165,152,139,165,152,139,165
1,165,17,165,148,131,165,148,131,165
1,165,19,165,146,127,165,146,127,165
1,166,2,166,164,162,166,164,162,166
1,166,3,166,163,160,166,163,160,166
1,166,5,166,161,156,166,161,156,166
1,166,7,166,159,152,166,159,152,166
1,166,11,166,155,144,166,155,144,166
1,166,13,166,153,140,166,153,140,166
1,166,17,166,149,132,166,149,132,166
1,166,19,166,147,128,166,147,128,166
1,167,2,167,165,163,167,165,163,167
1,167,3,167,164,161,167,164,161,167
1,167,5,167,162,157,167,162,157,167
1,167,7,167,160,153,167,160,153,167
1,167,11,167,156,145,167,156,145,167
1,167,13,167,154,141,167,154,141,167
1,167,17,167,150,133,167,150,133,167
1,167,19,167,148,129,167,148,129,167
1,168,2,168,166,164,168,166,164,168
1,168,3,168,165,162,168,165,162,168
1,168,5,168,163,158,168,163,158,168
1,168,7,168,161,154,168,161,154,168
1,168,11,168,157,146,168,157,146,168
1,168,13,168,155,142,168,155,142,168
1,168,17,168,151,134,168,151,134,168
1,168,19,168,149,130,168,149,130,168
1,169,2,169,167,165,169,167,165,169
1,169,3,169,166,163,169,166,163,169
1,169,5,169,164,159,169,164,159,169
1,169,7,169,162,155,169,162,155,169
1,169,11,169,158,147,169,158,147,169
1,169,13,169,156,143,169,156,143,169
1,169,17,169,152,135,169,152,135,169
1,169,19,169,150,131,169,150,131,169
1,170,2,170,168,166,170,168,166,170
1,170,3,170,167,164,170,167,164,170
1,170,5,170,165,160,170,165,160,170
1,170,7,170,163,156,170,163,156,170
1,170,11,170,159,148,170,159,148,170
1,170,13,170,157,144,170,157,144,170
1,170,17,170,153,136,170,153,136,170
1,170,19,170,151,132,170,151,132,170
1,171,2,171,169,167,171,169,167,171
1,171,3,171,168,165,171,168,165,171
1,171,5,171,166,161,171,166,161,171
1,171,7,171,164,157,171,164,157,171
1,171,11,171,160,149,171,160,149,171
1,171,13,171,158,145,171,158,145,171
1,171,17,171,154,137,171,154,137,171
1,171,19,171,152,133,171,152,133,171
1,172,2,172,170,168,172,170,168,172
1,172,3,172,169,166,172,169,166,172
1,172,5,172,167,162,172,167,162,172
1,172,7,172,165,158,172,165,158,172
1,172,11,172,161,150,172,161,150,172
1,172,13,172,159,146,172,159,146,172
1,172,17,172,155,138,172,155,138,172
1,172,19,172,153,134,172,153,134,172
1,173,2,173,171,169,173,171,169,173
1,173,3,173,170,167,173,170,167,173
1,173,5,173,168,163,173,168,163,173
1,173,7,173,166,159,173,166,159,173
1,173,11,173,162,151,173,162,151,173
1,173,13,173,160,147,173,160,147,173
1,173,17,173,156,139,173,156,139,173
1,173,19,173,154,135,173,154,135,173
1,174,2,174,172,170,174,172,170,174
1,174,3,174,171,168,174,171,168,174
1,174,5,174,169,164,174,169,164,174
1,174,7,174,167,160,174,167,160,174
1,174,11,174,163,152,174,163,152,174
1,174,13,174,161,148,174,161,148,174
1,174,17,174,157,140,174,157,140,174
1,174,19,174,155,136,174,155,136,174
1,175,2,175,173,171,175,173,171,175
1,175,3,175,172,169,175,172,169,175
1,175,5,175,170,165,175,170,165,175
1,175,7,175,168,161,175,168,161,175
1,175,11,175,164,153,175,164,153,175
1,175,13,175,162,149,175,162,149,175
1,175,17,175,158,141,175,158,141,175
1,175,19,175,156,137,175,156,137,175
1,176,2,176,174,172,176,174,172,176
1,176,3,176,173,170,176,173,170,176
1,176,5,176,171,166,176,171,166,176
1,176,7,176,169,162,176,169,162,176
1,176,11,176,165,154,176,165,154,176
1,176,13,176,163,150,176,163,150,176
1,176,17,176,159,142,176,159,142,176
1,176,19,176,157,138,176,157,138,176
1,177,2,177,175,173,177,175,173,177
1,177,3,177,174,171,177,174,171,177
1,177,5,177,172,167,177,172,167,177
1,177,7,177,170,163,177,170,163,177
1,177,11,177,166,155,177,166,155,177
1,177,13,177,164,151,177,164,151,177
1,177,17,177,160,143,177,160,143,177
1,177,19,177,158,139,177,158,139,177
1,178,2,178,176,174,178,176,174,178
1,178,3,178,175,172,178,175,172,178
1,178,5,178,173,168,178,173,168,178
1,178,7,178,171,164,178,171,164,178
1,178,11,178,167,156,178,167,156,178
1,178,13,178,165,152,178,165,152,178
1,178,17,178,161,144,178,161,144,178
1,178,19,178,159,140,178,159,140,178
1,179,2,179,177,175,179,177,175,179
1,179,3,179,176,173,179,176,173,179
1,179,5,179,174,169,179,174,169,179
1,179,7,179,172,165,179,172,165,179
1,179,11,179,168,157,179,168,157,179
1,179,13,179,166,153,179,166,153,179
1,179,17,179,162,145,179,162,145,179
1,179,19,179,160,141,179,160,141,179
1,180,2,180,178,176,180,178,176,180
1,180,3,180,177,174,180,177,174,180
1,180,5,180,175,170,180,175,170,180
1,180,7,180,173,166,180,173,166,180
1,180,11,180,169,158,180,169,158,180
1,180,13,180,167,154,180,167,154,180
1,180,17,180,163,146,180,163,146,180
1,180,19,180,161,142,180,161,142,180
1,181,2,181,179,177,181,179,177,181
1,181,3,181,178,175,181,178,175,181
1,181,5,181,176,171,181,176,171,181
1,181,7,181,174,167,181,174,167,181
1,181,11,181,170,159,181,170,159,181
1,181,13,181,168,155,181,168,155,181
1,181,17,181,164,147,181,164,147,181
1,181,19,181,162,143,181,162,143,181
1,182,2,182,180,178,182,180,178,182
1,182,3,182,179,176,182,179,176,182
1,182,5,182,177,172,182,177,172,182
1,182,7,182,175,168,182,175,168,182
1,182,11,182,171,160,182,171,160,182
1,182,13,182,169,156,182,169,156,182
1,182,17,182,165,148,182,165,148,182
1,182,19,182,163,144,182,163,144,182
1,183,2,183,181,179,183,181,179,183
1,183,3,183,180,177,183,180,177,183
1,183,5,183,178,173,183,178,173,183
1,183,7,183,176,169,183,176,169,183
1,183,11,183,172,161,183,172,161,183
1,183,13,183,170,157,183,170,157,183
1,183,17,183,166,149,183,166,149,183
1,183,19,183,164,145,183,164,145,183
1,184,2,184,182,180,184,182,180,184
1,184,3,184,181,178,184,181,178,184
1,184,5,184,179,174,184,179,174,184
1,184,7,184,177,170,184,177,170,184
1,184,11,184,173,162,184,173,162,184
1,184,13,184,171,158,184,171,158,184
1,184,17,184,167,150,184,167,150,184
1,184,19,184,165,146,184,165,146,184
1,185,2,185,183,181,185,183,181,185
1,185,3,185,182,179,185,182,179,185
1,185,5,185,180,175,185,180,175,185
1,185,7,185,178,171,185,178,171,185
1,185,11,185,174,163,185,174,163,185
1,185,13,185,172,159,185,172,159,185
1,185,17,185,168,151,185,168,151,185
1,185,19,185,166,147,185,166,147,185
1,186,2,186,184,182,186,184,182,186
1,186,3,186,183,180,186,183,180,186
1,186,5,186,181,176,186,181,176,186
1,186,7,186,179,172,186,179,172,186
1,186,11,186,175,164,186,175,164,186
1,186,13,186,173,160,186,173,160,186
1,186,17,186,169,152,186,169,152,186
1,186,19,186,167,148,186,167,148,186
1,187,2,187,185,183,187,185,183,187
1,187,3,187,184,181,187,184,181,187
1,187,5,187,182,177,187,182,177,187
1,187,7,187,180,173,187,180,173,187
1,187,11,187,176,165,187,176,165,187
1,187,13,187,174,161,187,174,161,187
1,187,17,187,170,153,187,170,153,187
1,187,19,187,168,149,187,168,149,187
1,188,2,188,186,184,188,186,184,188
1,188,3,188,185,182,188,185,182,188
1,188,5,188,183,178,188,183,178,188
1,188,7,188,181,174,188,181,174,188
1,188,11,188,177,166,188,177,166,188
1,188,13,188,175,162,188,175,162,188
1,188,17,188,171,154,188,171,154,188
1,188,19,188,169,150,188,169,150,188
1,189,2,189,187,185,189,187,185,189
1,189,3,189,186,183,189,186,183,189
1,189,5,189,184,179,189,184,179,189
1,189,7,189,182,175,189,182,175,189
1,189,11,189,178,167,189,178,167,189
1,189,13,189,176,163,189,176,163,189
1,189,17,189,172,155,189,172,155,189
1,189,19,189,170,151,189,170,151,189
1,190,2,190,188,186,190,188,186,190
1,190,3,190,187,184,190,187,184,190
1,190,5,190,185,180,190,185,180,190
1,190,7,190,183,176,190,183,176,190
1,190,11,190,179,168,190,179,168,190
1,190,13,190,177,164,190,177,164,190
1,190,17,190,173,156,190,173,156,190
1,190,19,190,171,152,190,171,152,190
1,191,2,191,189,187,191,189,187,191
1,191,3,191,188,185,191,188,185,191
1,191,5,191,186,181,191,186,181,191
1,191,7,191,184,177,191,184,177,191
1,191,11,191,180,169,191,180,169,191
1,191,13,191,178,165,191,178,165,191
1,191,17,191,174,157,191,174,157,191
1,191,19,191,172,153,191,172,153,191
1,192,2,192,190,188,192,190,188,192
1,192,3,192,189,186,192,189,186,192
1,192,5,192,187,182,192,187,182,192
1,192,7,192,185,178,192,185,178,192
1,192,11,192,181,170,192,181,170,192
1,192,13,192,179,166,192,179,166,192
1,192,17,192,175,158,192,175,158,192
1,192,19,192,173,154,192,173,154,192
1,193,2,193,191,189,193,191,189,193
1,193,3,193,190,187,193,190,187,193
1,193,5,193,188,183,193,188,183,193
1,193,7,193,186,179,193,186,179,193
1,193,11,193,182,171,193,182,171,193
1,193,13,193,180,167,193,180,167,193
1,193,17,193,176,159,193,176,159,193
1,193,19,193,174,155,193,174,155,193
1,194,2,194,192,190,194,192,190,194
1,194,3,194,191,188,194,191,188,194
1,194,5,194,189,184,194,189,184,194
1,194,7,194,187,180,194,187,180,194
1,194,11,194,183,172,194,183,172,194
1,194,13,194,181,168,194,181,168,194
1,194,17,194,177,160,194,177,160,194
1,194,19,194,175,156,194,175,156,194
1,195,2,195,193,191,195,193,191,195
1,195,3,195,192,189,195,192,189,195
1,195,5,195,190,185,195,190,185,195
1,195,7,195,188,181,195,188,181,195
1,195,11,195,184,173,195,184,173,195
1,195,13,195,182,169,195,182,169,195
1,195,17,195,178,161,195,178,161,195
1,195,19,195,176,157,195,176,157,195
1,196,2,196,194,192,196,194,192,196
1,196,3,196,193,190,196,193,190,196
1,196,5,196,191,186,196,191,186,196
1,196,7,196,189,182,196,189,182,196
1,196,11,196,185,174,196,185,174,196
1,196,13,196,183,170,196,183,170,196
1,196,17,196,179,162,196,179,162,196
1,196,19,196,177,158,196,177,158,196
1,197,2,197,195,193,197,195,193,197
1,197,3,197,194,191,197,194,191,197
1,197,5,197,192,187,197,192,187,197
1,197,7,197,190,183,197,190,183,197
1,197,11,197,186,175,197,186,175,197
1,197,13,197,184,171,197,184,171,197
1,197,17,197,180,163,197,180,163,197
1,197,19,197,178,159,197,178,159,197
1,198,2,198,196,194,198,196,194,198
1,198,3,198,195,192,198,195,192,198
1,198,5,198,193,188,198,193,188,198
1,198,7,198,191,184,198,191,184,198
1,198,11,198,187,176,198,187,176,198
1,198,13,198,185,172,198,185,172,198
1,198,17,198,181,164,198,181,164,198
1,198,19,198,179,160,198,179,160,198
1,199,2,199,197,195,199,197,195,199
1,199,3,199,196,193,199,196,193,199
1,199,5,199,194,189,199,194,189,199
1,199,7,199,192,185,199,192,185,199
1,199,11,199,188,177,199,188,177,199
1,199,13,199,186,173,199,186,173,199
1,199,17,199,182,165,199,182,165,199
1,199,19,199,180,161,199,180,161,199
1,200,2,200,198,196,200,198,196,200
1,200,3,200,197,194,200,197,194,200
1,200,5,200,195,190,200,195,190,200
1,200,7,200,193,186,200,193,186,200
1,200,11,200,189,178,200,189,178,200
1,200,13,200,187,174,200,187,174,200
1,200,17,200,183,166,200,183,166,200
1,200,19,200,181,162,200,181,162,200
1,201,2,201,199,197,201,199,197,201
1,201,3,201,198,195,201,198,195,201
1,201,5,201,196,191,201,196,191,201
1,201,7,201,194,187,201,194,187,201
1,201,11,201,190,179,201,190,179,201
1,201,13,201,188,175,201,188,175,201
1,201,17,201,184,167,201,184,167,201
1,201,19,201,182,163,201,182,163,201
1,202,2,202,200,198,202,200,198,202
1,202,3,202,199,196,202,199,196,202
1,202,5,202,197,192,202,197,192,202
1,202,7,202,195,188,202,195,188,202
1,202,11,202,191,180,202,191,180,202
1,202,13,202,189,176,202,189,176,202
1,202,17,202,185,168,202,185,168,202
1,202,19,202,183,164,202,183,164,202
1,203,2,203,201,199,203,201,199,203
1,203,3,203,200,197,203,200,197,203
1,203,5,203,198,193,203,198,193,203
1,203,7,203,196,189,203,196,189,203
1,203,11,203,192,181,203,192,181,203
1,203,13,203,190,177,203,190,177,203
1,203,17,203,186,169,203,186,169,203
1,203,19,203,184,165,203,184,165,203
1,204,2,204,202,200,204,202,200,204
1,204,3,204,201,198,204,201,198,204
1,204,5,204,199,194,204,199,194,204
1,204,7,204,197,190,204,197,190,204
1,204,11,204,193,182,204,193,182,204
1,204,13,204,191,178,204,191,178,204
1,204,17,204,187,170,204,187,170,204
1,204,19,204,185,166,204,185,166,204
1,205,2,205,203,201,205,203,201,205
1,205,3,205,202,199,205,202,199,205
1,205,5,205,200,195,205,200,195,205
1,205,7,205,198,191,205,198,191,205
1,205,11,205,194,183,205,194,183,205
1,205,13,205,192,179,205,192,179,205
1,205,17,205,188,171,205,188,171,205
1,205,19,205,186,167,205,186,167,205
1,206,2,206,204,202,206,204,202,206
1,206,3,206,203,200,206,203,200,206
1,206,5,206,201,196,206,201,196,206
1,206,7,206,199,192,206,199,192,206
1,206,11,206,195,184,206,195,184,206
1,206,13,206,193,180,206,193,180,206
1,206,17,206,189,172,206,189,172,206
1,206,19,206,187,168,206,187,168,206
1,207,2,207,205,203,207,205,203,207
1,207,3,207,204,201,207,204,201,207
1,207,5,207,202,197,207,202,197,207
1,207,7,207,200,193,207,200,193,207
1,207,11,207,196,185,207,196,185,207
1,207,13,207,194,181,207,194,181,207
1,207,17,207,190,173,207,190,173,207
1,207,19,207,188,169,207,188,169,207
1,208,2,208,206,204,208,206,204,208
1,208,3,208,205,202,208,205,202,208
1,208,5,208,203,198,208,203,198,208
1,208,7,208,201,194,208,201,194,208
1,208,11,208,197,186,208,197,186,208
1,208,13,208,195,182,208,195,182,208
1,208,17,208,191,174,208,191,174,208
1,208,19,208,189,170,208,189,170,208
1,209,2,209,207,205,209,207,205,209
1,209,3,209,206,203,209,206,203,209
1,209,5,209,204,199,209,204,199,209
1,209,7,209,202,195,209,202,195,209
1,209,11,209,198,187,209,198,187,209
1,209,13,209,196,183,209,196,183,209
1,209,17,209,192,175,209,192,175,209
1,209,19,209,190,171,209,190,171,209
1,210,2,210,208,206,210,208,206,210
1,210,3,210,207,204,210,207,204,210
1,210,5,210,205,200,210,205,200,210
1,210,7,210,203,196,210,203,196,210
1,210,11,210,199,188,210,199,188,210
1,210,13,210,197,184,210,197,184,210
1,210,17,210,193,176,210,193,176,210
1,210,19,210,191,172,210,191,172,210
1,211,2,211,209,207,211,209,207,211
1,211,3,211,208,205,211,208,205,211
1,211,5,211,206,201,211,206,201,211
1,211,7,211,204,197,211,204,197,211
1,211,11,211,200,189,211,200,189,211
1,211,13,211,198,185,211,198,185,211
1,211,17,211,194,177,211,194,177,211
1,211,19,211,192,173,211,192,173,211
1,212,2,212,210,208,212,210,208,212
1,212,3,212,209,206,212,209,206,212
1,212,5,212,207,202,212,207,202,212
1,212,7,212,205,198,212,205,198,212
1,212,11,212,201,190,212,201,190,212
1,212,13,212,199,186,212,199,186,212
1,212,17,212,195,178,212,195,178,212
1,212,19,212,193,174,212,193,174,212
1,213,2,213,211,209,213,211,209,213
1,213,3,213,210,207,213,210,207,213
1,213,5,213,208,203,213,208,203,213
1,213,7,213,206,199,213,206,199,213
1,213,11,213,202,191,213,202,191,213
1,213,13,213,200,187,213,200,187,213
1,213,17,213,196,179,213,196,179,213
1,213,19,213,194,175,213,194,175,213
1,214,2,214,212,210,214,212,210,214
1,214,3,214,211,208,214,211,208,214
1,214,5,214,209,204,214,209,204,214
1,214,7,214,207,200,214,207,200,214
1,214,11,214,203,192,214,203,192,214
1,214,13,214,201,188,214,201,188,214
1,214,17,214,197,180,214,197,180,214
1,214,19,214,195,176,214,195,176,214
1,215,2,215,213,211,215,213,211,215
1,215,3,215,212,209,215,212,209,215
1,215,5,215,210,205,215,210,205,215
1,215,7,215,208,201,215,208,201,215
1,215,11,215,204,193,215,204,193,215
1,215,13,215,202,189,215,202,189,215
1,215,17,215,198,181,215,198,181,215
1,215,19,215,196,177,215,196,177,215
1,216,2,216,214,212,216,214,212,216
1,216,3,216,213,210,216,213,210,216
1,216,5,216,211,206,216,211,206,216
1,216,7,216,209,202,216,209,202,216
1,216,11,216,205,194,216,205,194,216
1,216,13,216,203,190,216,203,190,216
1,216,17,216,199,182,216,199,182,216
1,216,19,216,197,178,216,197,178,216
1,217,2,217,215,213,217,215,213,217
1,217,3,217,214,211,217,214,211,217
1,217,5,217,212,207,217,212,207,217
1,217,7,217,210,203,217,210,203,217
1,217,11,217,206,195,217,206,195,217
1,217,13,217,204,191,217,204,191,217
1,217,17,217,200,183,217,200,183,217
1,217,19,217,198,179,217,198,179,217
1,218,2,218,216,214,218,216,214,218
1,218,3,218,215,212,218,215,212,218
1,218,5,218,213,208,218,213,208,218
1,218,7,218,211,204,218,211,204,218
1,218,11,218,207,196,218,207,196,218
1,218,13,218,205,192,218,205,192,218
1,218,17,218,201,184,218,201,184,218
1,218,19,218,199,180,218,199,180,218
1,219,2,219,217,215,219,217,215,219
1,219,3,219,216,213,219,216,213,219
1,219,5,219,214,209,219,214,209,219
1,219,7,219,212,205,219,212,205,219
1,219,11,219,208,197,219,208,197,219
1,219,13,219,206,193,219,206,193,219
1,219,17,219,202,185,219,202,185,219
1,219,19,219,200,181,219,200,181,219
1,220,2,220,218,216,220,218,216,220
1,220,3,220,217,214,220,217,214,220
1,220,5,220,215,210,220,215,210,220
1,220,7,220,213,206,220,213,206,220
1,220,11,220,209,198,220,209,198,220
1,220,13,220,207,194,220,207,194,220
1,220,17,220,203,186,220,203,186,220
1,220,19,220,201,182,220,201,182,220
1,221,2,221,219,217,221,219,217,221
1,221,3,221,218,215,221,218,215,221
1,221,5,221,216,211,221,216,211,221
1,221,7,221,214,207,221,214,207,221
1,221,11,221,210,199,221,210,199,221
1,221,13,221,208,195,221,208,195,221
1,221,17,221,204,187,221,204,187,221
1,221,19,221,202,183,221,202,183,221
1,222,2,222,220,218,222,220,218,222
1,222,3,222,219,216,222,219,216,222
1,222,5,222,217,212,222,217,212,222
1,222,7,222,215,208,222,215,208,222
1,222,11,222,211,200,222,211,200,222
1,222,13,222,209,196,222,209,196,222
1,222,17,222,205,188,222,205,188,222
1,222,19,222,203,184,222,203,184,222
1,223,2,223,221,219,223,221,219,223
1,223,3,223,220,217,223,220,217,223
1,223,5,223,218,213,223,218,213,223
1,223,7,223,216,209,223,216,209,223
1,223,11,223,212,201,223,212,201,223
1,223,13,223,210,197,223,210,197,223
1,223,17,223,206,189,223,206,189,223
1,223,19,223,204,185,223,204,185,223
1,224,2,224,222,220,224,222,220,224
1,224,3,224,221,218,224,221,218,224
1,224,5,224,219,214,224,219,214,224
1,224,7,224,217,210,224,217,210,224
1,224,11,224,213,202,224,213,202,224
1,224,13,224,211,198,224,211,198,224
1,224,17,224,207,190,224,207,190,224
1,224,19,224,205,186,224,205,186,224
1,225,2,225,223,221,225,223,221,225
1,225,3,225,222,219,225,222,219,225
1,225,5,225,220,215,225,220,215,225
1,225,7,225,218,211,225,218,211,225
1,225,11,225,214,203,225,214,203,225
1,225,13,225,212,199,225,212,199,225
1,225,17,225,208,191,225,208,191,225
1,225,19,225,206,187,225,206,187,225
1,226,2,226,224,222,226,224,222,226
1,226,3,226,223,220,226,223,220,226
1,226,5,226,221,216,226,221,216,226
1,226,7,226,219,212,226,219,212,226
1,226,11,226,215,204,226,215,204,226
1,226,13,226,213,200,226,213,200,226
1,226,17,226,209,192,226,209,192,226
1,226,19,226,207,188,226,207,188,226
1,227,2,227,225,223,227,225,223,227
1,227,3,227,224,221,227,224,221,227
1,227,5,227,222,217,227,222,217,227
1,227,7,227,220,213,227,220,213,227
1,227,11,227,216,205,227,216,205,227
1,227,13,227,214,201,227,214,201,227
1,227,17,227,210,193,227,210,193,227
1,227,19,227,208,189,227,208,189,227
1,228,2,228,226,224,228,226,224,228
1,228,3,228,225,222,228,225,222,228
1,228,5,228,223,218,228,223,218,228
1,228,7,228,221,214,228,221,214,228
1,228,11,228,217,206,228,217,206,228
1,228,13,228,215,202,228,215,202,228
1,228,17,228,211,194,228,211,194,228
1,228,19,228,209,190,228,209,190,228
1,229,2,229,227,225,229,227,225,229
1,229,3,229,226,223,229,226,223,229
1,229,5,229,224,219,229,224,219,229
1,229,7,229,222,215,229,222,215,229
1,229,11,229,218,207,229,218,207,229
1,229,13,229,216,203,229,216,203,229
1,229,17,229,212,195,229,212,195,229
1,229,19,229,210,191,229,210,191,229
1,230,2,230,228,226,230,228,226,230
1,230,3,230,227,224,230,227,224,230
1,230,5,230,225,220,230,225,220,230
1,230,7,230,223,216,230,223,216,230
1,230,11,230,219,208,230,219,208,230
1,230,13,230,217,204,230,217,204,230
1,230,17,230,213,196,230,213,196,230
1,230,19,230,211,192,230,211,192,230
1,231,2,231,229,227,231,229,227,231
1,231,3,231,228,225,231,228,225,231
1,231,5,231,226,221,231,226,221,231
1,231,7,231,224,217,231,224,217,231
1,231,11,231,220,209,231,220,209,231
1,231,13,231,218,205,231,218,205,231
1,231,17,231,214,197,231,214,197,231
1,231,19,231,212,193,231,212,193,231
1,232,2,232,230,228,232,230,228,232
1,232,3,232,229,226,232,229,226,232
1,232,5,232,227,222,232,227,222,232
1,232,7,232,225,218,232,225,218,232
1,232,11,232,221,210,232,221,210,232
1,232,13,232,219,206,232,219,206,232
1,232,17,232,215,198,232,215,198,232
1,232,19,232,213,194,232,213,194,232
1,233,2,233,231,229,233,231,229,233
1,233,3,233,230,227,233,230,227,233
1,233,5,233,228,223,233,228,223,233
1,233,7,233,226,219,233,226,219,233
1,233,11,233,222,211,233,222,211,233
1,233,13,233,220,207,233,220,207,233
1,233,17,233,216,199,233,216,199,233
1,233,19,233,214,195,233,214,195,233
1,234,2,234,232,230,234,232,230,234
1,234,3,234,231,228,234,231,228,234
1,234,5,234,229,224,234,229,224,234
1,234,7,234,227,220,234,227,220,234
1,234,11,234,223,212,234,223,212,234
1,234,13,234,221,208,234,221,208,234
1,234,17,234,217,200,234,217,200,234
1,234,19,234,215,196,234,215,196,234
1,235,2,235,233,231,235,233,231,235
1,235,3,235,232,229,235,232,229,235
1,235,5,235,230,225,235,230,225,235
1,235,7,235,228,221,235,228,221,235
1,235,11,235,224,213,235,224,213,235
1,235,13,235,222,209,235,222,209,235
1,235,17,235,218,201,235,218,201,235
1,235,19,235,216,197,235,216,197,235
1,236,2,236,234,232,236,234,232,236
1,236,3,236,233,230,236,233,230,236
1,236,5,236,231,226,236,231,226,236
1,236,7,236,229,222,236,229,222,236
1,236,11,236,225,214,236,225,214,236
1,236,13,236,223,210,236,223,210,236
1,236,17,236,219,202,236,219,202,236
1,236,19,236,217,198,236,217,198,236
1,237,2,237,235,233,237,235,233,237
1,237,3,237,234,231,237,234,231,237
1,237,5,237,232,227,237,232,227,237
1,237,7,237,230,223,237,230,223,237
1,237,11,237,226,215,237,226,215,237
1,237,13,237,224,211,237,224,211,237
1,237,17,237,220,203,237,220,203,237
1,237,19,237,218,199,237,218,199,237
1,238,2,238,236,234,238,236,234,238
1,238,3,238,235,232,238,235,232,238
1,238,5,238,233,228,238,233,228,238
1,238,7,238,231,224,238,231,224,238
1,238,11,238,227,216,238,227,216,238
1,238,13,238,225,212,238,225,212,238
1,238,17,238,221,204,238,221,204,238
1,238,19,238,219,200,238,219,200,238
1,239,2,239,237,235,239,237,235,239
1,239,3,239,236,233,239,236,233,239
1,239,5,239,234,229,239,234,229,239
1,239,7,239,232,225,239,232,225,239
1,239,11,239,228,217,239,228,217,239
1,239,13,239,226,213,239,226,213,239
1,239,17,239,222,205,239,222,205,239
1,239,19,239,220,201,239,220,201,239
1,240,2,240,238,236,240,238,236,240
1,240,3,240,237,234,240,237,234,240
1,240,5,240,235,230,240,235,230,240
1,240,7,240,233,226,240,233,226,240
1,240,11,240,229,218,240,229,218,240
1,240,13,240,227,214,240,227,214,240
1,240,17,240,223,206,240,223,206,240
1,240,19,240,221,202,240,221,202,240
1,241,2,241,239,237,241,239,237,241
1,241,3,241,238,235,241,238,235,241
1,241,5,241,236,231,241,236,231,241
1,241,7,241,234,227,241,234,227,241
1,241,11,241,230,219,241,230,219,241
1,241,13,241,228,215,241,228,215,241
1,241,17,241,224,207,241,224,207,241
1,241,19,241,222,203,241,222,203,241
1,242,2,242,240,238,242,240,238,242
1,242,3,242,239,236,242,239,236,242
1,242,5,242,237,232,242,237,232,242
1,242,7,242,235,228,242,235,228,242
1,242,11,242,231,220,242,231,220,242
1,242,13,242,229,216,242,229,216,242
1,242,17,242,225,208,242,225,208,242
1,242,19,242,223,204,242,223,204,242
1,243,2,243,241,239,243,241,239,243
1,243,3,243,240,237,243,240,237,243
1,243,5,243,238,233,243,238,233,243
1,243,7,243,236,229,243,236,229,243
1,243,11,243,232,221,243,232,221,243
1,243,13,243,230,217,243,230,217,243
1,243,17,243,226,209,243,226,209,243
1,243,19,243,224,205,243,224,205,243
1,244,2,244,242,240,244,242,240,244
1,244,3,244,241,238,244,241,238,244
1,244,5,244,239,234,244,239,234,244
1,244,7,244,237,230,244,237,230,244
1,244,11,244,233,222,244,233,222,244
1,244,13,244,231,218,244,231,218,244
1,244,17,244,227,210,244,227,210,244
1,244,19,244,225,206,244,225,206,244
1,245,2,245,243,241,245,243,241,245
1,245,3,245,242,239,245,242,239,245
1,245,5,245,240,235,245,240,235,245
1,245,7,245,238,231,245,238,231,245
1,245,11,245,234,223,245,234,223,245
1,245,13,245,232,219,245,232,219,245
1,245,17,245,228,211,245,228,211,245
1,245,19,245,226,207,245,226,207,245
1,246,2,246,244,242,246,244,242,246
1,246,3,246,243,240,246,243,240,246
1,246,5,246,241,236,246,241,236,246
1,246,7,246,239,232,246,239,232,246
1,246,11,246,235,224,246,235,224,246
1,246,13,246,233,220,246,233,220,246
1,246,17,246,229,212,246,229,212,246
1,246,19,246,227,208,246,227,208,246
1,247,2,247,245,243,247,245,243,247
1,247,3,247,244,241,247,244,241,247
1,247,5,247,242,237,247,242,237,247
1,247,7,247,240,233,247,240,233,247
1,247,11,247,236,225,247,236,225,247
1,247,13,247,234,221,247,234,221,247
1,247,17,247,230,213,247,230,213,247
1,247,19,247,228,209,247,228,209,247
1,248,2,248,246,244,248,246,244,248
1,248,3,248,245,242,248,245,242,248
1,248,5,248,243,238,248,243,238,248
1,248,7,248,241,234,248,241,234,248
1,248,11,248,237,226,248,237,226,248
1,248,13,248,235,222,248,235,222,248
1,248,17,248,231,214,248,231,214,248
1,248,19,248,229,210,248,229,210,248
1,249,2,249,247,245,249,247,245,249
1,249,3,249,246,243,249,246,243,249
1,249,5,249,244,239,249,244,239,249
1,249,7,249,242,235,249,242,235,249
1,249,11,249,238,227,249,238,227,249
1,249,13,249,236,223,249,236,223,249
1,249,17,249,232,215,249,232,215,249
1,249,19,249,230,211,249,230,211,249
1,250,2,250,248,246,250,248,246,250
1,250,3,250,247,244,250,247,244,250
1,250,5,250,245,240,250,245,240,250
1,250,7,250,243,236,250,243,236,250
1,250,11,250,239,228,250,239,228,250
1,250,13,250,237,224,250,237,224,250
1,250,17,250,233,216,250,233,216,250
1,250,19,250,231,212,250,231,212,250
1,251,2,251,249,247,251,249,247,251
1,251,3,251,248,245,251,248,245,251
1,251,5,251,246,241,251,246,241,251
1,251,7,251,244,237,251,244,237,251
1,251,11,251,240,229,251,240,229,251
1,251,13,251,238,225,251,238,225,251
1,251,17,251,234,217,251,234,217,251
1,251,19,251,232,213,251,232,213,251
1,252,2,252,250,248,252,250,248,252
1,252,3,252,249,246,252,249,246,252
1,252,5,252,247,242,252,247,242,252
1,252,7,252,245,238,252,245,238,252
1,252,11,252,241,230,252,241,230,252
1,252,13,252,239,226,252,239,226,252
1,252,17,252,235,218,252,235,218,252
1,252,19,252,233,214,252,233,214,252
1,253,2,253,251,249,253,251,249,253
1,253,3,253,250,247,253,250,247,253
1,253,5,253,248,243,253,248,243,253
1,253,7,253,246,239,253,246,239,253
1,253,11,253,242,231,253,242,231,253
1,253,13,253,240,227,253,240,227,253
1,253,17,253,236,219,253,236,219,253
1,253,19,253,234,215,253,234,215,253
1,254,2,254,252,250,254,252,250,254
1,254,3,254,251,248,254,251,248,254
1,254,5,254,249,244,254,249,244,254
1,254,7,254,247,240,254,247,240,254
1,254,11,254,243,232,254,243,232,254
1,254,13,254,241,228,254,241,228,254
1,254,17,254,237,220,254,237,220,254
1,254,19,254,235,216,254,235,216,254
1,255,2,255,253,251,255,253,251,255
1,255,3,255,252,249,255,252,249,255
1,255,5,255,250,245,255,250,245,255
1,255,7,255,248,241,255,248,241,255
1,255,11,255,244,233,255,244,233,255
1,255,13,255,242,229,255,242,229,255
1,255,17,255,238,221,255,238,221,255
1,255,19,255,236,217,255,236,217,255
1,256,2,256,254,252,256,254,252,256
1,256,3,256,253,250,256,253,250,256
1,256,5,256,251,246,256,251,246,256
1,256,7,256,249,242,256,249,242,256
1,256,11,256,245,234,256,245,234,256
1,256,13,256,243,230,256,243,230,256
1,256,17,256,239,222,256,239,222,256
1,256,19,256,237,218,256,237,218,256
1,257,2,257,255,253,257,255,253,257
1,257,3,257,254,251,257,254,251,257
1,257,5,257,252,247,257,252,247,257
1,257,7,257,250,243,257,250,243,257
1,257,11,257,246,235,257,246,235,257
1,257,13,257,244,231,257,244,231,257
1,257,17,257,240,223,257,240,223,257
1,257,19,257,238,219,257,238,219,257
1,258,2,258,256,254,258,256,254,258
1,258,3,258,255,252,258,255,252,258
1,258,5,258,253,248,258,253,248,258
1,258,7,258,251,244,258,251,244,258
1,258,11,258,247,236,258,247,236,258
1,258,13,258,245,232,258,245,232,258
1,258,17,258,241,224,258,241,224,258
1,258,19,258,239,220,258,239,220,258
1,259,2,259,257,255,259,257,255,259
1,259,3,259,256,253,259,256,253,259
1,259,5,259,254,249,259,254,249,259
1,259,7,259,252,245,259,252,245,259
1,259,11,259,248,237,259,248,237,259
1,259,13,259,246,233,259,246,233,259
1,259,17,259,242,225,259,242,225,259
1,259,19,259,240,221,259,240,221,259
1,260,2,260,258,256,260,258,256,260
1,260,3,260,257,254,260,257,254,260
1,260,5,260,255,250,260,255,250,260
1,260,7,260,253,246,260,253,246,260
1,260,11,260,249,238,260,249,238,260
1,260,13,260,247,234,260,247,234,260
1,260,17,260,243,226,260,243,226,260
1,260,19,260,241,222,260,241,222,260
1,261,2,261,259,257,261,259,257,261
1,261,3,261,258,255,261,258,255,261
1,261,5,261,256,251,261,256,251,261
1,261,7,261,254,247,261,254,247,261
1,261,11,261,250,239,261,250,239,261
1,261,13,261,248,235,261,248,235,261
1,261,17,261,244,227,261,244,227,261
1,261,19,261,242,223,261,242,223,261
1,262,2,262,260,258,262,260,258,262
1,262,3,262,259,256,262,259,256,262
1,262,5,262,257,252,262,257,252,262
1,262,7,262,255,248,262,255,248,262
1,262,11,262,251,240,262,251,240,262
1,262,13,262,249,236,262,249,236,262
1,262,17,262,245,228,262,245,228,262
1,262,19,262,243,224,262,243,224,262
1,263,2,263,261,259,263,261,259,263
1,263,3,263,260,257,263,260,257,263
1,263,5,263,258,253,263,258,253,263
1,263,7,263,256,249,263,256,249,263
1,263,11,263,252,241,263,252,241,263
1,263,13,263,250,237,263,250,237,263
1,263,17,263,246,229,263,246,229,263
1,263,19,263,244,225,263,244,225,263
1,264,2,264,262,260,264,262,260,264
1,264,3,264,261,258,264,261,258,264
1,264,5,264,259,254,264,259,254,264
1,264,7,264,257,250,264,257,250,264
1,264,11,264,253,242,264,253,242,264
1,264,13,264,251,238,264,251,238,264
1,264,17,264,247,230,264,247,230,264
1,264,19,264,245,226,264,245,226,264
1,265,2,265,263,261,265,263,261,265
1,265,3,265,262,259,265,262,259,265
1,265,5,265,260,255,265,260,255,265
1,265,7,265,258,251,265,258,251,265
1,265,11,265,254,243,265,254,243,265
1,265,13,265,252,239,265,252,239,265
1,265,17,265,248,231,265,248,231,265
1,265,19,265,246,227,265,246,227,265
1,266,2,266,264,262,266,264,262,266
1,266,3,266,263,260,266,263,260,266
1,266,5,266,261,256,266,261,256,266
1,266,7,266,259,252,266,259,252,266
1,266,11,266,255,244,266,255,244,266
1,266,13,266,253,240,266,253,240,266
1,266,17,266,249,232,266,249,232,266
1,266,19,266,247,228,266,247,228,266
1,267,2,267,265,263,267,265,263,267
1,267,3,267,264,261,267,264,261,267
1,267,5,267,262,257,267,262,257,267
1,267,7,267,260,253,267,260,253,267
1,267,11,267,256,245,267,256,245,267
1,267,13,267,254,241,267,254,241,267
1,267,17,267,250,233,267,250,233,267
1,267,19,267,248,229,267,248,229,267
1,268,2,268,266,264,268,266,264,268
1,268,3,268,265,262,268,265,262,268
1,268,5,268,263,258,268,263,258,268
1,268,7,268,261,254,268,261,254,268
1,268,11,268,257,246,268,257,246,268
1,268,13,268,255,242,268,255,242,268
1,268,17,268,251,234,268,251,234,268
1,268,19,268,249,230,268,249,230,268
1,269,2,269,267,265,269,267,265,269
1,269,3,269,266,263,269,266,263,269
1,269,5,269,264,259,269,264,259,269
1,269,7,269,262,255,269,262,255,269
1,269,11,269,258,247,269,258,247,269
1,269,13,269,256,243,269,256,243,269
1,269,17,269,252,235,269,252,235,269
1,269,19,269,250,231,269,250,231,269
1,270,2,270,268,266,270,268,266,270
1,270,3,270,267,264,270,267,264,270
1,270,5,270,265,260,270,265,260,270
1,270,7,270,263,256,270,263,256,270
1,270,11,270,259,248,270,259,248,270
1,270,13,270,257,244,270,257,244,270
1,270,17,270,253,236,270,253,236,270
1,270,19,270,251,232,270,251,232,270
1,271,2,271,269,267,271,269,267,271
1,271,3,271,268,265,271,268,265,271
1,271,5,271,266,261,271,266,261,271
1,271,7,271,264,257,271,264,257,271
1,271,11,271,260,249,271,260,249,271
1,271,13,271,258,245,271,258,245,271
1,271,17,271,254,237,271,254,237,271
1,271,19,271,252,233,271,252,233,271
1,272,2,272,270,268,272,270,268,272
1,272,3,272,269,266,272,269,266,272
1,272,5,272,267,262,272,267,262,272
1,272,7,272,265,258,272,265,258,272
1,272,11,272,261,250,272,261,250,272
1,272,13,272,259,246,272,259,246,272
1,272,17,272,255,238,272,255,238,272
1,272,19,272,253,234,272,253,234,272
1,273,2,273,271,269,273,271,269,273
1,273,3,273,270,267,273,270,267,273
1,273,5,273,268,263,273,268,263,273
1,273,7,273,266,259,273,266,259,273
1,273,11,273,262,251,273,262,251,273
1,273,13,273,260,247,273,260,247,273
1,273,17,273,256,239,273,256,239,273
1,273,19,273,254,235,273,254,235,273
1,274,2,274,272,270,274,272,270,274
1,274,3,274,271,268,274,271,268,274
1,274,5,274,269,264,274,269,264,274
1,274,7,274,267,260,274,267,260,274
1,274,11,274,263,252,274,263,252,274
1,274,13,274,261,248,274,261,248,274
1,274,17,274,257,240,274,257,240,274
1,274,19,274,255,236,274,255,236,274
1,275,2,275,273,271,275,273,271,275
1,275,3,275,272,269,275,272,269,275
1,275,5,275,270,265,275,270,265,275
1,275,7,275,268,261,275,268,261,275
1,275,11,275,264,253,275,264,253,275
1,275,13,275,262,249,275,262,249,275
1,275,17,275,258,241,275,258,241,275
1,275,19,275,256,237,275,256,237,275
1,276,2,276,274,272,276,274,272,276
1,276,3,276,273,270,276,273,270,276
1,276,5,276,271,266,276,271,266,276
1,276,7,276,269,262,276,269,262,276
1,276,11,276,265,254,276,265,254,276
1,276,13,276,263,250,276,263,250,276
1,276,17,276,259,242,276,259,242,276
1,276,19,276,257,238,276,257,238,276
1,277,2,277,275,273,277,275,273,277
1,277,3,277,274,271,277,274,271,277
1,277,5,277,272,267,277,272,267,277
1,277,7,277,270,263,277,270,263,277
1,277,11,277,266,255,277,266,255,277
1,277,13,277,264,251,277,264,251,277
1,277,17,277,260,243,277,260,243,277
1,277,19,277,258,239,277,258,239,277
1,278,2,278,276,274,278,276,274,278
1,278,3,278,275,272,278,275,272,278
1,278,5,278,273,268,278,273,268,278
1,278,7,278,271,264,278,271,264,278
1,278,11,278,267,256,278,267,256,278
1,278,13,278,265,252,278,265,252,278
1,278,17,278,261,244,278,261,244,278
1,278,19,278,259,240,278,259,240,278
1,279,2,279,277,275,279,277,275,279
1,279,3,279,276,273,279,276,273,279
1,279,5,279,274,269,279,274,269,279
1,279,7,279,272,265,279,272,265,279
1,279,11,279,268,257,279,268,257,279
1,279,13,279,266,253,279,266,253,279
1,279,17,279,262,245,279,262,245,279
1,279,19,279,260,241,279,260,241,279
1,280,2,280,278,276,280,278,276,280
1,280,3,280,277,274,280,277,274,280
1,280,5,280,275,270,280,275,270,280
1,280,7,280,273,266,280,273,266,280
1,280,11,280,269,258,280,269,258,280
1,280,13,280,267,254,280,267,254,280
1,280,17,280,263,246,280,263,246,280
1,280,19,280,261,242,280,261,242,280
1,281,2,281,279,277,281,279,277,281
1,281,3,281,278,275,281,278,275,281
1,281,5,281,276,271,281,276,271,281
1,281,7,281,274,267,281,274,267,281
1,281,11,281,270,259,281,270,259,281
1,281,13,281,268,255,281,268,255,281
1,281,17,281,264,247,281,264,247,281
1,281,19,281,262,243,281,262,243,281
1,282,2,282,280,278,282,280,278,282
1,282,3,282,279,276,282,279,276,282
1,282,5,282,277,272,282,277,272,282
1,282,7,282,275,268,282,275,268,282
1,282,11,282,271,260,282,271,260,282
1,282,13,282,269,256,282,269,256,282
1,282,17,282,265,248,282,265,248,282
1,282,19,282,263,244,282,263,244,282
1,283,2,283,281,279,283,281,279,283
1,283,3,283,280,277,283,280,277,283
1,283,5,283,278,273,283,278,273,283
1,283,7,283,276,269,283,276,269,283
1,283,11,283,272,261,283,272,261,283
1,283,13,283,270,257,283,270,257,283
1,283,17,283,266,249,283,266,249,283
1,283,19,283,264,245,283,264,245,283
1,284,2,284,282,280,284,282,280,284
1,284,3,284,281,278,284,281,278,284
1,284,5,284,279,274,284,279,274,284
1,284,7,284,277,270,284,277,270,284
1,284,11,284,273,262,284,273,262,284
1,284,13,284,271,258,284,271,258,284
1,284,17,284,267,250,284,267,250,284
1,284,19,284,265,246,284,265,246,284
1,285,2,285,283,281,285,283,281,285
1,285,3,285,282,279,285,282,279,285
1,285,5,285,280,275,285,280,275,285
1,285,7,285,278,271,285,278,271,285
1,285,11,285,274,263,285,274,263,285
1,285,13,285,272,259,285,272,259,285
1,285,17,285,268,251,285,268,251,285
1,285,19,285,266,247,285,266,247,285
1,286,2,286,284,282,286,284,282,286
1,286,3,286,283,280,286,283,280,286
1,286,5,286,281,276,286,281,276,286
1,286,7,286,279,272,286,279,272,286
1,286,11,286,275,264,286,275,264,286
1,286,13,286,273,260,286,273,260,286
1,286,17,286,269,252,286,269,252,286
1,286,19,286,267,248,286,267,248,286
1,287,2,287,285,283,287,285,283,287
1,287,3,287,284,281,287,284,281,287
1,287,5,287,282,277,287,282,277,287
1,287,7,287,280,273,287,280,273,287
1,287,11,287,276,265,287,276,265,287
1,287,13,287,274,261,287,274,261,287
1,287,17,287,270,253,287,270,253,287
1,287,19,287,268,249,287,268,249,287
1,288,2,288,286,284,288,286,284,288
1,288,3,288,285,282,288,285,282,288
1,288,5,288,283,278,288,283,278,288
1,288,7,288,281,274,288,281,274,288
1,288,11,288,277,266,288,277,266,288
1,288,13,288,275,262,288,275,262,288
1,288,17,288,271,254,288,271,254,288
1,288,19,288,269,250,288,269,250,288
1,289,2,289,287,285,289,287,285,289
1,289,3,289,286,283,289,286,283,289
1,289,5,289,284,279,289,284,279,289
1,289,7,289,282,275,289,282,275,289
1,289,11,289,278,267,289,278,267,289
1,289,13,289,276,263,289,276,263,289
1,289,17,289,272,255,289,272,255,289
1,289,19,289,270,251,289,270,251,289
1,290,2,290,288,286,290,288,286,290
1,290,3,290,287,284,290,287,284,290
1,290,5,290,285,280,290,285,280,290
1,290,7,290,283,276,290,283,276,290
1,290,11,290,279,268,290,279,268,290
1,290,13,290,277,264,290,277,264,290
1,290,17,290,273,256,290,273,256,290
1,290,19,290,271,252,290,271,252,290
1,291,2,291,289,287,291,289,287,291
1,291,3,291,288,285,291,288,285,291
1,291,5,291,286,281,291,286,281,291
1,291,7,291,284,277,291,284,277,291
1,291,11,291,280,269,291,280,269,291
1,291,13,291,278,265,291,278,265,291
1,291,17,291,274,257,291,274,257,291
1,291,19,291,272,253,291,272,253,291
1,292,2,292,290,288,292,290,288,292
1,292,3,292,289,286,292,289,286,292
1,292,5,292,287,282,292,287,282,292
1,292,7,292,285,278,292,285,278,292
1,292,11,292,281,270,292,281,270,292
1,292,13,292,279,266,292,279,266,292
1,292,17,292,275,258,292,275,258,292
1,292,19,292,273,254,292,273,254,292
1,293,2,293,291,289,293,291,289,293
1,293,3,293,290,287,293,290,287,293
1,293,5,293,288,283,293,288,283,293
1,293,7,293,286,279,293,286,279,293
1,293,11,293,282,271,293,282,271,293
1,293,13,293,280,267,293,280,267,293
1,293,17,293,276,259,293,276,259,293
1,293,19,293,274,255,293,274,255,293
1,294,2,294,292,290,294,292,290,294
1,294,3,294,291,288,294,291,288,294
1,294,5,294,289,284,294,289,284,294
1,294,7,294,287,280,294,287,280,294
1,294,11,294,283,272,294,283,272,294
1,294,13,294,281,268,294,281,268,294
1,294,17,294,277,260,294,277,260,294
1,294,19,294,275,256,294,275,256,294
1,295,2,295,293,291,295,293,291,295
1,295,3,295,292,289,295,292,289,295
1,295,5,295,290,285,295,290,285,295
1,295,7,295,288,281,295,288,281,295
1,295,11,295,284,273,295,284,273,295
1,295,13,295,282,269,295,282,269,295
1,295,17,295,278,261,295,278,261,295
1,295,19,295,276,257,295,276,257,295
1,296,2,296,294,292,296,294,292,296
1,296,3,296,293,290,296,293,290,296
1,296,5,296,291,286,296,291,286,296
1,296,7,296,289,282,296,289,282,296
1,296,11,296,285,274,296,285,274,296
1,296,13,296,283,270,296,283,270,296
1,296,17,296,279,262,296,279,262,296
1,296,19,296,277,258,296,277,258,296
1,297,2,297,295,293,297,295,293,297
1,297,3,297,294,291,297,294,291,297
1,297,5,297,292,287,297,292,287,297
1,297,7,297,290,283,297,290,283,297
1,297,11,297,286,275,297,286,275,297
1,297,13,297,284,271,297,284,271,297
1,297,17,297,280,263,297,280,263,297
1,297,19,297,278,259,297,278,259,297
1,298,2,298,296,294,298,296,294,298
1,298,3,298,295,292,298,295,292,298
1,298,5,298,293,288,298,293,288,298
1,298,7,298,291,284,298,291,284,298
1,298,11,298,287,276,298,287,276,298
1,298,13,298,285,272,298,285,272,298
1,298,17,298,281,264,298,281,264,298
1,298,19,298,279,260,298,279,260,298
1,299,2,299,297,295,299,297,295,299
1,299,3,299,296,293,299,296,293,299
1,299,5,299,294,289,299,294,289,299
1,299,7,299,292,285,299,292,285,299
1,299,11,299,288,277,299,288,277,299
1,299,13,299,286,273,299,286,273,299
1,299,17,299,282,265,299,282,265,299
1,299,19,299,280,261,299,280,261,299
1,300,2,300,298,296,300,298,296,300
1,300,3,300,297,294,300,297,294,300
1,300,5,300,295,290,300,295,290,300
1,300,7,300,293,286,300,293,286,300
1,300,11,300,289,278,300,289,278,300
1,300,13,300,287,274,300,287,274,300
1,300,17,300,283,266,300,283,266,300
1,300,19,300,281,262,300,281,262,300
1,301,2,301,299,297,301,299,297,301
1,301,3,301,298,295,301,298,295,301
1,301,5,301,296,291,301,296,291,301
1,301,7,301,294,287,301,294,287,301
1,301,11,301,290,279,301,290,279,301
1,301,13,301,288,275,301,288,275,301
1,301,17,301,284,267,301,284,267,301
1,301,19,301,282,263,301,282,263,301
1,302,2,302,300,298,302,300,298,302
1,302,3,302,299,296,302,299,296,302
1,302,5,302,297,292,302,297,292,302
1,302,7,302,295,288,302,295,288,302
1,302,11,302,291,280,302,291,280,302
1,302,13,302,289,276,302,289,276,302
1,302,17,302,285,268,302,285,268,302
1,302,19,302,283,264,302,283,264,302
1,303,2,303,301,299,303,301,299,303
1,303,3,303,300,297,303,300,297,303
1,303,5,303,298,293,303,298,293,303
1,303,7,303,296,289,303,296,289,303
1,303,11,303,292,281,303,292,281,303
1,303,13,303,290,277,303,290,277,303
1,303,17,303,286,269,303,286,269,303
1,303,19,303,284,265,303,284,265,303
1,304,2,304,302,300,304,302,300,304
1,304,3,304,301,298,304,301,298,304
1,304,5,304,299,294,304,299,294,304
1,304,7,304,297,290,304,297,290,304
1,304,11,304,293,282,304,293,282,304
1,304,13,304,291,278,304,291,278,304
1,304,17,304,287,270,304,287,270,304
1,304,19,304,285,266,304,285,266,304
1,305,2,305,303,301,305,303,301,305
1,305,3,305,302,299,305,302,299,305
1,305,5,305,300,295,305,300,295,305
1,305,7,305,298,291,305,298,291,305
1,305,11,305,294,283,305,294,283,305
1,305,13,305,292,279,305,292,279,305
1,305,17,305,288,271,305,288,271,305
1,305,19,305,286,267,305,286,267,305
1,306,2,306,304,302,306,304,302,306
1,306,3,306,303,300,306,303,300,306
1,306,5,306,301,296,306,301,296,306
1,306,7,306,299,292,306,299,292,306
1,306,11,306,295,284,306,295,284,306
1,306,13,306,293,280,306,293,280,306
1,306,17,306,289,272,306,289,272,306
1,306,19,306,287,268,306,287,268,306
1,307,2,307,305,303,307,305,303,307
1,307,3,307,304,301,307,304,301,307
1,307,5,307,302,297,307,302,297,307
1,307,7,307,300,293,307,300,293,307
1,307,11,307,296,285,307,296,285,307
1,307,13,307,294,281,307,294,281,307
1,307,17,307,290,273,307,290,273,307
1,307,19,307,288,269,307,288,269,307
1,308,2,308,306,304,308,306,304,308
1,308,3,308,305,302,308,305,302,308
1,308,5,308,303,298,308,303,298,308
1,308,7,308,301,294,308,301,294,308
1,308,11,308,297,286,308,297,286,308
1,308,13,308,295,282,308,295,282,308
1,308,17,308,291,274,308,291,274,308
1,308,19,308,289,270,308,289,270,308
1,309,2,309,307,305,309,307,305,309
1,309,3,309,306,303,309,306,303,309
1,309,5,309,304,299,309,304,299,309
1,309,7,309,302,295,309,302,295,309
1,309,11,309,298,287,309,298,287,309
1,309,13,309,296,283,309,296,283,309
1,309,17,309,292,275,309,292,275,309
1,309,19,309,290,271,309,290,271,309
1,310,2,310,308,306,310,308,306,310
1,310,3,310,307,304,310,307,304,310
1,310,5,310,305,300,310,305,300,310
1,310,7,310,303,296,310,303,296,310
1,310,11,310,299,288,310,299,288,310
1,310,13,310,297,284,310,297,284,310
1,310,17,310,293,276,310,293,276,310
1,310,19,310,291,272,310,291,272,310
1,311,2,311,309,307,311,309,307,311
1,311,3,311,308,305,311,308,305,311
1,311,5,311,306,301,311,306,301,311
1,311,7,311,304,297,311,304,297,311
1,311,11,311,300,289,311,300,289,311
1,311,13,311,298,285,311,298,285,311
1,311,17,311,294,277,311,294,277,311
1,311,19,311,292,273,311,292,273,311
1,312,2,312,310,308,312,310,308,312
1,312,3,312,309,306,312,309,306,312
1,312,5,312,307,302,312,307,302,312
1,312,7,312,305,298,312,305,298,312
1,312,11,312,301,290,312,301,290,312
1,312,13,312,299,286,312,299,286,312
1,312,17,312,295,278,312,295,278,312
1,312,19,312,293,274,312,293,274,312
1,313,2,313,311,309,313,311,309,313
1,313,3,313,310,307,313,310,307,313
1,313,5,313,308,303,313,308,303,313
1,313,7,313,306,299,313,306,299,313
1,313,11,313,302,291,313,302,291,313
1,313,13,313,300,287,313,300,287,313
1,313,17,313,296,279,313,296,279,313
1,313,19,313,294,275,313,294,275,313
1,314,2,314,312,310,314,312,310,314
1,314,3,314,311,308,314,311,308,314
1,314,5,314,309,304,314,309,304,314
1,314,7,314,307,300,314,307,300,314
1,314,11,314,303,292,314,303,292,314
1,314,13,314,301,288,314,301,288,314
1,314,17,314,297,280,314,297,280,314
1,314,19,314,295,276,314,295,276,314
1,315,2,315,313,311,315,313,311,315
1,315,3,315,312,309,315,312,309,315
1,315,5,315,310,305,315,310,305,315
1,315,7,315,308,301,315,308,301,315
1,315,11,315,304,293,315,304,293,315
1,315,13,315,302,289,315,302,289,315
1,315,17,315,298,281,315,298,281,315
1,315,19,315,296,277,315,296,277,315
1,316,2,316,314,312,316,314,312,316
1,316,3,316,313,310,316,313,310,316
1,316,5,316,311,306,316,311,306,316
1,316,7,316,309,302,316,309,302,316
1,316,11,316,305,294,316,305,294,316
1,316,13,316,303,290,316,303,290,316
1,316,17,316,299,282,316,299,282,316
1,316,19,316,297,278,316,297,278,316
1,317,2,317,315,313,317,315,313,317
1,317,3,317,314,311,317,314,311,317
1,317,5,317,312,307,317,312,307,317
1,317,7,317,310,303,317,310,303,317
1,317,11,317,306,295,317,306,295,317
1,317,13,317,304,291,317,304,291,317
1,317,17,317,300,283,317,300,283,317
1,317,19,317,298,279,317,298,279,317
1,318,2,318,316,314,318,316,314,318
1,318,3,318,315,312,318,315,312,318
1,318,5,318,313,308,318,313,308,318
1,318,7,318,311,304,318,311,304,318
1,318,11,318,307,296,318,307,296,318
1,318,13,318,305,292,318,305,292,318
1,318,17,318,301,284,318,301,284,318
1,318,19,318,299,280,318,299,280,318
1,319,2,319,317,315,319,317,315,319
1,319,3,319,316,313,319,316,313,319
1,319,5,319,314,309,319,314,309,319
1,319,7,319,312,305,319,312,305,319
1,319,11,319,308,297,319,308,297,319
1,319,13,319,306,293,319,306,293,319
1,319,17,319,302,285,319,302,285,319
1,319,19,319,300,281,319,300,281,319
1,320,2,320,318,316,320,318,316,320
1,320,3,320,317,314,320,317,314,320
1,320,5,320,315,310,320,315,310,320
1,320,7,320,313,306,320,313,306,320
1,320,11,320,309,298,320,309,298,320
1,320,13,320,307,294,320,307,294,320
1,320,17,320,303,286,320,303,286,320
1,320,19,320,301,282,320,301,282,320
1,321,2,321,319,317,321,319,317,321
1,321,3,321,318,315,321,318,315,321
1,321,5,321,316,311,321,316,311,321
1,321,7,321,314,307,321,314,307,321
1,321,11,321,310,299,321,310,299,321
1,321,13,321,308,295,321,308,295,321
1,321,17,321,304,287,321,304,287,321
1,321,19,321,302,283,321,302,283,321
1,322,2,322,320,318,322,320,318,322
1,322,3,322,319,316,322,319,316,322
1,322,5,322,317,312,322,317,312,322
1,322,7,322,315,308,322,315,308,322
1,322,11,322,311,300,322,311,300,322
1,322,13,322,309,296,322,309,296,322
1,322,17,322,305,288,322,305,288,322
1,322,19,322,303,284,322,303,284,322
1,323,2,323,321,319,323,321,319,323
1,323,3,323,320,317,323,320,317,323
1,323,5,323,318,313,323,318,313,323
1,323,7,323,316,309,323,316,309,323
1,323,11,323,312,301,323,312,301,323
1,323,13,323,310,297,323,310,297,323
1,323,17,323,306,289,323,306,289,323
1,323,19,323,304,285,323,304,285,323
1,324,2,324,322,320,324,322,320,324
1,324,3,324,321,318,324,321,318,324
1,324,5,324,319,314,324,319,314,324
1,324,7,324,317,310,324,317,310,324
1,324,11,324,313,302,324,313,302,324
1,324,13,324,311,298,324,311,298,324
1,324,17,324,307,290,324,307,290,324
1,324,19,324,305,286,324,305,286,324
1,325,2,325,323,321,325,323,321,325
1,325,3,325,322,319,325,322,319,325
1,325,5,325,320,315,325,320,315,325
1,325,7,325,318,311,325,318,311,325
1,325,11,325,314,303,325,314,303,325
1,325,13,325,312,299,325,312,299,325
1,325,17,325,308,291,325,308,291,325
1,325,19,325,306,287,325,306,287,325
1,326,2,326,324,322,326,324,322,326
1,326,3,326,323,320,326,323,320,326
1,326,5,326,321,316,326,321,316,326
1,326,7,326,319,312,326,319,312,326
1,326,11,326,315,304,326,315,304,326
1,326,13,326,313,300,326,313,300,326
1,326,17,326,309,292,326,309,292,326
1,326,19,326,307,288,326,307,288,326
1,327,2,327,325,323,327,325,323,327
1,327,3,327,324,321,327,324,321,327
1,327,5,327,322,317,327,322,317,327
1,327,7,327,320,313,327,320,313,327
1,327,11,327,316,305,327,316,305,327
1,327,13,327,314,301,327,314,301,327
1,327,17,327,310,293,327,310,293,327
1,327,19,327,308,289,327,308,289,327
1,328,2,328,326,324,328,326,324,328
1,328,3,328,325,322,328,325,322,328
1,328,5,328,323,318,328,323,318,328
1,328,7,328,321,314,328,321,314,328
1,328,11,328,317,306,328,317,306,328
1,328,13,328,315,302,328,315,302,328
1,328,17,328,311,294,328,311,294,328
1,328,19,328,309,290,328,309,290,328
1,329,2,329,327,325,329,327,325,329
1,329,3,329,326,323,329,326,323,329
1,329,5,329,324,319,329,324,319,329
1,329,7,329,322,315,329,322,315,329
1,329,11,329,318,307,329,318,307,329
1,329,13,329,316,303,329,316,303,329
1,329,17,329,312,295,329,312,295,329
1,329,19,329,310,291,329,310,291,329
1,330,2,330,328,326,330,328,326,330
1,330,3,330,327,324,330,327,324,330
1,330,5,330,325,320,330,325,320,330
1,330,7,330,323,316,330,323,316,330
1,330,11,330,319,308,330,319,308,330
1,330,13,330,317,304,330,317,304,330
1,330,17,330,313,296,330,313,296,330
1,330,19,330,311,292,330,311,292,330
1,331,2,331,329,327,331,329,327,331
1,331,3,331,328,325,331,328,325,331
1,331,5,331,326,321,331,326,321,331
1,331,7,331,324,317,331,324,317,331
1,331,11,331,320,309,331,320,309,331
1,331,13,331,318,305,331,318,305,331
1,331,17,331,314,297,331,314,297,331
1,331,19,331,312,293,331,312,293,331
1,332,2,332,330,328,332,330,328,332
1,332,3,332,329,326,332,329,326,332
1,332,5,332,327,322,332,327,322,332
1,332,7,332,325,318,332,325,318,332
1,332,11,332,321,310,332,321,310,332
1,332,13,332,319,306,332,319,306,332
1,332,17,332,315,298,332,315,298,332
1,332,19,332,313,294,332,313,294,332
1,333,2,333,331,329,333,331,329,333
1,333,3,333,330,327,333,330,327,333
1,333,5,333,328,323,333,328,323,333
1,333,7,333,326,319,333,326,319,333
1,333,11,333,322,311,333,322,311,333
1,333,13,333,320,307,333,320,307,333
1,333,17,333,316,299,333,316,299,333
1,333,19,333,314,295,333,314,295,333
1,334,2,334,332,330,334,332,330,334
1,334,3,334,331,328,334,331,328,334
1,334,5,334,329,324,334,329,324,334
1,334,7,334,327,320,334,327,320,334
1,334,11,334,323,312,334,323,312,334
1,334,13,334,321,308,334,321,308,334
1,334,17,334,317,300,334,317,300,334
1,334,19,334,315,296,334,315,296,334
1,335,2,335,333,331,335,333,331,335
1,335,3,335,332,329,335,332,329,335
1,335,5,335,330,325,335,330,325,335
1,335,7,335,328,321,335,328,321,335
1,335,11,335,324,313,335,324,313,335
1,335,13,335,322,309,335,322,309,335
1,335,17,335,318,301,335,318,301,335
1,335,19,335,316,297,335,316,297,335
1,336,2,336,334,332,336,334,332,336
1,336,3,336,333,330,336,333,330,336
1,336,5,336,331,326,336,331,326,336
1,336,7,336,329,322,336,329,322,336
1,336,11,336,325,314,336,325,314,336
1,336,13,336,323,310,336,323,310,336
1,336,17,336,319,302,336,319,302,336
1,336,19,336,317,298,336,317,298,336
1,337,2,337,335,333,337,335,333,337
1,337,3,337,334,331,337,334,331,337
1,337,5,337,332,327,337,332,327,337
1,337,7,337,330,323,337,330,323,337
1,337,11,337,326,315,337,326,315,337
1,337,13,337,324,311,337,324,311,337
1,337,17,337,320,303,337,320,303,337
1,337,19,337,318,299,337,318,299,337
1,338,2,338,336,334,338,336,334,338
1,338,3,338,335,332,338,335,332,338
1,338,5,338,333,328,338,333,328,338
1,338,7,338,331,324,338,331,324,338
1,338,11,338,327,316,338,327,316,338
1,338,13,338,325,312,338,325,312,338
1,338,17,338,321,304,338,321,304,338
1,338,19,338,319,300,338,319,300,338
1,339,2,339,337,335,339,337,335,339
1,339,3,339,336,333,339,336,333,339
1,339,5,339,334,329,339,334,329,339
1,339,7,339,332,325,339,332,325,339
1,339,11,339,328,317,339,328,317,339
1,339,13,339,326,313,339,326,313,339
1,339,17,339,322,305,339,322,305,339
1,339,19,339,320,301,339,320,301,339
1,340,2,340,338,336,340,338,336,340
1,340,3,340,337,334,340,337,334,340
1,340,5,340,335,330,340,335,330,340
1,340,7,340,333,326,340,333,326,340
1,340,11,340,329,318,340,329,318,340
1,340,13,340,327,314,340,327,314,340
1,340,17,340,323,306,340,323,306,340
1,340,19,340,321,302,340,321,302,340
1,341,2,341,339,337,341,339,337,341
1,341,3,341,338,335,341,338,335,341
1,341,5,341,336,331,341,336,331,341
1,341,7,341,334,327,341,334,327,341
1,341,11,341,330,319,341,330,319,341
1,341,13,341,328,315,341,328,315,341
1,341,17,341,324,307,341,324,307,341
1,341,19,341,322,303,341,322,303,341
1,342,2,342,340,338,342,340,338,342
1,342,3,342,339,336,342,339,336,342
1,342,5,342,337,332,342,337,332,342
1,342,7,342,335,328,342,335,328,342
1,342,11,342,331,320,342,331,320,342
1,342,13,342,329,316,342,329,316,342
1,342,17,342,325,308,342,325,308,342
1,342,19,342,323,304,342,323,304,342
1,343,2,343,341,339,343,341,339,343
1,343,3,343,340,337,343,340,337,343
1,343,5,343,338,333,343,338,333,343
1,343,7,343,336,329,343,336,329,343
1,343,11,343,332,321,343,332,321,343
1,343,13,343,330,317,343,330,317,343
1,343,17,343,326,309,343,326,309,343
1,343,19,343,324,305,343,324,305,343
1,344,2,344,342,340,344,342,340,344
1,344,3,344,341,338,344,341,338,344
1,344,5,344,339,334,344,339,334,344
1,344,7,344,337,330,344,337,330,344
1,344,11,344,333,322,344,333,322,344
1,344,13,344,331,318,344,331,318,344
1,344,17,344,327,310,344,327,310,344
1,344,19,344,325,306,344,325,306,344
1,345,2,345,343,341,345,343,341,345
1,345,3,345,342,339,345,342,339,345
1,345,5,345,340,335,345,340,335,345
1,345,7,345,338,331,345,338,331,345
1,345,11,345,334,323,345,334,323,345
1,345,13,345,332,319,345,332,319,345
1,345,17,345,328,311,345,328,311,345
1,345,19,345,326,307,345,326,307,345
1,346,2,346,344,342,346,344,342,346
1,346,3,346,343,340,346,343,340,346
1,346,5,346,341,336,346,341,336,346
1,346,7,346,339,332,346,339,332,346
1,346,11,346,335,324,346,335,324,346
1,346,13,346,333,320,346,333,320,346
1,346,17,346,329,312,346,329,312,346
1,346,19,346,327,308,346,327,308,346
1,347,2,347,345,343,347,345,343,347
1,347,3,347,344,341,347,344,341,347
1,347,5,347,342,337,347,342,337,347
1,347,7,347,340,333,347,340,333,347
1,347,11,347,336,325,347,336,325,347
1,347,13,347,334,321,347,334,321,347
1,347,17,347,330,313,347,330,313,347
1,347,19,347,328,309,347,328,309,347
1,348,2,348,346,344,348,346,344,348
1,348,3,348,345,342,348,345,342,348
1,348,5,348,343,338,348,343,338,348
1,348,7,348,341,334,348,341,334,348
1,348,11,348,337,326,348,337,326,348
1,348,13,348,335,322,348,335,322,348
1,348,17,348,331,314,348,331,314,348
1,348,19,348,329,310,348,329,310,348
1,349,2,349,347,345,349,347,345,349
1,349,3,349,346,343,349,346,343,349
1,349,5,349,344,339,349,344,339,349
1,349,7,349,342,335,349,342,335,349
1,349,11,349,338,327,349,338,327,349
1,349,13,349,336,323,349,336,323,349
1,349,17,349,332,315,349,332,315,349
1,349,19,349,330,311,349,330,311,349
1,350,2,350,348,346,350,348,346,350
1,350,3,350,347,344,350,347,344,350
1,350,5,350,345,340,350,345,340,350
1,350,7,350,343,336,350,343,336,350
1,350,11,350,339,328,350,339,328,350
1,350,13,350,337,324,350,337,324,350
1,350,17,350,333,316,350,333,316,350
1,350,19,350,331,312,350,331,312,350
1,351,2,351,349,347,351,349,347,351
1,351,3,351,348,345,351,348,345,351
1,351,5,351,346,341,351,346,341,351
1,351,7,351,344,337,351,344,337,351
1,351,11,351,340,329,351,340,329,351
1,351,13,351,338,325,351,338,325,351
1,351,17,351,334,317,351,334,317,351
1,351,19,351,332,313,351,332,313,351
1,352,2,352,350,348,352,350,348,352
1,352,3,352,349,346,352,349,346,352
1,352,5,352,347,342,352,347,342,352
1,352,7,352,345,338,352,345,338,352
1,352,11,352,341,330,352,341,330,352
1,352,13,352,339,326,352,339,326,352
1,352,17,352,335,318,352,335,318,352
1,352,19,352,333,314,352,333,314,352
1,353,2,353,351,349,353,351,349,353
1,353,3,353,350,347,353,350,347,353
1,353,5,353,348,343,353,348,343,353
1,353,7,353,346,339,353,346,339,353
1,353,11,353,342,331,353,342,331,353
1,353,13,353,340,327,353,340,327,353
1,353,17,353,336,319,353,336,319,353
1,353,19,353,334,315,353,334,315,353
1,354,2,354,352,350,354,352,350,354
1,354,3,354,351,348,354,351,348,354
1,354,5,354,349,344,354,349,344,354
1,354,7,354,347,340,354,347,340,354
1,354,11,354,343,332,354,343,332,354
1,354,13,354,341,328,354,341,328,354
1,354,17,354,337,320,354,337,320,354
1,354,19,354,335,316,354,335,316,354
1,355,2,355,353,351,355,353,351,355
1,355,3,355,352,349,355,352,349,355
1,355,5,355,350,345,355,350,345,355
1,355,7,355,348,341,355,348,341,355
1,355,11,355,344,333,355,344,333,355
1,355,13,355,342,329,355,342,329,355
1,355,17,355,338,321,355,338,321,355
1,355,19,355,336,317,355,336,317,355
1,356,2,356,354,352,356,354,352,356
1,356,3,356,353,350,356,353,350,356
1,356,5,356,351,346,356,351,346,356
1,356,7,356,349,342,356,349,342,356
1,356,11,356,345,334,356,345,334,356
1,356,13,356,343,330,356,343,330,356
1,356,17,356,339,322,356,339,322,356
1,356,19,356,337,318,356,337,318,356
1,357,2,357,355,353,357,355,353,357
1,357,3,357,354,351,357,354,351,357
1,357,5,357,352,347,357,352,347,357
1,357,7,357,350,343,357,350,343,357
1,357,11,357,346,335,357,346,335,357
1,357,13,357,344,331,357,344,331,357
1,357,17,357,340,323,357,340,323,357
1,357,19,357,338,319,357,338,319,357
1,358,2,358,356,354,358,356,354,358
1,358,3,358,355,352,358,355,352,358
1,358,5,358,353,348,358,353,348,358
1,358,7,358,351,344,358,351,344,358
1,358,11,358,347,336,358,347,336,358
1,358,13,358,345,332,358,345,332,358
1,358,17,358,341,324,358,341,324,358
1,358,19,358,339,320,358,339,320,358
1,359,2,359,357,355,359,357,355,359
1,359,3,359,356,353,359,356,353,359
1,359,5,359,354,349,359,354,349,359
1,359,7,359,352,345,359,352,345,359
1,359,11,359,348,337,359,348,337,359
1,359,13,359,346,333,359,346,333,359
1,359,17,359,342,325,359,342,325,359
1,359,19,359,340,321,359,340,321,359
1,360,2,360,358,356,360,358,356,360
1,360,3,360,357,354,360,357,354,360
1,360,5,360,355,350,360,355,350,360
1,360,7,360,353,346,360,353,346,360
1,360,11,360,349,338,360,349,338,360
1,360,13,360,347,334,360,347,334,360
1,360,17,360,343,326,360,343,326,360
1,360,19,360,341,322,360,341,322,360
1,361,2,361,359,357,361,359,357,361
1,361,3,361,358,355,361,358,355,361
1,361,5,361,356,351,361,356,351,361
1,361,7,361,354,347,361,354,347,361
1,361,11,361,350,339,361,350,339,361
1,361,13,361,348,335,361,348,335,361
1,361,17,361,344,327,361,344,327,361
1,361,19,361,342,323,361,342,323,361
1,362,2,362,360,358,362,360,358,362
1,362,3,362,359,356,362,359,356,362
1,362,5,362,357,352,362,357,352,362
1,362,7,362,355,348,362,355,348,362
1,362,11,362,351,340,362,351,340,362
1,362,13,362,349,336,362,349,336,362
1,362,17,362,345,328,362,345,328,362
1,362,19,362,343,324,362,343,324,362
1,363,2,363,361,359,363,361,359,363
1,363,3,363,360,357,363,360,357,363
1,363,5,363,358,353,363,358,353,363
1,363,7,363,356,349,363,356,349,363
1,363,11,363,352,341,363,352,341,363
1,363,13,363,350,337,363,350,337,363
1,363,17,363,346,329,363,346,329,363
1,363,19,363,344,325,363,344,325,363
1,364,2,364,362,360,364,362,360,364
1,364,3,364,361,358,364,361,358,364
1,364,5,364,359,354,364,359,354,364
1,364,7,364,357,350,364,357,350,364
1,364,11,364,353,342,364,353,342,364
1,364,13,364,351,338,364,351,338,364
1,364,17,364,347,330,364,347,330,364
1,364,19,364,345,326,364,345,326,364
1,365,2,365,363,361,365,363,361,365
1,365,3,365,362,359,365,362,359,365
1,365,5,365,360,355,365,360,355,365
1,365,7,365,358,351,365,358,351,365
1,365,11,365,354,343,365,354,343,365
1,365,13,365,352,339,365,352,339,365
1,365,17,365,348,331,365,348,331,365
1,365,19,365,346,327,365,346,327,365
1,366,2,366,364,362,366,364,362,366
1,366,3,366,363,360,366,363,360,366
1,366,5,366,361,356,366,361,356,366
1,366,7,366,359,352,366,359,352,366
1,366,11,366,355,344,366,355,344,366
1,366,13,366,353,340,366,353,340,366
1,366,17,366,349,332,366,349,332,366
1,366,19,366,347,328,366,347,328,366
1,367,2,367,365,363,367,365,363,367
1,367,3,367,364,361,367,364,361,367
1,367,5,367,362,357,367,362,357,367
1,367,7,367,360,353,367,360,353,367
1,367,11,367,356,345,367,356,345,367
1,367,13,367,354,341,367,354,341,367
1,367,17,367,350,333,367,350,333,367
1,367,19,367,348,329,367,348,329,367
1,368,2,368,366,364,368,366,364,368
1,368,3,368,365,362,368,365,362,368
1,368,5,368,363,358,368,363,358,368
1,368,7,368,361,354,368,361,354,368
1,368,11,368,357,346,368,357,346,368
1,368,13,368,355,342,368,355,342,368
1,368,17,368,351,334,368,351,334,368
1,368,19,368,349,330,368,349,330,368
1,369,2,369,367,365,369,367,365,369
1,369,3,369,366,363,369,366,363,369
1,369,5,369,364,359,369,364,359,369
1,369,7,369,362,355,369,362,355,369
1,369,11,369,358,347,369,358,347,369
1,369,13,369,356,343,369,356,343,369
1,369,17,369,352,335,369,352,335,369
1,369,19,369,350,331,369,350,331,369
1,370,2,370,368,366,370,368,366,370
1,370,3,370,367,364,370,367,364,370
1,370,5,370,365,360,370,365,360,370
1,370,7,370,363,356,370,363,356,370
1,370,11,370,359,348,370,359,348,370
1,370,13,370,357,344,370,357,344,370
1,370,17,370,353,336,370,353,336,370
1,370,19,370,351,332,370,351,332,370
1,371,2,371,369,367,371,369,367,371
1,371,3,371,368,365,371,368,365,371
1,371,5,371,366,361,371,366,361,371
1,371,7,371,364,357,371,364,357,371
1,371,11,371,360,349,371,360,349,371
1,371,13,371,358,345,371,358,345,371
1,371,17,371,354,337,371,354,337,371
1,371,19,371,352,333,371,352,333,371
1,372,2,372,370,368,372,370,368,372
1,372,3,372,369,366,372,369,366,372
1,372,5,372,367,362,372,367,362,372
1,372,7,372,365,358,372,365,358,372
1,372,11,372,361,350,372,361,350,372
1,372,13,372,359,346,372,359,346,372
1,372,17,372,355,338,372,355,338,372
1,372,19,372,353,334,372,353,334,372
1,373,2,373,371,369,373,371,369,373
1,373,3,373,370,367,373,370,367,373
1,373,5,373,368,363,373,368,363,373
1,373,7,373,366,359,373,366,359,373
1,373,11,373,362,351,373,362,351,373
1,373,13,373,360,347,373,360,347,373
1,373,17,373,356,339,373,356,339,373
1,373,19,373,354,335,373,354,335,373
1,374,2,374,372,370,374,372,370,374
1,374,3,374,371,368,374,371,368,374
1,374,5,374,369,364,374,369,364,374
1,374,7,374,367,360,374,367,360,374
1,374,11,374,363,352,374,363,352,374
1,374,13,374,361,348,374,361,348,374
1,374,17,374,357,340,374,357,340,374
1,374,19,374,355,336,374,355,336,374
1,375,2,375,373,371,375,373,371,375
1,375,3,375,372,369,375,372,369,375
1,375,5,375,370,365,375,370,365,375
1,375,7,375,368,361,375,368,361,375
1,375,11,375,364,353,375,364,353,375
1,375,13,375,362,349,375,362,349,375
1,375,17,375,358,341,375,358,341,375
1,375,19,375,356,337,375,356,337,375
1,376,2,376,374,372,376,374,372,376
1,376,3,376,373,370,376,373,370,376
1,376,5,376,371,366,376,371,366,376
1,376,7,376,369,362,376,369,362,376
1,376,11,376,365,354,376,365,354,376
1,376,13,376,363,350,376,363,350,376
1,376,17,376,359,342,376,359,342,376
1,376,19,376,357,338,376,357,338,376
1,377,2,377,375,373,377,375,373,377
1,377,3,377,374,371,377,374,371,377
1,377,5,377,372,367,377,372,367,377
1,377,7,377,370,363,377,370,363,377
1,377,11,377,366,355,377,366,355,377
1,377,13,377,364,351,377,364,351,377
1,377,17,377,360,343,377,360,343,377
1,377,19,377,358,339,377,358,339,377
1,378,2,378,376,374,378,376,374,378
1,378,3,378,375,372,378,375,372,378
1,378,5,378,373,368,378,373,368,378
1,378,7,378,371,364,378,371,364,378
1,378,11,378,367,356,378,367,356,378
1,378,13,378,365,352,378,365,352,378
1,378,17,378,361,344,378,361,344,378
1,378,19,378,359,340,378,359,340,378
1,379,2,379,377,375,379,377,375,379
1,379,3,379,376,373,379,376,373,379
1,379,5,379,374,369,379,374,369,379
1,379,7,379,372,365,379,372,365,379
1,379,11,379,368,357,379,368,357,379
1,379,13,379,366,353,379,366,353,379
1,379,17,379,362,345,379,362,345,379
1,379,19,379,360,341,379,360,341,379
1,380,2,380,378,376,380,378,376,380
1,380,3,380,377,374,380,377,374,380
1,380,5,380,375,370,380,375,370,380
1,380,7,380,373,366,380,373,366,380
1,380,11,380,369,358,380,369,358,380
1,380,13,380,367,354,380,367,354,380
1,380,17,380,363,346,380,363,346,380
1,380,19,380,361,342,380,361,342,380
1,381,2,381,379,377,381,379,377,381
1,381,3,381,378,375,381,378,375,381
1,381,5,381,376,371,381,376,371,381
1,381,7,381,374,367,381,374,367,381
1,381,11,381,370,359,381,370,359,381
1,381,13,381,368,355,381,368,355,381
1,381,17,381,364,347,381,364,347,381
1,381,19,381,362,343,381,362,343,381
1,382,2,382,380,378,382,380,378,382
1,382,3,382,379,376,382,379,376,382
1,382,5,382,377,372,382,377,372,382
1,382,7,382,375,368,382,375,368,382
1,382,11,382,371,360,382,371,360,382
1,382,13,382,369,356,382,369,356,382
1,382,17,382,365,348,382,365,348,382
1,382,19,382,363,344,382,363,344,382
1,383,2,383,381,379,383,381,379,383
1,383,3,383,380,377,383,380,377,383
1,383,5,383,378,373,383,378,373,383
1,383,7,383,376,369,383,376,369,383
1,383,11,383,372,361,383,372,361,383
1,383,13,383,370,357,383,370,357,383
1,383,17,383,366,349,383,366,349,383
1,383,19,383,364,345,383,364,345,383
1,384,2,384,382,380,384,382,380,384
1,384,3,384,381,378,384,381,378,384
1,384,5,384,379,374,384,379,374,384
1,384,7,384,377,370,384,377,370,384
1,384,11,384,373,362,384,373,362,384
1,384,13,384,371,358,384,371,358,384
1,384,17,384,367,350,384,367,350,384
1,384,19,384,365,346,384,365,346,384
1,385,2,385,383,381,385,383,381,385
1,385,3,385,382,379,385,382,379,385
1,385,5,385,380,375,385,380,375,385
1,385,7,385,378,371,385,378,371,385
1,385,11,385,374,363,385,374,363,385
1,385,13,385,372,359,385,372,359,385
1,385,17,385,368,351,385,368,351,385
1,385,19,385,366,347,385,366,347,385
1,386,2,386,384,382,386,384,382,386
1,386,3,386,383,380,386,383,380,386
1,386,5,386,381,376,386,381,376,386
1,386,7,386,379,372,386,379,372,386
1,386,11,386,375,364,386,375,364,386
1,386,13,386,373,360,386,373,360,386
1,386,17,386,369,352,386,369,352,386
1,386,19,386,367,348,386,367,348,386
1,387,2,387,385,383,387,385,383,387
1,387,3,387,384,381,387,384,381,387
1,387,5,387,382,377,387,382,377,387
1,387,7,387,380,373,387,380,373,387
1,387,11,387,376,365,387,376,365,387
1,387,13,387,374,361,387,374,361,387
1,387,17,387,370,353,387,370,353,387
1,387,19,387,368,349,387,368,349,387
1,388,2,388,386,384,388,386,384,388
1,388,3,388,385,382,388,385,382,388
1,388,5,388,383,378,388,383,378,388
1,388,7,388,381,374,388,381,374,388
1,388,11,388,377,366,388,377,366,388
1,388,13,388,375,362,388,375,362,388
1,388,17,388,371,354,388,371,354,388
1,388,19,388,369,350,388,369,350,388
1,389,2,389,387,385,389,387,385,389
1,389,3,389,386,383,389,386,383,389
1,389,5,389,384,379,389,384,379,389
1,389,7,389,382,375,389,382,375,389
1,389,11,389,378,367,389,378,367,389
1,389,13,389,376,363,389,376,363,389
1,389,17,389,372,355,389,372,355,389
1,389,19,389,370,351,389,370,351,389
1,390,2,390,388,386,390,388,386,390
1,390,3,390,387,384,390,387,384,390
1,390,5,390,385,380,390,385,380,390
1,390,7,390,383,376,390,383,376,390
1,390,11,390,379,368,390,379,368,390
1,390,13,390,377,364,390,377,364,390
1,390,17,390,373,356,390,373,356,390
1,390,19,390,371,352,390,371,352,390
1,391,2,391,389,387,391,389,387,391
1,391,3,391,388,385,391,388,385,391
1,391,5,391,386,381,391,386,381,391
1,391,7,391,384,377,391,384,377,391
1,391,11,391,380,369,391,380,369,391
1,391,13,391,378,365,391,378,365,391
1,391,17,391,374,357,391,374,357,391
1,391,19,391,372,353,391,372,353,391
1,392,2,392,390,388,392,390,388,392
1,392,3,392,389,386,392,389,386,392
1,392,5,392,387,382,392,387,382,392
1,392,7,392,385,378,392,385,378,392
1,392,11,392,381,370,392,381,370,392
1,392,13,392,379,366,392,379,366,392
1,392,17,392,375,358,392,375,358,392
1,392,19,392,373,354,392,373,354,392
1,393,2,393,391,389,393,391,389,393
1,393,3,393,390,387,393,390,387,393
1,393,5,393,388,383,393,388,383,393
1,393,7,393,386,379,393,386,379,393
1,393,11,393,382,371,393,382,371,393
1,393,13,393,380,367,393,380,367,393
1,393,17,393,376,359,393,376,359,393
1,393,19,393,374,355,393,374,355,393
1,394,2,394,392,390,394,392,390,394
1,394,3,394,391,388,394,391,388,394
1,394,5,394,389,384,394,389,384,394
1,394,7,394,387,380,394,387,380,394
1,394,11,394,383,372,394,383,372,394
1,394,13,394,381,368,394,381,368,394
1,394,17,394,377,360,394,377,360,394
1,394,19,394,375,356,394,375,356,394
1,395,2,395,393,391,395,393,391,395
1,395,3,395,392,389,395,392,389,395
1,395,5,395,390,385,395,390,385,395
1,395,7,395,388,381,395,388,381,395
1,395,11,395,384,373,395,384,373,395
1,395,13,395,382,369,395,382,369,395
1,395,17,395,378,361,395,378,361,395
1,395,19,395,376,357,395,376,357,395
1,396,2,396,394,392,396,394,392,396
1,396,3,396,393,390,396,393,390,396
1,396,5,396,391,386,396,391,386,396
1,396,7,396,389,382,396,389,382,396
1,396,11,396,385,374,396,385,374,396
1,396,13,396,383,370,396,383,370,396
1,396,17,396,379,362,396,379,362,396
1,396,19,396,377,358,396,377,358,396
1,397,2,397,395,393,397,395,393,397
1,397,3,397,394,391,397,394,391,397
1,397,5,397,392,387,397,392,387,397
1,397,7,397,390,383,397,390,383,397
1,397,11,397,386,375,397,386,375,397
1,397,13,397,384,371,397,384,371,397
1,397,17,397,380,363,397,380,363,397
1,397,19,397,378,359,397,378,359,397
1,398,2,398,396,394,398,396,394,398
1,398,3,398,395,392,398,395,392,398
1,398,5,398,393,388,398,393,388,398
1,398,7,398,391,384,398,391,384,398
1,398,11,398,387,376,398,387,376,398
1,398,13,398,385,372,398,385,372,398
1,398,17,398,381,364,398,381,364,398
1,398,19,398,379,360,398,379,360,398
1,399,2,399,397,395,399,397,395,399
1,399,3,399,396,393,399,396,393,399
1,399,5,399,394,389,399,394,389,399
1,399,7,399,392,385,399,392,385,399
1,399,11,399,388,377,399,388,377,399
1,399,13,399,386,373,399,386,373,399
1,399,17,399,382,365,399,382,365,399
1,399,19,399,380,361,399,380,361,399
1,400,2,400,398,396,400,398,396,400
1,400,3,400,397,394,400,397,394,400
1,400,5,400,395,390,400,395,390,400
1,400,7,400,393,386,400,393,386,400
1,400,11,400,389,378,400,389,378,400
1,400,13,400,387,374,400,387,374,400
1,400,17,400,383,366,400,383,366,400
1,400,19,400,381,362,400,381,362,400
1,401,2,401,399,397,401,399,397,401
1,401,3,401,398,395,401,398,395,401
1,401,5,401,396,391,401,396,391,401
1,401,7,401,394,387,401,394,387,401
1,401,11,401,390,379,401,390,379,401
1,401,13,401,388,375,401,388,375,401
1,401,17,401,384,367,401,384,367,401
1,401,19,401,382,363,401,382,363,401
1,402,2,402,400,398,402,400,398,402
1,402,3,402,399,396,402,399,396,402
1,402,5,402,397,392,402,397,392,402
1,402,7,402,395,388,402,395,388,402
1,402,11,402,391,380,402,391,380,402
1,402,13,402,389,376,402,389,376,402
1,402,17,402,385,368,402,385,368,402
1,402,19,402,383,364,402,383,364,402
1,403,2,403,401,399,403,401,399,403
1,403,3,403,400,397,403,400,397,403
1,403,5,403,398,393,403,398,393,403
1,403,7,403,396,389,403,396,389,403
1,403,11,403,392,381,403,392,381,403
1,403,13,403,390,377,403,390,377,403
1,403,17,403,386,369,403,386,369,403
1,403,19,403,384,365,403,384,365,403
1,404,2,404,402,400,404,402,400,404
1,404,3,404,401,398,404,401,398,404
1,404,5,404,399,394,404,399,394,404
1,404,7,404,397,390,404,397,390,404
1,404,11,404,393,382,404,393,382,404
1,404,13,404,391,378,404,391,378,404
1,404,17,404,387,370,404,387,370,404
1,404,19,404,385,366,404,385,366,404
1,405,2,405,403,401,405,403,401,405
1,405,3,405,402,399,405,402,399,405
1,405,5,405,400,395,405,400,395,405
1,405,7,405,398,391,405,398,391,405
1,405,11,405,394,383,405,394,383,405
1,405,13,405,392,379,405,392,379,405
1,405,17,405,388,371,405,388,371,405
1,405,19,405,386,367,405,386,367,405
1,406,2,406,404,402,406,404,402,406
1,406,3,406,403,400,406,403,400,406
1,406,5,406,401,396,406,401,396,406
1,406,7,406,399,392,406,399,392,406
1,406,11,406,395,384,406,395,384,406
1,406,13,406,393,380,406,393,380,406
1,406,17,406,389,372,406,389,372,406
1,406,19,406,387,368,406,387,368,406
1,407,2,407,405,403,407,405,403,407
1,407,3,407,404,401,407,404,401,407
1,407,5,407,402,397,407,402,397,407
1,407,7,407,400,393,407,400,393,407
1,407,11,407,396,385,407,396,385,407
1,407,13,407,394,381,407,394,381,407
1,407,17,407,390,373,407,390,373,407
1,407,19,407,388,369,407,388,369,407
1,408,2,408,406,404,408,406,404,408
1,408,3,408,405,402,408,405,402,408
1,408,5,408,403,398,408,403,398,408
1,408,7,408,401,394,408,401,394,408
1,408,11,408,397,386,408,397,386,408
1,408,13,408,395,382,408,395,382,408
1,408,17,408,391,374,408,391,374,408
1,408,19,408,389,370,408,389,370,408
1,409,2,409,407,405,409,407,405,409
1,409,3,409,406,403,409,406,403,409
1,409,5,409,404,399,409,404,399,409
1,409,7,409,402,395,409,402,395,409
1,409,11,409,398,387,409,398,387,409
1,409,13,409,396,383,409,396,383,409
1,409,17,409,392,375,409,392,375,409
1,409,19,409,390,371,409,390,371,409
1,410,2,410,408,406,410,408,406,410
1,410,3,410,407,404,410,407,404,410
1,410,5,410,405,400,410,405,400,410
1,410,7,410,403,396,410,403,396,410
1,410,11,410,399,388,410,399,388,410
1,410,13,410,397,384,410,397,384,410
1,410,17,410,393,376,410,393,376,410
1,410,19,410,391,372,410,391,372,410
1,411,2,411,409,407,411,409,407,411
1,411,3,411,408,405,411,408,405,411
1,411,5,411,406,401,411,406,401,411
1,411,7,411,404,397,411,404,397,411
1,411,11,411,400,389,411,400,389,411
1,411,13,411,398,385,411,398,385,411
1,411,17,411,394,377,411,394,377,411
1,411,19,411,392,373,411,392,373,411
1,412,2,412,410,408,412,410,408,412
1,412,3,412,409,406,412,409,406,412
1,412,5,412,407,402,412,407,402,412
1,412,7,412,405,398,412,405,398,412
1,412,11,412,401,390,412,401,390,412
1,412,13,412,399,386,412,399,386,412
1,412,17,412,395,378,412,395,378,412
1,412,19,412,393,374,412,393,374,412
1,413,2,413,411,409,413,411,409,413
1,413,3,413,410,407,413,410,407,413
1,413,5,413,408,403,413,408,403,413
1,413,7,413,406,399,413,406,399,413
1,413,11,413,402,391,413,402,391,413
1,413,13,413,400,387,413,400,387,413
1,413,17,413,396,379,413,396,379,413
1,413,19,413,394,375,413,394,375,413
1,414,2,414,412,410,414,412,410,414
1,414,3,414,411,408,414,411,408,414
1,414,5,414,409,404,414,409,404,414
1,414,7,414,407,400,414,407,400,414
1,414,11,414,403,392,414,403,392,414
1,414,13,414,401,388,414,401,388,414
1,414,17,414,397,380,414,397,380,414
1,414,19,414,395,376,414,395,376,414
1,415,2,415,413,411,415,413,411,415
1,415,3,415,412,409,415,412,409,415
1,415,5,415,410,405,415,410,405,415
1,415,7,415,408,401,415,408,401,415
1,415,11,415,404,393,415,404,393,415
1,415,13,415,402,389,415,402,389,415
1,415,17,415,398,381,415,398,381,415
1,415,19,415,396,377,415,396,377,415
1,416,2,416,414,412,416,414,412,416
1,416,3,416,413,410,416,413,410,416
1,416,5,416,411,406,416,411,406,416
1,416,7,416,409,402,416,409,402,416
1,416,11,416,405,394,416,405,394,416
1,416,13,416,403,390,416,403,390,416
1,416,17,416,399,382,416,399,382,416
1,416,19,416,397,378,416,397,378,416
1,417,2,417,415,413,417,415,413,417
1,417,3,417,414,411,417,414,411,417
1,417,5,417,412,407,417,412,407,417
1,417,7,417,410,403,417,410,403,417
1,417,11,417,406,395,417,406,395,417
1,417,13,417,404,391,417,404,391,417
1,417,17,417,400,383,417,400,383,417
1,417,19,417,398,379,417,398,379,417
1,418,2,418,416,414,418,416,414,418
1,418,3,418,415,412,418,415,412,418
1,418,5,418,413,408,418,413,408,418
1,418,7,418,411,404,418,411,404,418
1,418,11,418,407,396,418,407,396,418
1,418,13,418,405,392,418,405,392,418
1,418,17,418,401,384,418,401,384,418
1,418,19,418,399,380,418,399,380,418
1,419,2,419,417,415,419,417,415,419
1,419,3,419,416,413,419,416,413,419
1,419,5,419,414,409,419,414,409,419
1,419,7,419,412,405,419,412,405,419
1,419,11,419,408,397,419,408,397,419
1,419,13,419,406,393,419,406,393,419
1,419,17,419,402,385,419,402,385,419
1,419,19,419,400,381,419,400,381,419
1,420,2,420,418,416,420,418,416,420
1,420,3,420,417,414,420,417,414,420
1,420,5,420,415,410,420,415,410,420
1,420,7,420,413,406,420,413,406,420
1,420,11,420,409,398,420,409,398,420
1,420,13,420,407,394,420,407,394,420
1,420,17,420,403,386,420,403,386,420
1,420,19,420,401,382,420,401,382,420
1,421,2,421,419,417,421,419,417,421
1,421,3,421,418,415,421,418,415,421
1,421,5,421,416,411,421,416,411,421
1,421,7,421,414,407,421,414,407,421
1,421,11,421,410,399,421,410,399,421
1,421,13,421,408,395,421,408,395,421
1,421,17,421,404,387,421,404,387,421
1,421,19,421,402,383,421,402,383,421
1,422,2,422,420,418,422,420,418,422
1,422,3,422,419,416,422,419,416,422
1,422,5,422,417,412,422,417,412,422
1,422,7,422,415,408,422,415,408,422
1,422,11,422,411,400,422,411,400,422
1,422,13,422,409,396,422,409,396,422
1,422,17,422,405,388,422,405,388,422
1,422,19,422,403,384,422,403,384,422
1,423,2,423,421,419,423,421,419,423
1,423,3,423,420,417,423,420,417,423
1,423,5,423,418,413,423,418,413,423
1,423,7,423,416,409,423,416,409,423
1,423,11,423,412,401,423,412,401,423
1,423,13,423,410,397,423,410,397,423
1,423,17,423,406,389,423,406,389,423
1,423,19,423,404,385,423,404,385,423
1,424,2,424,422,420,424,422,420,424
1,424,3,424,421,418,424,421,418,424
1,424,5,424,419,414,424,419,414,424
1,424,7,424,417,410,424,417,410,424
1,424,11,424,413,402,424,413,402,424
1,424,13,424,411,398,424,411,398,424
1,424,17,424,407,390,424,407,390,424
1,424,19,424,405,386,424,405,386,424
1,425,2,425,423,421,425,423,421,425
1,425,3,425,422,419,425,422,419,425
1,425,5,425,420,415,425,420,415,425
1,425,7,425,418,411,425,418,411,425
1,425,11,425,414,403,425,414,403,425
1,425,13,425,412,399,425,412,399,425
1,425,17,425,408,391,425,408,391,425
1,425,19,425,406,387,425,406,387,425
1,426,2,426,424,422,426,424,422,426
1,426,3,426,423,420,426,423,420,426
1,426,5,426,421,416,426,421,416,426
1,426,7,426,419,412,426,419,412,426
1,426,11,426,415,404,426,415,404,426
1,426,13,426,413,400,426,413,400,426
1,426,17,426,409,392,426,409,392,426
1,426,19,426,407,388,426,407,388,426
1,427,2,427,425,423,427,425,423,427
1,427,3,427,424,421,427,424,421,427
1,427,5,427,422,417,427,422,417,427
1,427,7,427,420,413,427,420,413,427
1,427,11,427,416,405,427,416,405,427
1,427,13,427,414,401,427,414,401,427
1,427,17,427,410,393,427,410,393,427
1,427,19,427,408,389,427,408,389,427
1,428,2,428,426,424,428,426,424,428
1,428,3,428,425,422,428,425,422,428
1,428,5,428,423,418,428,423,418,428
1,428,7,428,421,414,428,421,414,428
1,428,11,428,417,406,428,417,406,428
1,428,13,428,415,402,428,415,402,428
1,428,17,428,411,394,428,411,394,428
1,428,19,428,409,390,428,409,390,428
1,429,2,429,427,425,429,427,425,429
1,429,3,429,426,423,429,426,423,429
1,429,5,429,424,419,429,424,419,429
1,429,7,429,422,415,429,422,415,429
1,429,11,429,418,407,429,418,407,429
1,429,13,429,416,403,429,416,403,429
1,429,17,429,412,395,429,412,395,429
1,429,19,429,410,391,429,410,391,429
1,430,2,430,428,426,430,428,426,430
1,430,3,430,427,424,430,427,424,430
1,430,5,430,425,420,430,425,420,430
1,430,7,430,423,416,430,423,416,430
1,430,11,430,419,408,430,419,408,430
1,430,13,430,417,404,430,417,404,430
1,430,17,430,413,396,430,413,396,430
1,430,19,430,411,392,430,411,392,430
1,431,2,431,429,427,431,429,427,431
1,431,3,431,428,425,431,428,425,431
1,431,5,431,426,421,431,426,421,431
1,431,7,431,424,417,431,424,417,431
1,431,11,431,420,409,431,420,409,431
1,431,13,431,418,405,431,418,405,431
1,431,17,431,414,397,431,414,397,431
1,431,19,431,412,393,431,412,393,431
1,432,2,432,430,428,432,430,428,432
1,432,3,432,429,426,432,429,426,432
1,432,5,432,427,422,432,427,422,432
1,432,7,432,425,418,432,425,418,432
1,432,11,432,421,410,432,421,410,432
1,432,13,432,419,406,432,419,406,432
1,432,17,432,415,398,432,415,398,432
1,432,19,432,413,394,432,413,394,432
1,433,2,433,431,429,433,431,429,433
1,433,3,433,430,427,433,430,427,433
1,433,5,433,428,423,433,428,423,433
1,433,7,433,426,419,433,426,419,433
1,433,11,433,422,411,433,422,411,433
1,433,13,433,420,407,433,420,407,433
1,433,17,433,416,399,433,416,399,433
1,433,19,433,414,395,433,414,395,433
1,434,2,434,432,430,434,432,430,434
1,434,3,434,431,428,434,431,428,434
1,434,5,434,429,424,434,429,424,434
1,434,7,434,427,420,434,427,420,434
1,434,11,434,423,412,434,423,412,434
1,434,13,434,421,408,434,421,408,434
1,434,17,434,417,400,434,417,400,434
1,434,19,434,415,396,434,415,396,434
1,435,2,435,433,431,435,433,431,435
1,435,3,435,432,429,435,432,429,435
1,435,5,435,430,425,435,430,425,435
1,435,7,435,428,421,435,428,421,435
1,435,11,435,424,413,435,424,413,435
1,435,13,435,422,409,435,422,409,435
1,435,17,435,418,401,435,418,401,435
1,435,19,435,416,397,435,416,397,435
1,436,2,436,434,432,436,434,432,436
1,436,3,436,433,430,436,433,430,436
1,436,5,436,431,426,436,431,426,436
1,436,7,436,429,422,436,429,422,436
1,436,11,436,425,414,436,425,414,436
1,436,13,436,423,410,436,423,410,436
1,436,17,436,419,402,436,419,402,436
1,436,19,436,417,398,436,417,398,436
1,437,2,437,435,433,437,435,433,437
1,437,3,437,434,431,437,434,431,437
1,437,5,437,432,427,437,432,427,437
1,437,7,437,430,423,437,430,423,437
1,437,11,437,426,415,437,426,415,437
1,437,13,437,424,411,437,424,411,437
1,437,17,437,420,403,437,420,403,437
1,437,19,437,418,399,437,418,399,437
1,438,2,438,436,434,438,436,434,438
1,438,3,438,435,432,438,435,432,438
1,438,5,438,433,428,438,433,428,438
1,438,7,438,431,424,438,431,424,438
1,438,11,438,427,416,438,427,416,438
1,438,13,438,425,412,438,425,412,438
1,438,17,438,421,404,438,421,404,438
1,438,19,438,419,400,438,419,400,438
1,439,2,439,437,435,439,437,435,439
1,439,3,439,436,433,439,436,433,439
1,439,5,439,434,429,439,434,429,439
1,439,7,439,432,425,439,432,425,439
1,439,11,439,428,417,439,428,417,439
1,439,13,439,426,413,439,426,413,439
1,439,17,439,422,405,439,422,405,439
1,439,19,439,420,401,439,420,401,439
1,440,2,440,438,436,440,438,436,440
1,440,3,440,437,434,440,437,434,440
1,440,5,440,435,430,440,435,430,440
1,440,7,440,433,426,440,433,426,440
1,440,11,440,429,418,440,429,418,440
1,440,13,440,427,414,440,427,414,440
1,440,17,440,423,406,440,423,406,440
1,440,19,440,421,402,440,421,402,440
1,441,2,441,439,437,441,439,437,441
1,441,3,441,438,435,441,438,435,441
1,441,5,441,436,431,441,436,431,441
1,441,7,441,434,427,441,434,427,441
1,441,11,441,430,419,441,430,419,441
1,441,13,441,428,415,441,428,415,441
1,441,17,441,424,407,441,424,407,441
1,441,19,441,422,403,441,422,403,441
1,442,2,442,440,438,442,440,438,442
1,442,3,442,439,436,442,439,436,442
1,442,5,442,437,432,442,437,432,442
1,442,7,442,435,428,442,435,428,442
1,442,11,442,431,420,442,431,420,442
1,442,13,442,429,416,442,429,416,442
1,442,17,442,425,408,442,425,408,442
1,442,19,442,423,404,442,423,404,442
1,443,2,443,441,439,443,441,439,443
1,443,3,443,440,437,443,440,437,443
1,443,5,443,438,433,443,438,433,443
1,443,7,443,436,429,443,436,429,443
1,443,11,443,432,421,443,432,421,443
1,443,13,443,430,417,443,430,417,443
1,443,17,443,426,409,443,426,409,443
1,443,19,443,424,405,443,424,405,443
1,444,2,444,442,440,444,442,440,444
1,444,3,444,441,438,444,441,438,444
1,444,5,444,439,434,444,439,434,444
1,444,7,444,437,430,444,437,430,444
1,444,11,444,433,422,444,433,422,444
1,444,13,444,431,418,444,431,418,444
1,444,17,444,427,410,444,427,410,444
1,444,19,444,425,406,444,425,406,444
1,445,2,445,443,441,445,443,441,445
1,445,3,445,442,439,445,442,439,445
1,445,5,445,440,435,445,440,435,445
1,445,7,445,438,431,445,438,431,445
1,445,11,445,434,423,445,434,423,445
1,445,13,445,432,419,445,432,419,445
1,445,17,445,428,411,445,428,411,445
1,445,19,445,426,407,445,426,407,445
1,446,2,446,444,442,446,444,442,446
1,446,3,446,443,440,446,443,440,446
1,446,5,446,441,436,446,441,436,446
1,446,7,446,439,432,446,439,432,446
1,446,11,446,435,424,446,435,424,446
1,446,13,446,433,420,446,433,420,446
1,446,17,446,429,412,446,429,412,446
1,446,19,446,427,408,446,427,408,446
1,447,2,447,445,443,447,445,443,447
1,447,3,447,444,441,447,444,441,447
1,447,5,447,442,437,447,442,437,447
1,447,7,447,440,433,447,440,433,447
1,447,11,447,436,425,447,436,425,447
1,447,13,447,434,421,447,434,421,447
1,447,17,447,430,413,447,430,413,447
1,447,19,447,428,409,447,428,409,447
1,448,2,448,446,444,448,446,444,448
1,448,3,448,445,442,448,445,442,448
1,448,5,448,443,438,448,443,438,448
1,448,7,448,441,434,448,441,434,448
1,448,11,448,437,426,448,437,426,448
1,448,13,448,435,422,448,435,422,448
1,448,17,448,431,414,448,431,414,448
1,448,19,448,429,410,448,429,410,448
1,449,2,449,447,445,449,447,445,449
1,449,3,449,446,443,449,446,443,449
1,449,5,449,444,439,449,444,439,449
1,449,7,449,442,435,449,442,435,449
1,449,11,449,438,427,449,438,427,449
1,449,13,449,436,423,449,436,423,449
1,449,17,449,432,415,449,432,415,449
1,449,19,449,430,411,449,430,411,449
1,450,2,450,448,446,450,448,446,450
1,450,3,450,447,444,450,447,444,450
1,450,5,450,445,440,450,445,440,450
1,450,7,450,443,436,450,443,436,450
1,450,11,450,439,428,450,439,428,450
1,450,13,450,437,424,450,437,424,450
1,450,17,450,433,416,450,433,416,450
1,450,19,450,431,412,450,431,412,450
1,451,2,451,449,447,451,449,447,451
1,451,3,451,448,445,451,448,445,451
1,451,5,451,446,441,451,446,441,451
1,451,7,451,444,437,451,444,437,451
1,451,11,451,440,429,451,440,429,451
1,451,13,451,438,425,451,438,425,451
1,451,17,451,434,417,451,434,417,451
1,451,19,451,432,413,451,432,413,451
1,452,2,452,450,448,452,450,448,452
1,452,3,452,449,446,452,449,446,452
1,452,5,452,447,442,452,447,442,452
1,452,7,452,445,438,452,445,438,452
1,452,11,452,441,430,452,441,430,452
1,452,13,452,439,426,452,439,426,452
1,452,17,452,435,418,452,435,418,452
1,452,19,452,433,414,452,433,414,452
1,453,2,453,451,449,453,451,449,453
1,453,3,453,450,447,453,450,447,453
1,453,5,453,448,443,453,448,443,453
1,453,7,453,446,439,453,446,439,453
1,453,11,453,442,431,453,442,431,453
1,453,13,453,440,427,453,440,427,453
1,453,17,453,436,419,453,436,419,453
1,453,19,453,434,415,453,434,415,453
1,454,2,454,452,450,454,452,450,454
1,454,3,454,451,448,454,451,448,454
1,454,5,454,449,444,454,449,444,454
1,454,7,454,447,440,454,447,440,454
1,454,11,454,443,432,454,443,432,454
1,454,13,454,441,428,454,441,428,454
1,454,17,454,437,420,454,437,420,454
1,454,19,454,435,416,454,435,416,454
1,455,2,455,453,451,455,453,451,455
1,455,3,455,452,449,455,452,449,455
1,455,5,455,450,445,455,450,445,455
1,455,7,455,448,441,455,448,441,455
1,455,11,455,444,433,455,444,433,455
1,455,13,455,442,429,455,442,429,455
1,455,17,455,438,421,455,438,421,455
1,455,19,455,436,417,455,436,417,455
1,456,2,456,454,452,456,454,452,456
1,456,3,456,453,450,456,453,450,456
1,456,5,456,451,446,456,451,446,456
1,456,7,456,449,442,456,449,442,456
1,456,11,456,445,434,456,445,434,456
1,456,13,456,443,430,456,443,430,456
1,456,17,456,439,422,456,439,422,456
1,456,19,456,437,418,456,437,418,456
1,457,2,457,455,453,457,455,453,457
1,457,3,457,454,451,457,454,451,457
1,457,5,457,452,447,457,452,447,457
1,457,7,457,450,443,457,450,443,457
1,457,11,457,446,435,457,446,435,457
1,457,13,457,444,431,457,444,431,457
1,457,17,457,440,423,457,440,423,457
1,457,19,457,438,419,457,438,419,457
1,458,2,458,456,454,458,456,454,458
1,458,3,458,455,452,458,455,452,458
1,458,5,458,453,448,458,453,448,458
1,458,7,458,451,444,458,451,444,458
1,458,11,458,447,436,458,447,436,458
1,458,13,458,445,432,458,445,432,458
1,458,17,458,441,424,458,441,424,458
1,458,19,458,439,420,458,439,420,458
1,459,2,459,457,455,459,457,455,459
1,459,3,459,456,453,459,456,453,459
1,459,5,459,454,449,459,454,449,459
1,459,7,459,452,445,459,452,445,459
1,459,11,459,448,437,459,448,437,459
1,459,13,459,446,433,459,446,433,459
1,459,17,459,442,425,459,442,425,459
1,459,19,459,440,421,459,440,421,459
1,460,2,460,458,456,460,458,456,460
1,460,3,460,457,454,460,457,454,460
1,460,5,460,455,450,460,455,450,460
1,460,7,460,453,446,460,453,446,460
1,460,11,460,449,438,460,449,438,460
1,460,13,460,447,434,460,447,434,460
1,460,17,460,443,426,460,443,426,460
1,460,19,460,441,422,460,441,422,460
1,461,2,461,459,457,461,459,457,461
1,461,3,461,458,455,461,458,455,461
1,461,5,461,456,451,461,456,451,461
1,461,7,461,454,447,461,454,447,461
1,461,11,461,450,439,461,450,439,461
1,461,13,461,448,435,461,448,435,461
1,461,17,461,444,427,461,444,427,461
1,461,19,461,442,423,461,442,423,461
1,462,2,462,460,458,462,460,458,462
1,462,3,462,459,456,462,459,456,462
1,462,5,462,457,452,462,457,452,462
1,462,7,462,455,448,462,455,448,462
1,462,11,462,451,440,462,451,440,462
1,462,13,462,449,436,462,449,436,462
1,462,17,462,445,428,462,445,428,462
1,462,19,462,443,424,462,443,424,462
1,463,2,463,461,459,463,461,459,463
1,463,3,463,460,457,463,460,457,463
1,463,5,463,458,453,463,458,453,463
1,463,7,463,456,449,463,456,449,463
1,463,11,463,452,441,463,452,441,463
1,463,13,463,450,437,463,450,437,463
1,463,17,463,446,429,463,446,429,463
1,463,19,463,444,425,463,444,425,463
1,464,2,464,462,460,464,462,460,464
1,464,3,464,461,458,464,461,458,464
1,464,5,464,459,454,464,459,454,464
1,464,7,464,457,450,464,457,450,464
1,464,11,464,453,442,464,453,442,464
1,464,13,464,451,438,464,451,438,464
1,464,17,464,447,430,464,447,430,464
1,464,19,464,445,426,464,445,426,464
1,465,2,465,463,461,465,463,461,465
1,465,3,465,462,459,465,462,459,465
1,465,5,465,460,455,465,460,455,465
1,465,7,465,458,451,465,458,451,465
1,465,11,465,454,443,465,454,443,465
1,465,13,465,452,439,465,452,439,465
1,465,17,465,448,431,465,448,431,465
1,465,19,465,446,427,465,446,427,465
1,466,2,466,464,462,466,464,462,466
1,466,3,466,463,460,466,463,460,466
1,466,5,466,461,456,466,461,456,466
1,466,7,466,459,452,466,459,452,466
1,466,11,466,455,444,466,455,444,466
1,466,13,466,453,440,466,453,440,466
1,466,17,466,449,432,466,449,432,466
1,466,19,466,447,428,466,447,428,466
1,467,2,467,465,463,467,465,463,467
1,467,3,467,464,461,467,464,461,467
1,467,5,467,462,457,467,462,457,467
1,467,7,467,460,453,467,460,453,467
1,467,11,467,456,445,467,456,445,467
1,467,13,467,454,441,467,454,441,467
1,467,17,467,450,433,467,450,433,467
1,467,19,467,448,429,467,448,429,467
1,468,2,468,466,464,468,466,464,468
1,468,3,468,465,462,468,465,462,468
1,468,5,468,463,458,468,463,458,468
1,468,7,468,461,454,468,461,454,468
1,468,11,468,457,446,468,457,446,468
1,468,13,468,455,442,468,455,442,468
1,468,17,468,451,434,468,451,434,468
1,468,19,468,449,430,468,449,430,468
1,469,2,469,467,465,469,467,465,469
1,469,3,469,466,463,469,466,463,469
1,469,5,469,464,459,469,464,459,469
1,469,7,469,462,455,469,462,455,469
1,469,11,469,458,447,469,458,447,469
1,469,13,469,456,443,469,456,443,469
1,469,17,469,452,435,469,452,435,469
1,469,19,469,450,431,469,450,431,469
1,470,2,470,468,466,470,468,466,470
1,470,3,470,467,464,470,467,464,470
1,470,5,470,465,460,470,465,460,470
1,470,7,470,463,456,470,463,456,470
1,470,11,470,459,448,470,459,448,470
1,470,13,470,457,444,470,457,444,470
1,470,17,470,453,436,470,453,436,470
1,470,19,470,451,432,470,451,432,470
1,471,2,471,469,467,471,469,467,471
1,471,3,471,468,465,471,468,465,471
1,471,5,471,466,461,471,466,461,471
1,471,7,471,464,457,471,464,457,471
1,471,11,471,460,449,471,460,449,471
1,471,13,471,458,445,471,458,445,471
1,471,17,471,454,437,471,454,437,471
1,471,19,471,452,433,471,452,433,471
1,472,2,472,470,468,472,470,468,472
1,472,3,472,469,466,472,469,466,472
1,472,5,472,467,462,472,467,462,472
1,472,7,472,465,458,472,465,458,472
1,472,11,472,461,450,472,461,450,472
1,472,13,472,459,446,472,459,446,472
1,472,17,472,455,438,472,455,438,472
1,472,19,472,453,434,472,453,434,472
1,473,2,473,471,469,473,471,469,473
1,473,3,473,470,467,473,470,467,473
1,473,5,473,468,463,473,468,463,473
1,473,7,473,466,459,473,466,459,473
1,473,11,473,462,451,473,462,451,473
1,473,13,473,460,447,473,460,447,473
1,473,17,473,456,439,473,456,439,473
1,473,19,473,454,435,473,454,435,473
1,474,2,474,472,470,474,472,470,474
1,474,3,474,471,468,474,471,468,474
1,474,5,474,469,464,474,469,464,474
1,474,7,474,467,460,474,467,460,474
1,474,11,474,463,452,474,463,452,474
1,474,13,474,461,448,474,461,448,474
1,474,17,474,457,440,474,457,440,474
1,474,19,474,455,436,474,455,436,474
1,475,2,475,473,471,475,473,471,475
1,475,3,475,472,469,475,472,469,475
1,475,5,475,470,465,475,470,465,475
1,475,7,475,468,461,475,468,461,475
1,475,11,475,464,453,475,464,453,475
1,475,13,475,462,449,475,462,449,475
1,475,17,475,458,441,475,458,441,475
1,475,19,475,456,437,475,456,437,475
1,476,2,476,474,472,476,474,472,476
1,476,3,476,473,470,476,473,470,476
1,476,5,476,471,466,476,471,466,476
1,476,7,476,469,462,476,469,462,476
1,476,11,476,465,454,476,465,454,476
1,476,13,476,463,450,476,463,450,476
1,476,17,476,459,442,476,459,442,476
1,476,19,476,457,438,476,457,438,476
1,477,2,477,475,473,477,475,473,477
1,477,3,477,474,471,477,474,471,477
1,477,5,477,472,467,477,472,467,477
1,477,7,477,470,463,477,470,463,477
1,477,11,477,466,455,477,466,455,477
1,477,13,477,464,451,477,464,451,477
1,477,17,477,460,443,477,460,443,477
1,477,19,477,458,439,477,458,439,477
1,478,2,478,476,474,478,476,474,478
1,478,3,478,475,472,478,475,472,478
1,478,5,478,473,468,478,473,468,478
1,478,7,478,471,464,478,471,464,478
1,478,11,478,467,456,478,467,456,478
1,478,13,478,465,452,478,465,452,478
1,478,17,478,461,444,478,461,444,478
1,478,19,478,459,440,478,459,440,478
1,479,2,479,477,475,479,477,475,479
1,479,3,479,476,473,479,476,473,479
1,479,5,479,474,469,479,474,469,479
1,479,7,479,472,465,479,472,465,479
1,479,11,479,468,457,479,468,457,479
1,479,13,479,466,453,479,466,453,479
1,479,17,479,462,445,479,462,445,479
1,479,19,479,460,441,479,460,441,479
1,480,2,480,478,476,480,478,476,480
1,480,3,480,477,474,480,477,474,480
1,480,5,480,475,470,480,475,470,480
1,480,7,480,473,466,480,473,466,480
1,480,11,480,469,458,480,469,458,480
1,480,13,480,467,454,480,467,454,480
1,480,17,480,463,446,480,463,446,480
1,480,19,480,461,442,480,461,442,480
1,481,2,481,479,477,481,479,477,481
1,481,3,481,478,475,481,478,475,481
1,481,5,481,476,471,481,476,471,481
1,481,7,481,474,467,481,474,467,481
1,481,11,481,470,459,481,470,459,481
1,481,13,481,468,455,481,468,455,481
1,481,17,481,464,447,481,464,447,481
1,481,19,481,462,443,481,462,443,481
1,482,2,482,480,478,482,480,478,482
1,482,3,482,479,476,482,479,476,482
1,482,5,482,477,472,482,477,472,482
1,482,7,482,475,468,482,475,468,482
1,482,11,482,471,460,482,471,460,482
1,482,13,482,469,456,482,469,456,482
1,482,17,482,465,448,482,465,448,482
1,482,19,482,463,444,482,463,444,482
1,483,2,483,481,479,483,481,479,483
1,483,3,483,480,477,483,480,477,483
1,483,5,483,478,473,483,478,473,483
1,483,7,483,476,469,483,476,469,483
1,483,11,483,472,461,483,472,461,483
1,483,13,483,470,457,483,470,457,483
1,483,17,483,466,449,483,466,449,483
1,483,19,483,464,445,483,464,445,483
1,484,2,484,482,480,484,482,480,484
1,484,3,484,481,478,484,481,478,484
1,484,5,484,479,474,484,479,474,484
1,484,7,484,477,470,484,477,470,484
1,484,11,484,473,462,484,473,462,484
1,484,13,484,471,458,484,471,458,484
1,484,17,484,467,450,484,467,450,484
1,484,19,484,465,446,484,465,446,484
1,485,2,485,483,481,485,483,481,485
1,485,3,485,482,479,485,482,479,485
1,485,5,485,480,475,485,480,475,485
1,485,7,485,478,471,485,478,471,485
1,485,11,485,474,463,485,474,463,485
1,485,13,485,472,459,485,472,459,485
1,485,17,485,468,451,485,468,451,485
1,485,19,485,466,447,485,466,447,485
1,486,2,486,484,482,486,484,482,486
1,486,3,486,483,480,486,483,480,486
1,486,5,486,481,476,486,481,476,486
1,486,7,486,479,472,486,479,472,486
1,486,11,486,475,464,486,475,464,486
1,486,13,486,473,460,486,473,460,486
1,486,17,486,469,452,486,469,452,486
1,486,19,486,467,448,486,467,448,486
1,487,2,487,485,483,487,485,483,487
1,487,3,487,484,481,487,484,481,487
1,487,5,487,482,477,487,482,477,487
1,487,7,487,480,473,487,480,473,487
1,487,11,487,476,465,487,476,465,487
1,487,13,487,474,461,487,474,461,487
1,487,17,487,470,453,487,470,453,487
1,487,19,487,468,449,487,468,449,487
1,488,2,488,486,484,488,486,484,488
1,488,3,488,485,482,488,485,482,488
1,488,5,488,483,478,488,483,478,488
1,488,7,488,481,474,488,481,474,488
1,488,11,488,477,466,488,477,466,488
1,488,13,488,475,462,488,475,462,488
1,488,17,488,471,454,488,471,454,488
1,488,19,488,469,450,488,469,450,488
1,489,2,489,487,485,489,487,485,489
1,489,3,489,486,483,489,486,483,489
1,489,5,489,484,479,489,484,479,489
1,489,7,489,482,475,489,482,475,489
1,489,11,489,478,467,489,478,467,489
1,489,13,489,476,463,489,476,463,489
1,489,17,489,472,455,489,472,455,489
1,489,19,489,470,451,489,470,451,489
1,490,2,490,488,486,490,488,486,490
1,490,3,490,487,484,490,487,484,490
1,490,5,490,485,480,490,485,480,490
1,490,7,490,483,476,490,483,476,490
1,490,11,490,479,468,490,479,468,490
1,490,13,490,477,464,490,477,464,490
1,490,17,490,473,456,490,473,456,490
1,490,19,490,471,452,490,471,452,490
1,491,2,491,489,487,491,489,487,491
1,491,3,491,488,485,491,488,485,491
1,491,5,491,486,481,491,486,481,491
1,491,7,491,484,477,491,484,477,491
1,491,11,491,480,469,491,480,469,491
1,491,13,491,478,465,491,478,465,491
1,491,17,491,474,457,491,474,457,491
1,491,19,491,472,453,491,472,453,491
1,492,2,492,490,488,492,490,488,492
1,492,3,492,489,486,492,489,486,492
1,492,5,492,487,482,492,487,482,492
1,492,7,492,485,478,492,485,478,492
1,492,11,492,481,470,492,481,470,492
1,492,13,492,479,466,492,479,466,492
1,492,17,492,475,458,492,475,458,492
1,492,19,492,473,454,492,473,454,492
1,493,2,493,491,489,493,491,489,493
1,493,3,493,490,487,493,490,487,493
1,493,5,493,488,483,493,488,483,493
1,493,7,493,486,479,493,486,479,493
1,493,11,493,482,471,493,482,471,493
1,493,13,493,480,467,493,480,467,493
1,493,17,493,476,459,493,476,459,493
1,493,19,493,474,455,493,474,455,493
1,494,2,494,492,490,494,492,490,494
1,494,3,494,491,488,494,491,488,494
1,494,5,494,489,484,494,489,484,494
1,494,7,494,487,480,494,487,480,494
1,494,11,494,483,472,494,483,472,494
1,494,13,494,481,468,494,481,468,494
1,494,17,494,477,460,494,477,460,494
1,494,19,494,475,456,494,475,456,494
1,495,2,495,493,491,495,493,491,495
1,495,3,495,492,489,495,492,489,495
1,495,5,495,490,485,495,490,485,495
1,495,7,495,488,481,495,488,481,495
1,495,11,495,484,473,495,484,473,495
1,495,13,495,482,469,495,482,469,495
1,495,17,495,478,461,495,478,461,495
1,495,19,495,476,457,495,476,457,495
1,496,2,496,494,492,496,494,492,496
1,496,3,496,493,490,496,493,490,496
1,496,5,496,491,486,496,491,486,496
1,496,7,496,489,482,496,489,482,496
1,496,11,496,485,474,496,485,474,496
1,496,13,496,483,470,496,483,470,496
1,496,17,496,479,462,496,479,462,496
1,496,19,496,477,458,496,477,458,496
1,497,2,497,495,493,497,495,493,497
1,497,3,497,494,491,497,494,491,497
1,497,5,497,492,487,497,492,487,497
1,497,7,497,490,483,497,490,483,497
1,497,11,497,486,475,497,486,475,497
1,497,13,497,484,471,497,484,471,497
1,497,17,497,480,463,497,480,463,497
1,497,19,497,478,459,497,478,459,497
1,498,2,498,496,494,498,496,494,498
1,498,3,498,495,492,498,495,492,498
1,498,5,498,493,488,498,493,488,498
1,498,7,498,491,484,498,491,484,498
1,498,11,498,487,476,498,487,476,498
1,498,13,498,485,472,498,485,472,498
1,498,17,498,481,464,498,481,464,498
1,498,19,498,479,460,498,479,460,498
1,499,2,499,497,495,499,497,495,499
1,499,3,499,496,493,499,496,493,499
1,499,5,499,494,489,499,494,489,499
1,499,7,499,492,485,499,492,485,499
1,499,11,499,488,477,499,488,477,499
1,499,13,499,486,473,499,486,473,499
1,499,17,499,482,465,499,482,465,499
1,499,19,499,480,461,499,480,461,499
1,500,2,500,498,496,500,498,496,500
1,500,3,500,497,494,500,497,494,500
1,500,5,500,495,490,500,495,490,500
1,500,7,500,493,486,500,493,486,500
1,500,11,500,489,478,500,489,478,500
1,500,13,500,487,474,500,487,474,500
1,500,17,500,483,466,500,483,466,500
1,500,19,500,481,462,500,481,462,500
2,601,2,601,599,597,601,599,597,601
2,601,3,601,598,595,601,598,595,601
2,601,5,601,596,591,601,596,591,601
2,601,7,601,594,587,601,594,587,601
2,601,11,601,590,579,601,590,579,601
2,601,13,601,588,575,601,588,575,601
2,601,17,601,584,567,601,584,567,601
2,601,19,601,582,563,601,582,563,601
2,602,2,602,600,598,602,600,598,602
2,602,3,602,599,596,602,599,596,602
2,602,5,602,597,592,602,597,592,602
2,602,7,602,595,588,602,595,588,602
2,602,11,602,591,580,602,591,580,602
2,602,13,602,589,576,602,589,576,602
2,602,17,602,585,568,602,585,568,602
2,602,19,602,583,564,602,583,564,602
2,603,2,603,601,599,603,601,599,603
2,603,3,603,600,597,603,600,597,603
2,603,5,603,598,593,603,598,593,603
2,603,7,603,596,589,603,596,589,603
2,603,11,603,592,581,603,592,581,603
2,603,13,603,590,577,603,590,577,603
2,603,17,603,586,569,603,586,569,603
2,603,19,603,584,565,603,584,565,603
2,604,2,604,602,600,604,602,600,604
2,604,3,604,601,598,604,601,598,604
2,604,5,604,599,594,604,599,594,604
2,604,7,604,597,590,604,597,590,604
2,604,11,604,593,582,604,593,582,604
2,604,13,604,591,578,604,591,578,604
2,604,17,604,587,570,604,587,570,604
2,604,19,604,585,566,604,585,566,604
2,605,2,605,603,601,605,603,601,605
2,605,3,605,602,599,605,602,599,605
2,605,5,605,600,595,605,600,595,605
2,605,7,605,598,591,605,598,591,605
2,605,11,605,594,583,605,594,583,605
2,605,13,605,592,579,605,592,579,605
2,605,17,605,588,571,605,588,571,605
2,605,19,605,586,567,605,586,567,605
2,606,2,606,604,602,606,604,602,606
2,606,3,606,603,600,606,603,600,606
2,606,5,606,601,596,606,601,596,606
2,606,7,606,599,592,606,599,592,606
2,606,11,606,595,584,606,595,584,606
2,606,13,606,593,580,606,593,580,606
2,606,17,606,589,572,606,589,572,606
2,606,19,606,587,568,606,587,568,606
2,607,2,607,605,603,607,605,603,607
2,607,3,607,604,601,607,604,601,607
2,607,5,607,602,597,607,602,597,607
2,607,7,607,600,593,607,600,593,607
2,607,11,607,596,585,607,596,585,607
2,607,13,607,594,581,607,594,581,607
2,607,17,607,590,573,607,590,573,607
2,607,19,607,588,569,607,588,569,607
2,608,2,608,606,604,608,606,604,608
2,608,3,608,605,602,608,605,602,608
2,608,5,608,603,598,608,603,598,608
2,608,7,608,601,594,608,601,594,608
2,608,11,608,597,586,608,597,586,608
2,608,13,608,595,582,608,595,582,608
2,608,17,608,591,574,608,591,574,608
2,608,19,608,589,570,608,589,570,608
2,609,2,609,607,605,609,607,605,609
2,609,3,609,606,603,609,606,603,609
2,609,5,609,604,599,609,604,599,609
2,609,7,609,602,595,609,602,595,609
2,609,11,609,598,587,609,598,587,609
2,609,13,609,596,583,609,596,583,609
2,609,17,609,592,575,609,592,575,609
2,609,19,609,590,571,609,590,571,609
2,610,2,610,608,606,610,608,606,610
2,610,3,610,607,604,610,607,604,610
2,610,5,610,605,600,610,605,600,610
2,610,7,610,603,596,610,603,596,610
2,610,11,610,599,588,610,599,588,610
2,610,13,610,597,584,610,597,584,610
2,610,17,610,593,576,610,593,576,610
2,610,19,610,591,572,610,591,572,610
2,611,2,611,609,607,611,609,607,611
2,611,3,611,608,605,611,608,605,611
2,611,5,611,606,601,611,606,601,611
2,611,7,611,604,597,611,604,597,611
2,611,11,611,600,589,611,600,589,611
2,611,13,611,598,585,611,598,585,611
2,611,17,611,594,577,611,594,577,611
2,611,19,611,592,573,611,592,573,611
2,612,2,612,610,608,612,610,608,612
2,612,3,612,609,606,612,609,606,612
2,612,5,612,607,602,612,607,602,612
2,612,7,612,605,598,612,605,598,612
2,612,11,612,601,590,612,601,590,612
2,612,13,612,599,586,612,599,586,612
2,612,17,612,595,578,612,595,578,612
2,612,19,612,593,574,612,593,574,612
2,613,2,613,611,609,613,611,609,613
2,613,3,613,610,607,613,610,607,613
2,613,5,613,608,603,613,608,603,613
2,613,7,613,606,599,613,606,599,613
2,613,11,613,602,591,613,602,591,613
2,613,13,613,600,587,613,600,587,613
2,613,17,613,596,579,613,596,579,613
2,613,19,613,594,575,613,594,575,613
2,614,2,614,612,610,614,612,610,614
2,614,3,614,611,608,614,611,608,614
2,614,5,614,609,604,614,609,604,614
2,614,7,614,607,600,614,607,600,614
2,614,11,614,603,592,614,603,592,614
2,614,13,614,601,588,614,601,588,614
2,614,17,614,597,580,614,597,580,614
2,614,19,614,595,576,614,595,576,614
2,615,2,615,613,611,615,613,611,615
2,615,3,615,612,609,615,612,609,615
2,615,5,615,610,605,615,610,605,615
2,615,7,615,608,601,615,608,601,615
2,615,11,615,604,593,615,604,593,615
2,615,13,615,602,589,615,602,589,615
2,615,17,615,598,581,615,598,581,615
2,615,19,615,596,577,615,596,577,615
2,616,2,616,614,612,616,614,612,616
2,616,3,616,613,610,616,613,610,616
2,616,5,616,611,606,616,611,606,616
2,616,7,616,609,602,616,609,602,616
2,616,11,616,605,594,616,605,594,616
2,616,13,616,603,590,616,603,590,616
2,616,17,616,599,582,616,599,582,616
2,616,19,616,597,578,616,597,578,616
2,617,2,617,615,613,617,615,613,617
2,617,3,617,614,611,617,614,611,617
2,617,5,617,612,607,617,612,607,617
2,617,7,617,610,603,617,610,603,617
2,617,11,617,606,595,617,606,595,617
2,617,13,617,604,591,617,604,591,617
2,617,17,617,600,583,617,600,583,617
2,617,19,617,598,579,617,598,579,617
2,618,2,618,616,614,618,616,614,618
2,618,3,618,615,612,618,615,612,618
2,618,5,618,613,608,618,613,608,618
2,618,7,618,611,604,618,611,604,618
2,618,11,618,607,596,618,607,596,618
2,618,13,618,605,592,618,605,592,618
2,618,17,618,601,584,618,601,584,618
2,618,19,618,599,580,618,599,580,618
2,619,2,619,617,615,619,617,615,619
2,619,3,619,616,613,619,616,613,619
2,619,5,619,614,609,619,614,609,619
2,619,7,619,612,605,619,612,605,619
2,619,11,619,608,597,619,608,597,619
2,619,13,619,606,593,619,606,593,619
2,619,17,619,602,585,619,602,585,619
2,619,19,619,600,581,619,600,581,619
2,620,2,620,618,616,620,618,616,620
2,620,3,620,617,614,620,617,614,620
2,620,5,620,615,610,620,615,610,620
2,620,7,620,613,606,620,613,606,620
2,620,11,620,609,598,620,609,598,620
2,620,13,620,607,594,620,607,594,620
2,620,17,620,603,586,620,603,586,620
2,620,19,620,601,582,620,601,582,620
2,621,2,621,619,617,621,619,617,621
2,621,3,621,618,615,621,618,615,621
2,621,5,621,616,611,621,616,611,621
2,621,7,621,614,607,621,614,607,621
2,621,11,621,610,599,621,610,599,621
2,621,13,621,608,595,621,608,595,621
2,621,17,621,604,587,621,604,587,621
2,621,19,621,602,583,621,602,583,621
2,622,2,622,620,618,622,620,618,622
2,622,3,622,619,616,622,619,616,622
2,622,5,622,617,612,622,617,612,622
2,622,7,622,615,608,622,615,608,622
2,622,11,622,611,600,622,611,600,622
2,622,13,622,609,596,622,609,596,622
2,622,17,622,605,588,622,605,588,622
2,622,19,622,603,584,622,603,584,622
2,623,2,623,621,619,623,621,619,623
2,623,3,623,620,617,623,620,617,623
2,623,5,623,618,613,623,618,613,623
2,623,7,623,616,609,623,616,609,623
2,623,11,623,612,601,623,612,601,623
2,623,13,623,610,597,623,610,597,623
2,623,17,623,606,589,623,606,589,623
2,623,19,623,604,585,623,604,585,623
2,624,2,624,622,620,624,622,620,624
2,624,3,624,621,618,624,621,618,624
2,624,5,624,619,614,624,619,614,624
2,624,7,624,617,610,624,617,610,624
2,624,11,624,613,602,624,613,602,624
2,624,13,624,611,598,624,611,598,624
2,624,17,624,607,590,624,607,590,624
2,624,19,624,605,586,624,605,586,624
2,625,2,625,623,621,625,623,621,625
2,625,3,625,622,619,625,622,619,625
2,625,5,625,620,615,625,620,615,625
2,625,7,625,618,611,625,618,611,625
2,625,11,625,614,603,625,614,603,625
2,625,13,625,612,599,625,612,599,625
2,625,17,625,608,591,625,608,591,625
2,625,19,625,606,587,625,606,587,625
2,626,2,626,624,622,626,624,622,626
2,626,3,626,623,620,626,623,620,626
2,626,5,626,621,616,626,621,616,626
2,626,7,626,619,612,626,619,612,626
2,626,11,626,615,604,626,615,604,626
2,626,13,626,613,600,626,613,600,626
2,626,17,626,609,592,626,609,592,626
2,626,19,626,607,588,626,607,588,626
2,627,2,627,625,623,627,625,623,627
2,627,3,627,624,621,627,624,621,627
2,627,5,627,622,617,627,622,617,627
2,627,7,627,620,613,627,620,613,627
2,627,11,627,616,605,627,616,605,627
2,627,13,627,614,601,627,614,601,627
2,627,17,627,610,593,627,610,593,627
2,627,19,627,608,589,627,608,589,627
2,628,2,628,626,624,628,626,624,628
2,628,3,628,625,622,628,625,622,628
2,628,5,628,623,618,628,623,618,628
2,628,7,628,621,614,628,621,614,628
2,628,11,628,617,606,628,617,606,628
2,628,13,628,615,602,628,615,602,628
2,628,17,628,611,594,628,611,594,628
2,628,19,628,609,590,628,609,590,628
2,629,2,629,627,625,629,627,625,629
2,629,3,629,626,623,629,626,623,629
2,629,5,629,624,619,629,624,619,629
2,629,7,629,622,615,629,622,615,629
2,629,11,629,618,607,629,618,607,629
2,629,13,629,616,603,629,616,603,629
2,629,17,629,612,595,629,612,595,629
2,629,19,629,610,591,629,610,591,629
2,630,2,630,628,626,630,628,626,630
2,630,3,630,627,624,630,627,624,630
2,630,5,630,625,620,630,625,620,630
2,630,7,630,623,616,630,623,616,630
2,630,11,630,619,608,630,619,608,630
2,630,13,630,617,604,630,617,604,630
2,630,17,630,613,596,630,613,596,630
2,630,19,630,611,592,630,611,592,630
2,631,2,631,629,627,631,629,627,631
2,631,3,631,628,625,631,628,625,631
2,631,5,631,626,621,631,626,621,631
2,631,7,631,624,617,631,624,617,631
2,631,11,631,620,609,631,620,609,631
2,631,13,631,618,605,631,618,605,631
2,631,17,631,614,597,631,614,597,631
2,631,19,631,612,593,631,612,593,631
2,632,2,632,630,628,632,630,628,632
2,632,3,632,629,626,632,629,626,632
2,632,5,632,627,622,632,627,622,632
2,632,7,632,625,618,632,625,618,632
2,632,11,632,621,610,632,621,610,632
2,632,13,632,619,606,632,619,606,632
2,632,17,632,615,598,632,615,598,632
2,632,19,632,613,594,632,613,594,632
2,633,2,633,631,629,633,631,629,633
2,633,3,633,630,627,633,630,627,633
2,633,5,633,628,623,633,628,623,633
2,633,7,633,626,619,633,626,619,633
2,633,11,633,622,611,633,622,611,633
2,633,13,633,620,607,633,620,607,633
2,633,17,633,616,599,633,616,599,633
2,633,19,633,614,595,633,614,595,633
2,634,2,634,632,630,634,632,630,634
2,634,3,634,631,628,634,631,628,634
2,634,5,634,629,624,634,629,624,634
2,634,7,634,627,620,634,627,620,634
2,634,11,634,623,612,634,623,612,634
2,634,13,634,621,608,634,621,608,634
2,634,17,634,617,600,634,617,600,634
2,634,19,634,615,596,634,615,596,634
2,635,2,635,633,631,635,633,631,635
2,635,3,635,632,629,635,632,629,635
2,635,5,635,630,625,635,630,625,635
2,635,7,635,628,621,635,628,621,635
2,635,11,635,624,613,635,624,613,635
2,635,13,635,622,609,635,622,609,635
2,635,17,635,618,601,635,618,601,635
2,635,19,635,616,597,635,616,597,635
2,636,2,636,634,632,636,634,632,636
2,636,3,636,633,630,636,633,630,636
2,636,5,636,631,626,636,631,626,636
2,636,7,636,629,622,636,629,622,636
2,636,11,636,625,614,636,625,614,636
2,636,13,636,623,610,636,623,610,636
2,636,17,636,619,602,636,619,602,636
2,636,19,636,617,598,636,617,598,636
2,637,2,637,635,633,637,635,633,637
2,637,3,637,634,631,637,634,631,637
2,637,5,637,632,627,637,632,627,637
2,637,7,637,630,623,637,630,623,637
2,637,11,637,626,615,637,626,615,637
2,637,13,637,624,611,637,624,611,637
2,637,17,637,620,603,637,620,603,637
2,637,19,637,618,599,637,618,599,637
2,638,2,638,636,634,638,636,634,638
2,638,3,638,635,632,638,635,632,638
2,638,5,638,633,628,638,633,628,638
2,638,7,638,631,624,638,631,624,638
2,638,11,638,627,616,638,627,616,638
2,638,13,638,625,612,638,625,612,638
2,638,17,638,621,604,638,621,604,638
2,638,19,638,619,600,638,619,600,638
2,639,2,639,637,635,639,637,635,639
2,639,3,639,636,633,639,636,633,639
2,639,5,639,634,629,639,634,629,639
2,639,7,639,632,625,639,632,625,639
2,639,11,639,628,617,639,628,617,639
2,639,13,639,626,613,639,626,613,639
2,639,17,639,622,605,639,622,605,639
2,639,19,639,620,601,639,620,601,639
2,640,2,640,638,636,640,638,636,640
2,640,3,640,637,634,640,637,634,640
2,640,5,640,635,630,640,635,630,640
2,640,7,640,633,626,640,633,626,640
2,640,11,640,629,618,640,629,618,640
2,640,13,640,627,614,640,627,614,640
2,640,17,640,623,606,640,623,606,640
2,640,19,640,621,602,640,621,602,640
2,641,2,641,639,637,641,639,637,641
2,641,3,641,638,635,641,638,635,641
2,641,5,641,636,631,641,636,631,641
2,641,7,641,634,627,641,634,627,641
2,641,11,641,630,619,641,630,619,641
2,641,13,641,628,615,641,628,615,641
2,641,17,641,624,607,641,624,607,641
2,641,19,641,622,603,641,622,603,641
2,642,2,642,640,638,642,640,638,642
2,642,3,642,639,636,642,639,636,642
2,642,5,642,637,632,642,637,632,642
2,642,7,642,635,628,642,635,628,642
2,642,11,642,631,620,642,631,620,642
2,642,13,642,629,616,642,629,616,642
2,642,17,642,625,608,642,625,608,642
2,642,19,642,623,604,642,623,604,642
2,643,2,643,641,639,643,641,639,643
2,643,3,643,640,637,643,640,637,643
2,643,5,643,638,633,643,638,633,643
2,643,7,643,636,629,643,636,629,643
2,643,11,643,632,621,643,632,621,643
2,643,13,643,630,617,643,630,617,643
2,643,17,643,626,609,643,626,609,643
2,643,19,643,624,605,643,624,605,643
2,644,2,644,642,640,644,642,640,644
2,644,3,644,641,638,644,641,638,644
2,644,5,644,639,634,644,639,634,644
2,644,7,644,637,630,644,637,630,644
2,644,11,644,633,622,644,633,622,644
2,644,13,644,631,618,644,631,618,644
2,644,17,644,627,610,644,627,610,644
2,644,19,644,625,606,644,625,606,644
2,645,2,645,643,641,645,643,641,645
2,645,3,645,642,639,645,642,639,645
2,645,5,645,640,635,645,640,635,645
2,645,7,645,638,631,645,638,631,645
2,645,11,645,634,623,645,634,623,645
2,645,13,645,632,619,645,632,619,645
2,645,17,645,628,611,645,628,611,645
2,645,19,645,626,607,645,626,607,645
2,646,2,646,644,642,646,644,642,646
2,646,3,646,643,640,646,643,640,646
2,646,5,646,641,636,646,641,636,646
2,646,7,646,639,632,646,639,632,646
2,646,11,646,635,624,646,635,624,646
2,646,13,646,633,620,646,633,620,646
2,646,17,646,629,612,646,629,612,646
2,646,19,646,627,608,646,627,608,646
2,647,2,647,645,643,647,645,643,647
2,647,3,647,644,641,647,644,641,647
2,647,5,647,642,637,647,642,637,647
2,647,7,647,640,633,647,640,633,647
2,647,11,647,636,625,647,636,625,647
2,647,13,647,634,621,647,634,621,647
2,647,17,647,630,613,647,630,613,647
2,647,19,647,628,609,647,628,609,647
2,648,2,648,646,644,648,646,644,648
2,648,3,648,645,642,648,645,642,648
2,648,5,648,643,638,648,643,638,648
2,648,7,648,641,634,648,641,634,648
2,648,11,648,637,626,648,637,626,648
2,648,13,648,635,622,648,635,622,648
2,648,17,648,631,614,648,631,614,648
2,648,19,648,629,610,648,629,610,648
2,649,2,649,647,645,649,647,645,649
2,649,3,649,646,643,649,646,643,649
2,649,5,649,644,639,649,644,639,649
2,649,7,649,642,635,649,642,635,649
2,649,11,649,638,627,649,638,627,649
2,649,13,649,636,623,649,636,623,649
2,649,17,649,632,615,649,632,615,649
2,649,19,649,630,611,649,630,611,649
2,650,2,650,648,646,650,648,646,650
2,650,3,650,647,644,650,647,644,650
2,650,5,650,645,640,650,645,640,650
2,650,7,650,643,636,650,643,636,650
2,650,11,650,639,628,650,639,628,650
2,650,13,650,637,624,650,637,624,650
2,650,17,650,633,616,650,633,616,650
2,650,19,650,631,612,650,631,612,650
2,651,2,651,649,647,651,649,647,651
2,651,3,651,648,645,651,648,645,651
2,651,5,651,646,641,651,646,641,651
2,651,7,651,644,637,651,644,637,651
2,651,11,651,640,629,651,640,629,651
2,651,13,651,638,625,651,638,625,651
2,651,17,651,634,617,651,634,617,651
2,651,19,651,632,613,651,632,613,651
2,652,2,652,650,648,652,650,648,652
2,652,3,652,649,646,652,649,646,652
2,652,5,652,647,642,652,647,642,652
2,652,7,652,645,638,652,645,638,652
2,652,11,652,641,630,652,641,630,652
2,652,13,652,639,626,652,639,626,652
2,652,17,652,635,618,652,635,618,652
2,652,19,652,633,614,652,633,614,652
2,653,2,653,651,649,653,651,649,653
2,653,3,653,650,647,653,650,647,653
2,653,5,653,648,643,653,648,643,653
2,653,7,653,646,639,653,646,639,653
2,653,11,653,642,631,653,642,631,653
2,653,13,653,640,627,653,640,627,653
2,653,17,653,636,619,653,636,619,653
2,653,19,653,634,615,653,634,615,653
2,654,2,654,652,650,654,652,650,654
2,654,3,654,651,648,654,651,648,654
2,654,5,654,649,644,654,649,644,654
2,654,7,654,647,640,654,647,640,654
2,654,11,654,643,632,654,643,632,654
2,654,13,654,641,628,654,641,628,654
2,654,17,654,637,620,654,637,620,654
2,654,19,654,635,616,654,635,616,654
2,655,2,655,653,651,655,653,651,655
2,655,3,655,652,649,655,652,649,655
2,655,5,655,650,645,655,650,645,655
2,655,7,655,648,641,655,648,641,655
2,655,11,655,644,633,655,644,633,655
2,655,13,655,642,629,655,642,629,655
2,655,17,655,638,621,655,638,621,655
2,655,19,655,636,617,655,636,617,655
2,656,2,656,654,652,656,654,652,656
2,656,3,656,653,650,656,653,650,656
2,656,5,656,651,646,656,651,646,656
2,656,7,656,649,642,656,649,642,656
2,656,11,656,645,634,656,645,634,656
2,656,13,656,643,630,656,643,630,656
2,656,17,656,639,622,656,639,622,656
2,656,19,656,637,618,656,637,618,656
2,657,2,657,655,653,657,655,653,657
2,657,3,657,654,651,657,654,651,657
2,657,5,657,652,647,657,652,647,657
2,657,7,657,650,643,657,650,643,657
2,657,11,657,646,635,657,646,635,657
2,657,13,657,644,631,657,644,631,657
2,657,17,657,640,623,657,640,623,657
2,657,19,657,638,619,657,638,619,657
2,658,2,658,656,654,658,656,654,658
2,658,3,658,655,652,658,655,652,658
2,658,5,658,653,648,658,653,648,658
2,658,7,658,651,644,658,651,644,658
2,658,11,658,647,636,658,647,636,658
2,658,13,658,645,632,658,645,632,658
2,658,17,658,641,624,658,641,624,658
2,658,19,658,639,620,658,639,620,658
2,659,2,659,657,655,659,657,655,659
2,659,3,659,656,653,659,656,653,659
2,659,5,659,654,649,659,654,649,659
2,659,7,659,652,645,659,652,645,659
2,659,11,659,648,637,659,648,637,659
2,659,13,659,646,633,659,646,633,659
2,659,17,659,642,625,659,642,625,659
2,659,19,659,640,621,659,640,621,659
2,660,2,660,658,656,660,658,656,660
2,660,3,660,657,654,660,657,654,660
2,660,5,660,655,650,660,655,650,660
2,660,7,660,653,646,660,653,646,660
2,660,11,660,649,638,660,649,638,660
2,660,13,660,647,634,660,647,634,660
2,660,17,660,643,626,660,643,626,660
2,660,19,660,641,622,660,641,622,660
2,661,2,661,659,657,661,659,657,661
2,661,3,661,658,655,661,658,655,661
2,661,5,661,656,651,661,656,651,661
2,661,7,661,654,647,661,654,647,661
2,661,11,661,650,639,661,650,639,661
2,661,13,661,648,635,661,648,635,661
2,661,17,661,644,627,661,644,627,661
2,661,19,661,642,623,661,642,623,661
2,662,2,662,660,658,662,660,658,662
2,662,3,662,659,656,662,659,656,662
2,662,5,662,657,652,662,657,652,662
2,662,7,662,655,648,662,655,648,662
2,662,11,662,651,640,662,651,640,662
2,662,13,662,649,636,662,649,636,662
2,662,17,662,645,628,662,645,628,662
2,662,19,662,643,624,662,643,624,662
2,663,2,663,661,659,663,661,659,663
2,663,3,663,660,657,663,660,657,663
2,663,5,663,658,653,663,658,653,663
2,663,7,663,656,649,663,656,649,663
2,663,11,663,652,641,663,652,641,663
2,663,13,663,650,637,663,650,637,663
2,663,17,663,646,629,663,646,629,663
2,663,19,663,644,625,663,644,625,663
2,664,2,664,662,660,664,662,660,664
2,664,3,664,661,658,664,661,658,664
2,664,5,664,659,654,664,659,654,664
2,664,7,664,657,650,664,657,650,664
2,664,11,664,653,642,664,653,642,664
2,664,13,664,651,638,664,651,638,664
2,664,17,664,647,630,664,647,630,664
2,664,19,664,645,626,664,645,626,664
2,665,2,665,663,661,665,663,661,665
2,665,3,665,662,659,665,662,659,665
2,665,5,665,660,655,665,660,655,665
2,665,7,665,658,651,665,658,651,665
2,665,11,665,654,643,665,654,643,665
2,665,13,665,652,639,665,652,639,665
2,665,17,665,648,631,665,648,631,665
2,665,19,665,646,627,665,646,627,665
2,666,2,666,664,662,666,664,662,666
2,666,3,666,663,660,666,663,660,666
2,666,5,666,661,656,666,661,656,666
2,666,7,666,659,652,666,659,652,666
2,666,11,666,655,644,666,655,644,666
2,666,13,666,653,640,666,653,640,666
2,666,17,666,649,632,666,649,632,666
2,666,19,666,647,628,666,647,628,666
2,667,2,667,665,663,667,665,663,667
2,667,3,667,664,661,667,664,661,667
2,667,5,667,662,657,667,662,657,667
2,667,7,667,660,653,667,660,653,667
2,667,11,667,656,645,667,656,645,667
2,667,13,667,654,641,667,654,641,667
2,667,17,667,650,633,667,650,633,667
2,667,19,667,648,629,667,648,629,667
2,668,2,668,666,664,668,666,664,668
2,668,3,668,665,662,668,665,662,668
2,668,5,668,663,658,668,663,658,668
2,668,7,668,661,654,668,661,654,668
2,668,11,668,657,646,668,657,646,668
2,668,13,668,655,642,668,655,642,668
2,668,17,668,651,634,668,651,634,668
2,668,19,668,649,630,668,649,630,668
2,669,2,669,667,665,669,667,665,669
2,669,3,669,666,663,669,666,663,669
2,669,5,669,664,659,669,664,659,669
2,669,7,669,662,655,669,662,655,669
2,669,11,669,658,647,669,658,647,669
2,669,13,669,656,643,669,656,643,669
2,669,17,669,652,635,669,652,635,669
2,669,19,669,650,631,669,650,631,669
2,670,2,670,668,666,670,668,666,670
2,670,3,670,667,664,670,667,664,670
2,670,5,670,665,660,670,665,660,670
2,670,7,670,663,656,670,663,656,670
2,670,11,670,659,648,670,659,648,670
2,670,13,670,657,644,670,657,644,670
2,670,17,670,653,636,670,653,636,670
2,670,19,670,651,632,670,651,632,670
2,671,2,671,669,667,671,669,667,671
2,671,3,671,668,665,671,668,665,671
2,671,5,671,666,661,671,666,661,671
2,671,7,671,664,657,671,664,657,671
2,671,11,671,660,649,671,660,649,671
2,671,13,671,658,645,671,658,645,671
2,671,17,671,654,637,671,654,637,671
2,671,19,671,652,633,671,652,633,671
2,672,2,672,670,668,672,670,668,672
2,672,3,672,669,666,672,669,666,672
2,672,5,672,667,662,672,667,662,672
2,672,7,672,665,658,672,665,658,672
2,672,11,672,661,650,672,661,650,672
2,672,13,672,659,646,672,659,646,672
2,672,17,672,655,638,672,655,638,672
2,672,19,672,653,634,672,653,634,672
2,673,2,673,671,669,673,671,669,673
2,673,3,673,670,667,673,670,667,673
2,673,5,673,668,663,673,668,663,673
2,673,7,673,666,659,673,666,659,673
2,673,11,673,662,651,673,662,651,673
2,673,13,673,660,647,673,660,647,673
2,673,17,673,656,639,673,656,639,673
2,673,19,673,654,635,673,654,635,673
2,674,2,674,672,670,674,672,670,674
2,674,3,674,671,668,674,671,668,674
2,674,5,674,669,664,674,669,664,674
2,674,7,674,667,660,674,667,660,674
2,674,11,674,663,652,674,663,652,674
2,674,13,674,661,648,674,661,648,674
2,674,17,674,657,640,674,657,640,674
2,674,19,674,655,636,674,655,636,674
2,675,2,675,673,671,675,673,671,675
2,675,3,675,672,669,675,672,669,675
2,675,5,675,670,665,675,670,665,675
2,675,7,675,668,661,675,668,661,675
2,675,11,675,664,653,675,664,653,675
2,675,13,675,662,649,675,662,649,675
2,675,17,675,658,641,675,658,641,675
2,675,19,675,656,637,675,656,637,675
2,676,2,676,674,672,676,674,672,676
2,676,3,676,673,670,676,673,670,676
2,676,5,676,671,666,676,671,666,676
2,676,7,676,669,662,676,669,662,676
2,676,11,676,665,654,676,665,654,676
2,676,13,676,663,650,676,663,650,676
2,676,17,676,659,642,676,659,642,676
2,676,19,676,657,638,676,657,638,676
2,677,2,677,675,673,677,675,673,677
2,677,3,677,674,671,677,674,671,677
2,677,5,677,672,667,677,672,667,677
2,677,7,677,670,663,677,670,663,677
2,677,11,677,666,655,677,666,655,677
2,677,13,677,664,651,677,664,651,677
2,677,17,677,660,643,677,660,643,677
2,677,19,677,658,639,677,658,639,677
2,678,2,678,676,674,678,676,674,678
2,678,3,678,675,672,678,675,672,678
2,678,5,678,673,668,678,673,668,678
2,678,7,678,671,664,678,671,664,678
2,678,11,678,667,656,678,667,656,678
2,678,13,678,665,652,678,665,652,678
2,678,17,678,661,644,678,661,644,678
2,678,19,678,659,640,678,659,640,678
2,679,2,679,677,675,679,677,675,679
2,679,3,679,676,673,679,676,673,679
2,679,5,679,674,669,679,674,669,679
2,679,7,679,672,665,679,672,665,679
2,679,11,679,668,657,679,668,657,679
2,679,13,679,666,653,679,666,653,679
2,679,17,679,662,645,679,662,645,679
2,679,19,679,660,641,679,660,641,679
2,680,2,680,678,676,680,678,676,680
2,680,3,680,677,674,680,677,674,680
2,680,5,680,675,670,680,675,670,680
2,680,7,680,673,666,680,673,666,680
2,680,11,680,669,658,680,669,658,680
2,680,13,680,667,654,680,667,654,680
2,680,17,680,663,646,680,663,646,680
2,680,19,680,661,642,680,661,642,680
2,681,2,681,679,677,681,679,677,681
2,681,3,681,678,675,681,678,675,681
2,681,5,681,676,671,681,676,671,681
2,681,7,681,674,667,681,674,667,681
2,681,11,681,670,659,681,670,659,681
2,681,13,681,668,655,681,668,655,681
2,681,17,681,664,647,681,664,647,681
2,681,19,681,662,643,681,662,643,681
2,682,2,682,680,678,682,680,678,682
2,682,3,682,679,676,682,679,676,682
2,682,5,682,677,672,682,677,672,682
2,682,7,682,675,668,682,675,668,682
2,682,11,682,671,660,682,671,660,682
2,682,13,682,669,656,682,669,656,682
2,682,17,682,665,648,682,665,648,682
2,682,19,682,663,644,682,663,644,682
2,683,2,683,681,679,683,681,679,683
2,683,3,683,680,677,683,680,677,683
2,683,5,683,678,673,683,678,673,683
2,683,7,683,676,669,683,676,669,683
2,683,11,683,672,661,683,672,661,683
2,683,13,683,670,657,683,670,657,683
2,683,17,683,666,649,683,666,649,683
2,683,19,683,664,645,683,664,645,683
2,684,2,684,682,680,684,682,680,684
2,684,3,684,681,678,684,681,678,684
2,684,5,684,679,674,684,679,674,684
2,684,7,684,677,670,684,677,670,684
2,684,11,684,673,662,684,673,662,684
2,684,13,684,671,658,684,671,658,684
2,684,17,684,667,650,684,667,650,684
2,684,19,684,665,646,684,665,646,684
2,685,2,685,683,681,685,683,681,685
2,685,3,685,682,679,685,682,679,685
2,685,5,685,680,675,685,680,675,685
2,685,7,685,678,671,685,678,671,685
2,685,11,685,674,663,685,674,663,685
2,685,13,685,672,659,685,672,659,685
2,685,17,685,668,651,685,668,651,685
2,685,19,685,666,647,685,666,647,685
2,686,2,686,684,682,686,684,682,686
2,686,3,686,683,680,686,683,680,686
2,686,5,686,681,676,686,681,676,686
2,686,7,686,679,672,686,679,672,686
2,686,11,686,675,664,686,675,664,686
2,686,13,686,673,660,686,673,660,686
2,686,17,686,669,652,686,669,652,686
2,686,19,686,667,648,686,667,648,686
2,687,2,687,685,683,687,685,683,687
2,687,3,687,684,681,687,684,681,687
2,687,5,687,682,677,687,682,677,687
2,687,7,687,680,673,687,680,673,687
2,687,11,687,676,665,687,676,665,687
2,687,13,687,674,661,687,674,661,687
2,687,17,687,670,653,687,670,653,687
2,687,19,687,668,649,687,668,649,687
2,688,2,688,686,684,688,686,684,688
2,688,3,688,685,682,688,685,682,688
2,688,5,688,683,678,688,683,678,688
2,688,7,688,681,674,688,681,674,688
2,688,11,688,677,666,688,677,666,688
2,688,13,688,675,662,688,675,662,688
2,688,17,688,671,654,688,671,654,688
2,688,19,688,669,650,688,669,650,688
2,689,2,689,687,685,689,687,685,689
2,689,3,689,686,683,689,686,683,689
2,689,5,689,684,679,689,684,679,689
2,689,7,689,682,675,689,682,675,689
2,689,11,689,678,667,689,678,667,689
2,689,13,689,676,663,689,676,663,689
2,689,17,689,672,655,689,672,655,689
2,689,19,689,670,651,689,670,651,689
2,690,2,690,688,686,690,688,686,690
2,690,3,690,687,684,690,687,684,690
2,690,5,690,685,680,690,685,680,690
2,690,7,690,683,676,690,683,676,690
2,690,11,690,679,668,690,679,668,690
2,690,13,690,677,664,690,677,664,690
2,690,17,690,673,656,690,673,656,690
2,690,19,690,671,652,690,671,652,690
2,691,2,691,689,687,691,689,687,691
2,691,3,691,688,685,691,688,685,691
2,691,5,691,686,681,691,686,681,691
2,691,7,691,684,677,691,684,677,691
2,691,11,691,680,669,691,680,669,691
2,691,13,691,678,665,691,678,665,691
2,691,17,691,674,657,691,674,657,691
2,691,19,691,672,653,691,672,653,691
2,692,2,692,690,688,692,690,688,692
2,692,3,692,689,686,692,689,686,692
2,692,5,692,687,682,692,687,682,692
2,692,7,692,685,678,692,685,678,692
2,692,11,692,681,670,692,681,670,692
2,692,13,692,679,666,692,679,666,692
2,692,17,692,675,658,692,675,658,692
2,692,19,692,673,654,692,673,654,692
2,693,2,693,691,689,693,691,689,693
2,693,3,693,690,687,693,690,687,693
2,693,5,693,688,683,693,688,683,693
2,693,7,693,686,679,693,686,679,693
2,693,11,693,682,671,693,682,671,693
2,693,13,693,680,667,693,680,667,693
2,693,17,693,676,659,693,676,659,693
2,693,19,693,674,655,693,674,655,693
2,694,2,694,692,690,694,692,690,694
2,694,3,694,691,688,694,691,688,694
2,694,5,694,689,684,694,689,684,694
2,694,7,694,687,680,694,687,680,694
2,694,11,694,683,672,694,683,672,694
2,694,13,694,681,668,694,681,668,694
2,694,17,694,677,660,694,677,660,694
2,694,19,694,675,656,694,675,656,694
2,695,2,695,693,691,695,693,691,695
2,695,3,695,692,689,695,692,689,695
2,695,5,695,690,685,695,690,685,695
2,695,7,695,688,681,695,688,681,695
2,695,11,695,684,673,695,684,673,695
2,695,13,695,682,669,695,682,669,695
2,695,17,695,678,661,695,678,661,695
2,695,19,695,676,657,695,676,657,695
2,696,2,696,694,692,696,694,692,696
2,696,3,696,693,690,696,693,690,696
2,696,5,696,691,686,696,691,686,696
2,696,7,696,689,682,696,689,682,696
2,696,11,696,685,674,696,685,674,696
2,696,13,696,683,670,696,683,670,696
2,696,17,696,679,662,696,679,662,696
2,696,19,696,677,658,696,677,658,696
2,697,2,697,695,693,697,695,693,697
2,697,3,697,694,691,697,694,691,697
2,697,5,697,692,687,697,692,687,697
2,697,7,697,690,683,697,690,683,697
2,697,11,697,686,675,697,686,675,697
2,697,13,697,684,671,697,684,671,697
2,697,17,697,680,663,697,680,663,697
2,697,19,697,678,659,697,678,659,697
2,698,2,698,696,694,698,696,694,698
2,698,3,698,695,692,698,695,692,698
2,698,5,698,693,688,698,693,688,698
2,698,7,698,691,684,698,691,684,698
2,698,11,698,687,676,698,687,676,698
2,698,13,698,685,672,698,685,672,698
2,698,17,698,681,664,698,681,664,698
2,698,19,698,679,660,698,679,660,698
2,699,2,699,697,695,699,697,695,699
2,699,3,699,696,693,699,696,693,699
2,699,5,699,694,689,699,694,689,699
2,699,7,699,692,685,699,692,685,699
2,699,11,699,688,677,699,688,677,699
2,699,13,699,686,673,699,686,673,699
2,699,17,699,682,665,699,682,665,699
2,699,19,699,680,661,699,680,661,699
2,700,2,700,698,696,700,698,696,700
2,700,3,700,697,694,700,697,694,700
2,700,5,700,695,690,700,695,690,700
2,700,7,700,693,686,700,693,686,700
2,700,11,700,689,678,700,689,678,700
2,700,13,700,687,674,700,687,674,700
2,700,17,700,683,666,700,683,666,700
2,700,19,700,681,662,700,681,662,700
2,701,2,701,699,697,701,699,697,701
2,701,3,701,698,695,701,698,695,701
2,701,5,701,696,691,701,696,691,701
2,701,7,701,694,687,701,694,687,701
2,701,11,701,690,679,701,690,679,701
2,701,13,701,688,675,701,688,675,701
2,701,17,701,684,667,701,684,667,701
2,701,19,701,682,663,701,682,663,701
2,702,2,702,700,698,702,700,698,702
2,702,3,702,699,696,702,699,696,702
2,702,5,702,697,692,702,697,692,702
2,702,7,702,695,688,702,695,688,702
2,702,11,702,691,680,702,691,680,702
2,702,13,702,689,676,702,689,676,702
2,702,17,702,685,668,702,685,668,702
2,702,19,702,683,664,702,683,664,702
2,703,2,703,701,699,703,701,699,703
2,703,3,703,700,697,703,700,697,703
2,703,5,703,698,693,703,698,693,703
2,703,7,703,696,689,703,696,689,703
2,703,11,703,692,681,703,692,681,703
2,703,13,703,690,677,703,690,677,703
2,703,17,703,686,669,703,686,669,703
2,703,19,703,684,665,703,684,665,703
2,704,2,704,702,700,704,702,700,704
2,704,3,704,701,698,704,701,698,704
2,704,5,704,699,694,704,699,694,704
2,704,7,704,697,690,704,697,690,704
2,704,11,704,693,682,704,693,682,704
2,704,13,704,691,678,704,691,678,704
2,704,17,704,687,670,704,687,670,704
2,704,19,704,685,666,704,685,666,704
2,705,2,705,703,701,705,703,701,705
2,705,3,705,702,699,705,702,699,705
2,705,5,705,700,695,705,700,695,705
2,705,7,705,698,691,705,698,691,705
2,705,11,705,694,683,705,694,683,705
2,705,13,705,692,679,705,692,679,705
2,705,17,705,688,671,705,688,671,705
2,705,19,705,686,667,705,686,667,705
2,706,2,706,704,702,706,704,702,706
2,706,3,706,703,700,706,703,700,706
2,706,5,706,701,696,706,701,696,706
2,706,7,706,699,692,706,699,692,706
2,706,11,706,695,684,706,695,684,706
2,706,13,706,693,680,706,693,680,706
2,706,17,706,689,672,706,689,672,706
2,706,19,706,687,668,706,687,668,706
2,707,2,707,705,703,707,705,703,707
2,707,3,707,704,701,707,704,701,707
2,707,5,707,702,697,707,702,697,707
2,707,7,707,700,693,707,700,693,707
2,707,11,707,696,685,707,696,685,707
2,707,13,707,694,681,707,694,681,707
2,707,17,707,690,673,707,690,673,707
2,707,19,707,688,669,707,688,669,707
2,708,2,708,706,704,708,706,704,708
2,708,3,708,705,702,708,705,702,708
2,708,5,708,703,698,708,703,698,708
2,708,7,708,701,694,708,701,694,708
2,708,11,708,697,686,708,697,686,708
2,708,13,708,695,682,708,695,682,708
2,708,17,708,691,674,708,691,674,708
2,708,19,708,689,670,708,689,670,708
2,709,2,709,707,705,709,707,705,709
2,709,3,709,706,703,709,706,703,709
2,709,5,709,704,699,709,704,699,709
2,709,7,709,702,695,709,702,695,709
2,709,11,709,698,687,709,698,687,709
2,709,13,709,696,683,709,696,683,709
2,709,17,709,692,675,709,692,675,709
2,709,19,709,690,671,709,690,671,709
2,710,2,710,708,706,710,708,706,710
2,710,3,710,707,704,710,707,704,710
2,710,5,710,705,700,710,705,700,710
2,710,7,710,703,696,710,703,696,710
2,710,11,710,699,688,710,699,688,710
2,710,13,710,697,684,710,697,684,710
2,710,17,710,693,676,710,693,676,710
2,710,19,710,691,672,710,691,672,710
2,711,2,711,709,707,711,709,707,711
2,711,3,711,708,705,711,708,705,711
2,711,5,711,706,701,711,706,701,711
2,711,7,711,704,697,711,704,697,711
2,711,11,711,700,689,711,700,689,711
2,711,13,711,698,685,711,698,685,711
2,711,17,711,694,677,711,694,677,711
2,711,19,711,692,673,711,692,673,711
2,712,2,712,710,708,712,710,708,712
2,712,3,712,709,706,712,709,706,712
2,712,5,712,707,702,712,707,702,712
2,712,7,712,705,698,712,705,698,712
2,712,11,712,701,690,712,701,690,712
2,712,13,712,699,686,712,699,686,712
2,712,17,712,695,678,712,695,678,712
2,712,19,712,693,674,712,693,674,712
2,713,2,713,711,709,713,711,709,713
2,713,3,713,710,707,713,710,707,713
2,713,5,713,708,703,713,708,703,713
2,713,7,713,706,699,713,706,699,713
2,713,11,713,702,691,713,702,691,713
2,713,13,713,700,687,713,700,687,713
2,713,17,713,696,679,713,696,679,713
2,713,19,713,694,675,713,694,675,713
2,714,2,714,712,710,714,712,710,714
2,714,3,714,711,708,714,711,708,714
2,714,5,714,709,704,714,709,704,714
2,714,7,714,707,700,714,707,700,714
2,714,11,714,703,692,714,703,692,714
2,714,13,714,701,688,714,701,688,714
2,714,17,714,697,680,714,697,680,714
2,714,19,714,695,676,714,695,676,714
2,715,2,715,713,711,715,713,711,715
2,715,3,715,712,709,715,712,709,715
2,715,5,715,710,705,715,710,705,715
2,715,7,715,708,701,715,708,701,715
2,715,11,715,704,693,715,704,693,715
2,715,13,715,702,689,715,702,689,715
2,715,17,715,698,681,715,698,681,715
2,715,19,715,696,677,715,696,677,715
2,716,2,716,714,712,716,714,712,716
2,716,3,716,713,710,716,713,710,716
2,716,5,716,711,706,716,711,706,716
2,716,7,716,709,702,716,709,702,716
2,716,11,716,705,694,716,705,694,716
2,716,13,716,703,690,716,703,690,716
2,716,17,716,699,682,716,699,682,716
2,716,19,716,697,678,716,697,678,716
2,717,2,717,715,713,717,715,713,717
2,717,3,717,714,711,717,714,711,717
2,717,5,717,712,707,717,712,707,717
2,717,7,717,710,703,717,710,703,717
2,717,11,717,706,695,717,706,695,717
2,717,13,717,704,691,717,704,691,717
2,717,17,717,700,683,717,700,683,717
2,717,19,717,698,679,717,698,679,717
2,718,2,718,716,714,718,716,714,718
2,718,3,718,715,712,718,715,712,718
2,718,5,718,713,708,718,713,708,718
2,718,7,718,711,704,718,711,704,718
2,718,11,718,707,696,718,707,696,718
2,718,13,718,705,692,718,705,692,718
2,718,17,718,701,684,718,701,684,718
2,718,19,718,699,680,718,699,680,718
2,719,2,719,717,715,719,717,715,719
2,719,3,719,716,713,719,716,713,719
2,719,5,719,714,709,719,714,709,719
2,719,7,719,712,705,719,712,705,719
2,719,11,719,708,697,719,708,697,719
2,719,13,719,706,693,719,706,693,719
2,719,17,719,702,685,719,702,685,719
2,719,19,719,700,681,719,700,681,719
2,720,2,720,718,716,720,718,716,720
2,720,3,720,717,714,720,717,714,720
2,720,5,720,715,710,720,715,710,720
2,720,7,720,713,706,720,713,706,720
2,720,11,720,709,698,720,709,698,720
2,720,13,720,707,694,720,707,694,720
2,720,17,720,703,686,720,703,686,720
2,720,19,720,701,682,720,701,682,720
2,721,2,721,719,717,721,719,717,721
2,721,3,721,718,715,721,718,715,721
2,721,5,721,716,711,721,716,711,721
2,721,7,721,714,707,721,714,707,721
2,721,11,721,710,699,721,710,699,721
2,721,13,721,708,695,721,708,695,721
2,721,17,721,704,687,721,704,687,721
2,721,19,721,702,683,721,702,683,721
2,722,2,722,720,718,722,720,718,722
2,722,3,722,719,716,722,719,716,722
2,722,5,722,717,712,722,717,712,722
2,722,7,722,715,708,722,715,708,722
2,722,11,722,711,700,722,711,700,722
2,722,13,722,709,696,722,709,696,722
2,722,17,722,705,688,722,705,688,722
2,722,19,722,703,684,722,703,684,722
2,723,2,723,721,719,723,721,719,723
2,723,3,723,720,717,723,720,717,723
2,723,5,723,718,713,723,718,713,723
2,723,7,723,716,709,723,716,709,723
2,723,11,723,712,701,723,712,701,723
2,723,13,723,710,697,723,710,697,723
2,723,17,723,706,689,723,706,689,723
2,723,19,723,704,685,723,704,685,723
2,724,2,724,722,720,724,722,720,724
2,724,3,724,721,718,724,721,718,724
2,724,5,724,719,714,724,719,714,724
2,724,7,724,717,710,724,717,710,724
2,724,11,724,713,702,724,713,702,724
2,724,13,724,711,698,724,711,698,724
2,724,17,724,707,690,724,707,690,724
2,724,19,724,705,686,724,705,686,724
2,725,2,725,723,721,725,723,721,725
2,725,3,725,722,719,725,722,719,725
2,725,5,725,720,715,725,720,715,725
2,725,7,725,718,711,725,718,711,725
2,725,11,725,714,703,725,714,703,725
2,725,13,725,712,699,725,712,699,725
2,725,17,725,708,691,725,708,691,725
2,725,19,725,706,687,725,706,687,725
2,726,2,726,724,722,726,724,722,726
2,726,3,726,723,720,726,723,720,726
2,726,5,726,721,716,726,721,716,726
2,726,7,726,719,712,726,719,712,726
2,726,11,726,715,704,726,715,704,726
2,726,13,726,713,700,726,713,700,726
2,726,17,726,709,692,726,709,692,726
2,726,19,726,707,688,726,707,688,726
2,727,2,727,725,723,727,725,723,727
2,727,3,727,724,721,727,724,721,727
2,727,5,727,722,717,727,722,717,727
2,727,7,727,720,713,727,720,713,727
2,727,11,727,716,705,727,716,705,727
2,727,13,727,714,701,727,714,701,727
2,727,17,727,710,693,727,710,693,727
2,727,19,727,708,689,727,708,689,727
2,728,2,728,726,724,728,726,724,728
2,728,3,728,725,722,728,725,722,728
2,728,5,728,723,718,728,723,718,728
2,728,7,728,721,714,728,721,714,728
2,728,11,728,717,706,728,717,706,728
2,728,13,728,715,702,728,715,702,728
2,728,17,728,711,694,728,711,694,728
2,728,19,728,709,690,728,709,690,728
2,729,2,729,727,725,729,727,725,729
2,729,3,729,726,723,729,726,723,729
2,729,5,729,724,719,729,724,719,729
2,729,7,729,722,715,729,722,715,729
2,729,11,729,718,707,729,718,707,729
2,729,13,729,716,703,729,716,703,729
2,729,17,729,712,695,729,712,695,729
2,729,19,729,710,691,729,710,691,729
2,730,2,730,728,726,730,728,726,730
2,730,3,730,727,724,730,727,724,730
2,730,5,730,725,720,730,725,720,730
2,730,7,730,723,716,730,723,716,730
2,730,11,730,719,708,730,719,708,730
2,730,13,730,717,704,730,717,704,730
2,730,17,730,713,696,730,713,696,730
2,730,19,730,711,692,730,711,692,730
2,731,2,731,729,727,731,729,727,731
2,731,3,731,728,725,731,728,725,731
2,731,5,731,726,721,731,726,721,731
2,731,7,731,724,717,731,724,717,731
2,731,11,731,720,709,731,720,709,731
2,731,13,731,718,705,731,718,705,731
2,731,17,731,714,697,731,714,697,731
2,731,19,731,712,693,731,712,693,731
2,732,2,732,730,728,732,730,728,732
2,732,3,732,729,726,732,729,726,732
2,732,5,732,727,722,732,727,722,732
2,732,7,732,725,718,732,725,718,732
2,732,11,732,721,710,732,721,710,732
2,732,13,732,719,706,732,719,706,732
2,732,17,732,715,698,732,715,698,732
2,732,19,732,713,694,732,713,694,732
2,733,2,733,731,729,733,731,729,733
2,733,3,733,730,727,733,730,727,733
2,733,5,733,728,723,733,728,723,733
2,733,7,733,726,719,733,726,719,733
2,733,11,733,722,711,733,722,711,733
2,733,13,733,720,707,733,720,707,733
2,733,17,733,716,699,733,716,699,733
2,733,19,733,714,695,733,714,695,733
2,734,2,734,732,730,734,732,730,734
2,734,3,734,731,728,734,731,728,734
2,734,5,734,729,724,734,729,724,734
2,734,7,734,727,720,734,727,720,734
2,734,11,734,723,712,734,723,712,734
2,734,13,734,721,708,734,721,708,734
2,734,17,734,717,700,734,717,700,734
2,734,19,734,715,696,734,715,696,734
2,735,2,735,733,731,735,733,731,735
2,735,3,735,732,729,735,732,729,735
2,735,5,735,730,725,735,730,725,735
2,735,7,735,728,721,735,728,721,735
2,735,11,735,724,713,735,724,713,735
2,735,13,735,722,709,735,722,709,735
2,735,17,735,718,701,735,718,701,735
2,735,19,735,716,697,735,716,697,735
2,736,2,736,734,732,736,734,732,736
2,736,3,736,733,730,736,733,730,736
2,736,5,736,731,726,736,731,726,736
2,736,7,736,729,722,736,729,722,736
2,736,11,736,725,714,736,725,714,736
2,736,13,736,723,710,736,723,710,736
2,736,17,736,719,702,736,719,702,736
2,736,19,736,717,698,736,717,698,736
2,737,2,737,735,733,737,735,733,737
2,737,3,737,734,731,737,734,731,737
2,737,5,737,732,727,737,732,727,737
2,737,7,737,730,723,737,730,723,737
2,737,11,737,726,715,737,726,715,737
2,737,13,737,724,711,737,724,711,737
2,737,17,737,720,703,737,720,703,737
2,737,19,737,718,699,737,718,699,737
2,738,2,738,736,734,738,736,734,738
2,738,3,738,735,732,738,735,732,738
2,738,5,738,733,728,738,733,728,738
2,738,7,738,731,724,738,731,724,738
2,738,11,738,727,716,738,727,716,738
2,738,13,738,725,712,738,725,712,738
2,738,17,738,721,704,738,721,704,738
2,738,19,738,719,700,738,719,700,738
2,739,2,739,737,735,739,737,735,739
2,739,3,739,736,733,739,736,733,739
2,739,5,739,734,729,739,734,729,739
2,739,7,739,732,725,739,732,725,739
2,739,11,739,728,717,739,728,717,739
2,739,13,739,726,713,739,726,713,739
2,739,17,739,722,705,739,722,705,739
2,739,19,739,720,701,739,720,701,739
2,740,2,740,738,736,740,738,736,740
2,740,3,740,737,734,740,737,734,740
2,740,5,740,735,730,740,735,730,740
2,740,7,740,733,726,740,733,726,740
2,740,11,740,729,718,740,729,718,740
2,740,13,740,727,714,740,727,714,740
2,740,17,740,723,706,740,723,706,740
2,740,19,740,721,702,740,721,702,740
2,741,2,741,739,737,741,739,737,741
2,741,3,741,738,735,741,738,735,741
2,741,5,741,736,731,741,736,731,741
2,741,7,741,734,727,741,734,727,741
2,741,11,741,730,719,741,730,719,741
2,741,13,741,728,715,741,728,715,741
2,741,17,741,724,707,741,724,707,741
2,741,19,741,722,703,741,722,703,741
2,742,2,742,740,738,742,740,738,742
2,742,3,742,739,736,742,739,736,742
2,742,5,742,737,732,742,737,732,742
2,742,7,742,735,728,742,735,728,742
2,742,11,742,731,720,742,731,720,742
2,742,13,742,729,716,742,729,716,742
2,742,17,742,725,708,742,725,708,742
2,742,19,742,723,704,742,723,704,742
2,743,2,743,741,739,743,741,739,743
2,743,3,743,740,737,743,740,737,743
2,743,5,743,738,733,743,738,733,743
2,743,7,743,736,729,743,736,729,743
2,743,11,743,732,721,743,732,721,743
2,743,13,743,730,717,743,730,717,743
2,743,17,743,726,709,743,726,709,743
2,743,19,743,724,705,743,724,705,743
2,744,2,744,742,740,744,742,740,744
2,744,3,744,741,738,744,741,738,744
2,744,5,744,739,734,744,739,734,744
2,744,7,744,737,730,744,737,730,744
2,744,11,744,733,722,744,733,722,744
2,744,13,744,731,718,744,731,718,744
2,744,17,744,727,710,744,727,710,744
2,744,19,744,725,706,744,725,706,744
2,745,2,745,743,741,745,743,741,745
2,745,3,745,742,739,745,742,739,745
2,745,5,745,740,735,745,740,735,745
2,745,7,745,738,731,745,738,731,745
2,745,11,745,734,723,745,734,723,745
2,745,13,745,732,719,745,732,719,745
2,745,17,745,728,711,745,728,711,745
2,745,19,745,726,707,745,726,707,745
2,746,2,746,744,742,746,744,742,746
2,746,3,746,743,740,746,743,740,746
2,746,5,746,741,736,746,741,736,746
2,746,7,746,739,732,746,739,732,746
2,746,11,746,735,724,746,735,724,746
2,746,13,746,733,720,746,733,720,746
2,746,17,746,729,712,746,729,712,746
2,746,19,746,727,708,746,727,708,746
2,747,2,747,745,743,747,745,743,747
2,747,3,747,744,741,747,744,741,747
2,747,5,747,742,737,747,742,737,747
2,747,7,747,740,733,747,740,733,747
2,747,11,747,736,725,747,736,725,747
2,747,13,747,734,721,747,734,721,747
2,747,17,747,730,713,747,730,713,747
2,747,19,747,728,709,747,728,709,747
2,748,2,748,746,744,748,746,744,748
2,748,3,748,745,742,748,745,742,748
2,748,5,748,743,738,748,743,738,748
2,748,7,748,741,734,748,741,734,748
2,748,11,748,737,726,748,737,726,748
2,748,13,748,735,722,748,735,722,748
2,748,17,748,731,714,748,731,714,748
2,748,19,748,729,710,748,729,710,748
2,749,2,749,747,745,749,747,745,749
2,749,3,749,746,743,749,746,743,749
2,749,5,749,744,739,749,744,739,749
2,749,7,749,742,735,749,742,735,749
2,749,11,749,738,727,749,738,727,749
2,749,13,749,736,723,749,736,723,749
2,749,17,749,732,715,749,732,715,749
2,749,19,749,730,711,749,730,711,749
2,750,2,750,748,746,750,748,746,750
2,750,3,750,747,744,750,747,744,750
2,750,5,750,745,740,750,745,740,750
2,750,7,750,743,736,750,743,736,750
2,750,11,750,739,728,750,739,728,750
2,750,13,750,737,724,750,737,724,750
2,750,17,750,733,716,750,733,716,750
2,750,19,750,731,712,750,731,712,750
2,751,2,751,749,747,751,749,747,751
2,751,3,751,748,745,751,748,745,751
2,751,5,751,746,741,751,746,741,751
2,751,7,751,744,737,751,744,737,751
2,751,11,751,740,729,751,740,729,751
2,751,13,751,738,725,751,738,725,751
2,751,17,751,734,717,751,734,717,751
2,751,19,751,732,713,751,732,713,751
2,752,2,752,750,748,752,750,748,752
2,752,3,752,749,746,752,749,746,752
2,752,5,752,747,742,752,747,742,752
2,752,7,752,745,738,752,745,738,752
2,752,11,752,741,730,752,741,730,752
2,752,13,752,739,726,752,739,726,752
2,752,17,752,735,718,752,735,718,752
2,752,19,752,733,714,752,733,714,752
2,753,2,753,751,749,753,751,749,753
2,753,3,753,750,747,753,750,747,753
2,753,5,753,748,743,753,748,743,753
2,753,7,753,746,739,753,746,739,753
2,753,11,753,742,731,753,742,731,753
2,753,13,753,740,727,753,740,727,753
2,753,17,753,736,719,753,736,719,753
2,753,19,753,734,715,753,734,715,753
2,754,2,754,752,750,754,752,750,754
2,754,3,754,751,748,754,751,748,754
2,754,5,754,749,744,754,749,744,754
2,754,7,754,747,740,754,747,740,754
2,754,11,754,743,732,754,743,732,754
2,754,13,754,741,728,754,741,728,754
2,754,17,754,737,720,754,737,720,754
2,754,19,754,735,716,754,735,716,754
2,755,2,755,753,751,755,753,751,755
2,755,3,755,752,749,755,752,749,755
2,755,5,755,750,745,755,750,745,755
2,755,7,755,748,741,755,748,741,755
2,755,11,755,744,733,755,744,733,755
2,755,13,755,742,729,755,742,729,755
2,755,17,755,738,721,755,738,721,755
2,755,19,755,736,717,755,736,717,755
2,756,2,756,754,752,756,754,752,756
2,756,3,756,753,750,756,753,750,756
2,756,5,756,751,746,756,751,746,756
2,756,7,756,749,742,756,749,742,756
2,756,11,756,745,734,756,745,734,756
2,756,13,756,743,730,756,743,730,756
2,756,17,756,739,722,756,739,722,756
2,756,19,756,737,718,756,737,718,756
2,757,2,757,755,753,757,755,753,757
2,757,3,757,754,751,757,754,751,757
2,757,5,757,752,747,757,752,747,757
2,757,7,757,750,743,757,750,743,757
2,757,11,757,746,735,757,746,735,757
2,757,13,757,744,731,757,744,731,757
2,757,17,757,740,723,757,740,723,757
2,757,19,757,738,719,757,738,719,757
2,758,2,758,756,754,758,756,754,758
2,758,3,758,755,752,758,755,752,758
2,758,5,758,753,748,758,753,748,758
2,758,7,758,751,744,758,751,744,758
2,758,11,758,747,736,758,747,736,758
2,758,13,758,745,732,758,745,732,758
2,758,17,758,741,724,758,741,724,758
2,758,19,758,739,720,758,739,720,758
2,759,2,759,757,755,759,757,755,759
2,759,3,759,756,753,759,756,753,759
2,759,5,759,754,749,759,754,749,759
2,759,7,759,752,745,759,752,745,759
2,759,11,759,748,737,759,748,737,759
2,759,13,759,746,733,759,746,733,759
2,759,17,759,742,725,759,742,725,759
2,759,19,759,740,721,759,740,721,759
2,760,2,760,758,756,760,758,756,760
2,760,3,760,757,754,760,757,754,760
2,760,5,760,755,750,760,755,750,760
2,760,7,760,753,746,760,753,746,760
2,760,11,760,749,738,760,749,738,760
2,760,13,760,747,734,760,747,734,760
2,760,17,760,743,726,760,743,726,760
2,760,19,760,741,722,760,741,722,760
2,761,2,761,759,757,761,759,757,761
2,761,3,761,758,755,761,758,755,761
2,761,5,761,756,751,761,756,751,761
2,761,7,761,754,747,761,754,747,761
2,761,11,761,750,739,761,750,739,761
2,761,13,761,748,735,761,748,735,761
2,761,17,761,744,727,761,744,727,761
2,761,19,761,742,723,761,742,723,761
2,762,2,762,760,758,762,760,758,762
2,762,3,762,759,756,762,759,756,762
2,762,5,762,757,752,762,757,752,762
2,762,7,762,755,748,762,755,748,762
2,762,11,762,751,740,762,751,740,762
2,762,13,762,749,736,762,749,736,762
2,762,17,762,745,728,762,745,728,762
2,762,19,762,743,724,762,743,724,762
2,763,2,763,761,759,763,761,759,763
2,763,3,763,760,757,763,760,757,763
2,763,5,763,758,753,763,758,753,763
2,763,7,763,756,749,763,756,749,763
2,763,11,763,752,741,763,752,741,763
2,763,13,763,750,737,763,750,737,763
2,763,17,763,746,729,763,746,729,763
2,763,19,763,744,725,763,744,725,763
2,764,2,764,762,760,764,762,760,764
2,764,3,764,761,758,764,761,758,764
2,764,5,764,759,754,764,759,754,764
2,764,7,764,757,750,764,757,750,764
2,764,11,764,753,742,764,753,742,764
2,764,13,764,751,738,764,751,738,764
2,764,17,764,747,730,764,747,730,764
2,764,19,764,745,726,764,745,726,764
2,765,2,765,763,761,765,763,761,765
2,765,3,765,762,759,765,762,759,765
2,765,5,765,760,755,765,760,755,765
2,765,7,765,758,751,765,758,751,765
2,765,11,765,754,743,765,754,743,765
2,765,13,765,752,739,765,752,739,765
2,765,17,765,748,731,765,748,731,765
2,765,19,765,746,727,765,746,727,765
2,766,2,766,764,762,766,764,762,766
2,766,3,766,763,760,766,763,760,766
2,766,5,766,761,756,766,761,756,766
2,766,7,766,759,752,766,759,752,766
2,766,11,766,755,744,766,755,744,766
2,766,13,766,753,740,766,753,740,766
2,766,17,766,749,732,766,749,732,766
2,766,19,766,747,728,766,747,728,766
2,767,2,767,765,763,767,765,763,767
2,767,3,767,764,761,767,764,761,767
2,767,5,767,762,757,767,762,757,767
2,767,7,767,760,753,767,760,753,767
2,767,11,767,756,745,767,756,745,767
2,767,13,767,754,741,767,754,741,767
2,767,17,767,750,733,767,750,733,767
2,767,19,767,748,729,767,748,729,767
2,768,2,768,766,764,768,766,764,768
2,768,3,768,765,762,768,765,762,768
2,768,5,768,763,758,768,763,758,768
2,768,7,768,761,754,768,761,754,768
2,768,11,768,757,746,768,757,746,768
2,768,13,768,755,742,768,755,742,768
2,768,17,768,751,734,768,751,734,768
2,768,19,768,749,730,768,749,730,768
2,769,2,769,767,765,769,767,765,769
2,769,3,769,766,763,769,766,763,769
2,769,5,769,764,759,769,764,759,769
2,769,7,769,762,755,769,762,755,769
2,769,11,769,758,747,769,758,747,769
2,769,13,769,756,743,769,756,743,769
2,769,17,769,752,735,769,752,735,769
2,769,19,769,750,731,769,750,731,769
2,770,2,770,768,766,770,768,766,770
2,770,3,770,767,764,770,767,764,770
2,770,5,770,765,760,770,765,760,770
2,770,7,770,763,756,770,763,756,770
2,770,11,770,759,748,770,759,748,770
2,770,13,770,757,744,770,757,744,770
2,770,17,770,753,736,770,753,736,770
2,770,19,770,751,732,770,751,732,770
2,771,2,771,769,767,771,769,767,771
2,771,3,771,768,765,771,768,765,771
2,771,5,771,766,761,771,766,761,771
2,771,7,771,764,757,771,764,757,771
2,771,11,771,760,749,771,760,749,771
2,771,13,771,758,745,771,758,745,771
2,771,17,771,754,737,771,754,737,771
2,771,19,771,752,733,771,752,733,771
2,772,2,772,770,768,772,770,768,772
2,772,3,772,769,766,772,769,766,772
2,772,5,772,767,762,772,767,762,772
2,772,7,772,765,758,772,765,758,772
2,772,11,772,761,750,772,761,750,772
2,772,13,772,759,746,772,759,746,772
2,772,17,772,755,738,772,755,738,772
2,772,19,772,753,734,772,753,734,772
2,773,2,773,771,769,773,771,769,773
2,773,3,773,770,767,773,770,767,773
2,773,5,773,768,763,773,768,763,773
2,773,7,773,766,759,773,766,759,773
2,773,11,773,762,751,773,762,751,773
2,773,13,773,760,747,773,760,747,773
2,773,17,773,756,739,773,756,739,773
2,773,19,773,754,735,773,754,735,773
2,774,2,774,772,770,774,772,770,774
2,774,3,774,771,768,774,771,768,774
2,774,5,774,769,764,774,769,764,774
2,774,7,774,767,760,774,767,760,774
2,774,11,774,763,752,774,763,752,774
2,774,13,774,761,748,774,761,748,774
2,774,17,774,757,740,774,757,740,774
2,774,19,774,755,736,774,755,736,774
2,775,2,775,773,771,775,773,771,775
2,775,3,775,772,769,775,772,769,775
2,775,5,775,770,765,775,770,765,775
2,775,7,775,768,761,775,768,761,775
2,775,11,775,764,753,775,764,753,775
2,775,13,775,762,749,775,762,749,775
2,775,17,775,758,741,775,758,741,775
2,775,19,775,756,737,775,756,737,775
2,776,2,776,774,772,776,774,772,776
2,776,3,776,773,770,776,773,770,776
2,776,5,776,771,766,776,771,766,776
2,776,7,776,769,762,776,769,762,776
2,776,11,776,765,754,776,765,754,776
2,776,13,776,763,750,776,763,750,776
2,776,17,776,759,742,776,759,742,776
2,776,19,776,757,738,776,757,738,776
2,777,2,777,775,773,777,775,773,777
2,777,3,777,774,771,777,774,771,777
2,777,5,777,772,767,777,772,767,777
2,777,7,777,770,763,777,770,763,777
2,777,11,777,766,755,777,766,755,777
2,777,13,777,764,751,777,764,751,777
2,777,17,777,760,743,777,760,743,777
2,777,19,777,758,739,777,758,739,777
2,778,2,778,776,774,778,776,774,778
2,778,3,778,775,772,778,775,772,778
2,778,5,778,773,768,778,773,768,778
2,778,7,778,771,764,778,771,764,778
2,778,11,778,767,756,778,767,756,778
2,778,13,778,765,752,778,765,752,778
2,778,17,778,761,744,778,761,744,778
2,778,19,778,759,740,778,759,740,778
2,779,2,779,777,775,779,777,775,779
2,779,3,779,776,773,779,776,773,779
2,779,5,779,774,769,779,774,769,779
2,779,7,779,772,765,779,772,765,779
2,779,11,779,768,757,779,768,757,779
2,779,13,779,766,753,779,766,753,779
2,779,17,779,762,745,779,762,745,779
2,779,19,779,760,741,779,760,741,779
2,780,2,780,778,776,780,778,776,780
2,780,3,780,777,774,780,777,774,780
2,780,5,780,775,770,780,775,770,780
2,780,7,780,773,766,780,773,766,780
2,780,11,780,769,758,780,769,758,780
2,780,13,780,767,754,780,767,754,780
2,780,17,780,763,746,780,763,746,780
2,780,19,780,761,742,780,761,742,780
2,781,2,781,779,777,781,779,777,781
2,781,3,781,778,775,781,778,775,781
2,781,5,781,776,771,781,776,771,781
2,781,7,781,774,767,781,774,767,781
2,781,11,781,770,759,781,770,759,781
2,781,13,781,768,755,781,768,755,781
2,781,17,781,764,747,781,764,747,781
2,781,19,781,762,743,781,762,743,781
2,782,2,782,780,778,782,780,778,782
2,782,3,782,779,776,782,779,776,782
2,782,5,782,777,772,782,777,772,782
2,782,7,782,775,768,782,775,768,782
2,782,11,782,771,760,782,771,760,782
2,782,13,782,769,756,782,769,756,782
2,782,17,782,765,748,782,765,748,782
2,782,19,782,763,744,782,763,744,782
2,783,2,783,781,779,783,781,779,783
2,783,3,783,780,777,783,780,777,783
2,783,5,783,778,773,783,778,773,783
2,783,7,783,776,769,783,776,769,783
2,783,11,783,772,761,783,772,761,783
2,783,13,783,770,757,783,770,757,783
2,783,17,783,766,749,783,766,749,783
2,783,19,783,764,745,783,764,745,783
2,784,2,784,782,780,784,782,780,784
2,784,3,784,781,778,784,781,778,784
2,784,5,784,779,774,784,779,774,784
2,784,7,784,777,770,784,777,770,784
2,784,11,784,773,762,784,773,762,784
2,784,13,784,771,758,784,771,758,784
2,784,17,784,767,750,784,767,750,784
2,784,19,784,765,746,784,765,746,784
2,785,2,785,783,781,785,783,781,785
2,785,3,785,782,779,785,782,779,785
2,785,5,785,780,775,785,780,775,785
2,785,7,785,778,771,785,778,771,785
2,785,11,785,774,763,785,774,763,785
2,785,13,785,772,759,785,772,759,785
2,785,17,785,768,751,785,768,751,785
2,785,19,785,766,747,785,766,747,785
2,786,2,786,784,782,786,784,782,786
2,786,3,786,783,780,786,783,780,786
2,786,5,786,781,776,786,781,776,786
2,786,7,786,779,772,786,779,772,786
2,786,11,786,775,764,786,775,764,786
2,786,13,786,773,760,786,773,760,786
2,786,17,786,769,752,786,769,752,786
2,786,19,786,767,748,786,767,748,786
2,787,2,787,785,783,787,785,783,787
2,787,3,787,784,781,787,784,781,787
2,787,5,787,782,777,787,782,777,787
2,787,7,787,780,773,787,780,773,787
2,787,11,787,776,765,787,776,765,787
2,787,13,787,774,761,787,774,761,787
2,787,17,787,770,753,787,770,753,787
2,787,19,787,768,749,787,768,749,787
2,788,2,788,786,784,788,786,784,788
2,788,3,788,785,782,788,785,782,788
2,788,5,788,783,778,788,783,778,788
2,788,7,788,781,774,788,781,774,788
2,788,11,788,777,766,788,777,766,788
2,788,13,788,775,762,788,775,762,788
2,788,17,788,771,754,788,771,754,788
2,788,19,788,769,750,788,769,750,788
2,789,2,789,787,785,789,787,785,789
2,789,3,789,786,783,789,786,783,789
2,789,5,789,784,779,789,784,779,789
2,789,7,789,782,775,789,782,775,789
2,789,11,789,778,767,789,778,767,789
2,789,13,789,776,763,789,776,763,789
2,789,17,789,772,755,789,772,755,789
2,789,19,789,770,751,789,770,751,789
2,790,2,790,788,786,790,788,786,790
2,790,3,790,787,784,790,787,784,790
2,790,5,790,785,780,790,785,780,790
2,790,7,790,783,776,790,783,776,790
2,790,11,790,779,768,790,779,768,790
2,790,13,790,777,764,790,777,764,790
2,790,17,790,773,756,790,773,756,790
2,790,19,790,771,752,790,771,752,790
2,791,2,791,789,787,791,789,787,791
2,791,3,791,788,785,791,788,785,791
2,791,5,791,786,781,791,786,781,791
2,791,7,791,784,777,791,784,777,791
2,791,11,791,780,769,791,780,769,791
2,791,13,791,778,765,791,778,765,791
2,791,17,791,774,757,791,774,757,791
2,791,19,791,772,753,791,772,753,791
2,792,2,792,790,788,792,790,788,792
2,792,3,792,789,786,792,789,786,792
2,792,5,792,787,782,792,787,782,792
2,792,7,792,785,778,792,785,778,792
2,792,11,792,781,770,792,781,770,792
2,792,13,792,779,766,792,779,766,792
2,792,17,792,775,758,792,775,758,792
2,792,19,792,773,754,792,773,754,792
2,793,2,793,791,789,793,791,789,793
2,793,3,793,790,787,793,790,787,793
2,793,5,793,788,783,793,788,783,793
2,793,7,793,786,779,793,786,779,793
2,793,11,793,782,771,793,782,771,793
2,793,13,793,780,767,793,780,767,793
2,793,17,793,776,759,793,776,759,793
2,793,19,793,774,755,793,774,755,793
2,794,2,794,792,790,794,792,790,794
2,794,3,794,791,788,794,791,788,794
2,794,5,794,789,784,794,789,784,794
2,794,7,794,787,780,794,787,780,794
2,794,11,794,783,772,794,783,772,794
2,794,13,794,781,768,794,781,768,794
2,794,17,794,777,760,794,777,760,794
2,794,19,794,775,756,794,775,756,794
2,795,2,795,793,791,795,793,791,795
2,795,3,795,792,789,795,792,789,795
2,795,5,795,790,785,795,790,785,795
2,795,7,795,788,781,795,788,781,795
2,795,11,795,784,773,795,784,773,795
2,795,13,795,782,769,795,782,769,795
2,795,17,795,778,761,795,778,761,795
2,795,19,795,776,757,795,776,757,795
2,796,2,796,794,792,796,794,792,796
2,796,3,796,793,790,796,793,790,796
2,796,5,796,791,786,796,791,786,796
2,796,7,796,789,782,796,789,782,796
2,796,11,796,785,774,796,785,774,796
2,796,13,796,783,770,796,783,770,796
2,796,17,796,779,762,796,779,762,796
2,796,19,796,777,758,796,777,758,796
2,797,2,797,795,793,797,795,793,797
2,797,3,797,794,791,797,794,791,797
2,797,5,797,792,787,797,792,787,797
2,797,7,797,790,783,797,790,783,797
2,797,11,797,786,775,797,786,775,797
2,797,13,797,784,771,797,784,771,797
2,797,17,797,780,763,797,780,763,797
2,797,19,797,778,759,797,778,759,797
2,798,2,798,796,794,798,796,794,798
2,798,3,798,795,792,798,795,792,798
2,798,5,798,793,788,798,793,788,798
2,798,7,798,791,784,798,791,784,798
2,798,11,798,787,776,798,787,776,798
2,798,13,798,785,772,798,785,772,798
2,798,17,798,781,764,798,781,764,798
2,798,19,798,779,760,798,779,760,798
2,799,2,799,797,795,799,797,795,799
2,799,3,799,796,793,799,796,793,799
2,799,5,799,794,789,799,794,789,799
2,799,7,799,792,785,799,792,785,799
2,799,11,799,788,777,799,788,777,799
2,799,13,799,786,773,799,786,773,799
2,799,17,799,782,765,799,782,765,799
2,799,19,799,780,761,799,780,761,799
2,800,2,800,798,796,800,798,796,800
2,800,3,800,797,794,800,797,794,800
2,800,5,800,795,790,800,795,790,800
2,800,7,800,793,786,800,793,786,800
2,800,11,800,789,778,800,789,778,800
2,800,13,800,787,774,800,787,774,800
2,800,17,800,783,766,800,783,766,800
2,800,19,800,781,762,800,781,762,800
3,801,2,801,799,797,801,799,797,801
3,801,3,801,798,795,801,798,795,801
3,801,5,801,796,791,801,796,791,801
3,801,7,801,794,787,801,794,787,801
3,801,11,801,790,779,801,790,779,801
3,801,13,801,788,775,801,788,775,801
3,801,17,801,784,767,801,784,767,801
3,801,19,801,782,763,801,782,763,801
3,802,2,802,800,798,802,800,798,802
3,802,3,802,799,796,802,799,796,802
3,802,5,802,797,792,802,797,792,802
3,802,7,802,795,788,802,795,788,802
3,802,11,802,791,780,802,791,780,802
3,802,13,802,789,776,802,789,776,802
3,802,17,802,785,768,802,785,768,802
3,802,19,802,783,764,802,783,764,802
3,803,2,803,801,799,803,801,799,803
3,803,3,803,800,797,803,800,797,803
3,803,5,803,798,793,803,798,793,803
3,803,7,803,796,789,803,796,789,803
3,803,11,803,792,781,803,792,781,803
3,803,13,803,790,777,803,790,777,803
3,803,17,803,786,769,803,786,769,803
3,803,19,803,784,765,803,784,765,803
3,804,2,804,802,800,804,802,800,804
3,804,3,804,801,798,804,801,798,804
3,804,5,804,799,794,804,799,794,804
3,804,7,804,797,790,804,797,790,804
3,804,11,804,793,782,804,793,782,804
3,804,13,804,791,778,804,791,778,804
3,804,17,804,787,770,804,787,770,804
3,804,19,804,785,766,804,785,766,804
3,805,2,805,803,801,805,803,801,805
3,805,3,805,802,799,805,802,799,805
3,805,5,805,800,795,805,800,795,805
3,805,7,805,798,791,805,798,791,805
3,805,11,805,794,783,805,794,783,805
3,805,13,805,792,779,805,792,779,805
3,805,17,805,788,771,805,788,771,805
3,805,19,805,786,767,805,786,767,805
3,806,2,806,804,802,806,804,802,806
3,806,3,806,803,800,806,803,800,806
3,806,5,806,801,796,806,801,796,806
3,806,7,806,799,792,806,799,792,806
3,806,11,806,795,784,806,795,784,806
3,806,13,806,793,780,806,793,780,806
3,806,17,806,789,772,806,789,772,806
3,806,19,806,787,768,806,787,768,806
3,807,2,807,805,803,807,805,803,807
3,807,3,807,804,801,807,804,801,807
3,807,5,807,802,797,807,802,797,807
3,807,7,807,800,793,807,800,793,807
3,807,11,807,796,785,807,796,785,807
3,807,13,807,794,781,807,794,781,807
3,807,17,807,790,773,807,790,773,807
3,807,19,807,788,769,807,788,769,807
3,808,2,808,806,804,808,806,804,808
3,808,3,808,805,802,808,805,802,808
3,808,5,808,803,798,808,803,798,808
3,808,7,808,801,794,808,801,794,808
3,808,11,808,797,786,808,797,786,808
3,808,13,808,795,782,808,795,782,808
3,808,17,808,791,774,808,791,774,808
3,808,19,808,789,770,808,789,770,808
3,809,2,809,807,805,809,807,805,809
3,809,3,809,806,803,809,806,803,809
3,809,5,809,804,799,809,804,799,809
3,809,7,809,802,795,809,802,795,809
3,809,11,809,798,787,809,798,787,809
3,809,13,809,796,783,809,796,783,809
3,809,17,809,792,775,809,792,775,809
3,809,19,809,790,771,809,790,771,809
3,810,2,810,808,806,810,808,806,810
3,810,3,810,807,804,810,807,804,810
3,810,5,810,805,800,810,805,800,810
3,810,7,810,803,796,810,803,796,810
3,810,11,810,799,788,810,799,788,810
3,810,13,810,797,784,810,797,784,810
3,810,17,810,793,776,810,793,776,810
3,810,19,810,791,772,810,791,772,810
3,811,2,811,809,807,811,809,807,811
3,811,3,811,808,805,811,808,805,811
3,811,5,811,806,801,811,806,801,811
3,811,7,811,804,797,811,804,797,811
3,811,11,811,800,789,811,800,789,811
3,811,13,811,798,785,811,798,785,811
3,811,17,811,794,777,811,794,777,811
3,811,19,811,792,773,811,792,773,811
3,812,2,812,810,808,812,810,808,812
3,812,3,812,809,806,812,809,806,812
3,812,5,812,807,802,812,807,802,812
3,812,7,812,805,798,812,805,798,812
3,812,11,812,801,790,812,801,790,812
3,812,13,812,799,786,812,799,786,812
3,812,17,812,795,778,812,795,778,812
3,812,19,812,793,774,812,793,774,812
3,813,2,813,811,809,813,811,809,813
3,813,3,813,810,807,813,810,807,813
3,813,5,813,808,803,813,808,803,813
3,813,7,813,806,799,813,806,799,813
3,813,11,813,802,791,813,802,791,813
3,813,13,813,800,787,813,800,787,813
3,813,17,813,796,779,813,796,779,813
3,813,19,813,794,775,813,794,775,813
3,814,2,814,812,810,814,812,810,814
3,814,3,814,811,808,814,811,808,814
3,814,5,814,809,804,814,809,804,814
3,814,7,814,807,800,814,807,800,814
3,814,11,814,803,792,814,803,792,814
3,814,13,814,801,788,814,801,788,814
3,814,17,814,797,780,814,797,780,814
3,814,19,814,795,776,814,795,776,814
3,815,2,815,813,811,815,813,811,815
3,815,3,815,812,809,815,812,809,815
3,815,5,815,810,805,815,810,805,815
3,815,7,815,808,801,815,808,801,815
3,815,11,815,804,793,815,804,793,815
3,815,13,815,802,789,815,802,789,815
3,815,17,815,798,781,815,798,781,815
3,815,19,815,796,777,815,796,777,815
3,816,2,816,814,812,816,814,812,816
3,816,3,816,813,810,816,813,810,816
3,816,5,816,811,806,816,811,806,816
3,816,7,816,809,802,816,809,802,816
3,816,11,816,805,794,816,805,794,816
3,816,13,816,803,790,816,803,790,816
3,816,17,816,799,782,816,799,782,816
3,816,19,816,797,778,816,797,778,816
3,817,2,817,815,813,817,815,813,817
3,817,3,817,814,811,817,814,811,817
3,817,5,817,812,807,817,812,807,817
3,817,7,817,810,803,817,810,803,817
3,817,11,817,806,795,817,806,795,817
3,817,13,817,804,791,817,804,791,817
3,817,17,817,800,783,817,800,783,817
3,817,19,817,798,779,817,798,779,817
3,818,2,818,816,814,818,816,814,818
3,818,3,818,815,812,818,815,812,818
3,818,5,818,813,808,818,813,808,818
3,818,7,818,811,804,818,811,804,818
3,818,11,818,807,796,818,807,796,818
3,818,13,818,805,792,818,805,792,818
3,818,17,818,801,784,818,801,784,818
3,818,19,818,799,780,818,799,780,818
3,819,2,819,817,815,819,817,815,819
3,819,3,819,816,813,819,816,813,819
3,819,5,819,814,809,819,814,809,819
3,819,7,819,812,805,819,812,805,819
3,819,11,819,808,797,819,808,797,819
3,819,13,819,806,793,819,806,793,819
3,819,17,819,802,785,819,802,785,819
3,819,19,819,800,781,819,800,781,819
3,820,2,820,818,816,820,818,816,820
3,820,3,820,817,814,820,817,814,820
3,820,5,820,815,810,820,815,810,820
3,820,7,820,813,806,820,813,806,820
3,820,11,820,809,798,820,809,798,820
3,820,13,820,807,794,820,807,794,820
3,820,17,820,803,786,820,803,786,820
3,820,19,820,801,782,820,801,782,820
3,821,2,821,819,817,821,819,817,821
3,821,3,821,818,815,821,818,815,821
3,821,5,821,816,811,821,816,811,821
3,821,7,821,814,807,821,814,807,821
3,821,11,821,810,799,821,810,799,821
3,821,13,821,808,795,821,808,795,821
3,821,17,821,804,787,821,804,787,821
3,821,19,821,802,783,821,802,783,821
3,822,2,822,820,818,822,820,818,822
3,822,3,822,819,816,822,819,816,822
3,822,5,822,817,812,822,817,812,822
3,822,7,822,815,808,822,815,808,822
3,822,11,822,811,800,822,811,800,822
3,822,13,822,809,796,822,809,796,822
3,822,17,822,805,788,822,805,788,822
3,822,19,822,803,784,822,803,784,822
3,823,2,823,821,819,823,821,819,823
3,823,3,823,820,817,823,820,817,823
3,823,5,823,818,813,823,818,813,823
3,823,7,823,816,809,823,816,809,823
3,823,11,823,812,801,823,812,801,823
3,823,13,823,810,797,823,810,797,823
3,823,17,823,806,789,823,806,789,823
3,823,19,823,804,785,823,804,785,823
3,824,2,824,822,820,824,822,820,824
3,824,3,824,821,818,824,821,818,824
3,824,5,824,819,814,824,819,814,824
3,824,7,824,817,810,824,817,810,824
3,824,11,824,813,802,824,813,802,824
3,824,13,824,811,798,824,811,798,824
3,824,17,824,807,790,824,807,790,824
3,824,19,824,805,786,824,805,786,824
3,825,2,825,823,821,825,823,821,825
3,825,3,825,822,819,825,822,819,825
3,825,5,825,820,815,825,820,815,825
3,825,7,825,818,811,825,818,811,825
3,825,11,825,814,803,825,814,803,825
3,825,13,825,812,799,825,812,799,825
3,825,17,825,808,791,825,808,791,825
3,825,19,825,806,787,825,806,787,825
3,826,2,826,824,822,826,824,822,826
3,826,3,826,823,820,826,823,820,826
3,826,5,826,821,816,826,821,816,826
3,826,7,826,819,812,826,819,812,826
3,826,11,826,815,804,826,815,804,826
3,826,13,826,813,800,826,813,800,826
3,826,17,826,809,792,826,809,792,826
3,826,19,826,807,788,826,807,788,826
3,827,2,827,825,823,827,825,823,827
3,827,3,827,824,821,827,824,821,827
3,827,5,827,822,817,827,822,817,827
3,827,7,827,820,813,827,820,813,827
3,827,11,827,816,805,827,816,805,827
3,827,13,827,814,801,827,814,801,827
3,827,17,827,810,793,827,810,793,827
3,827,19,827,808,789,827,808,789,827
3,828,2,828,826,824,828,826,824,828
3,828,3,828,825,822,828,825,822,828
3,828,5,828,823,818,828,823,818,828
3,828,7,828,821,814,828,821,814,828
3,828,11,828,817,806,828,817,806,828
3,828,13,828,815,802,828,815,802,828
3,828,17,828,811,794,828,811,794,828
3,828,19,828,809,790,828,809,790,828
3,829,2,829,827,825,829,827,825,829
3,829,3,829,826,823,829,826,823,829
3,829,5,829,824,819,829,824,819,829
3,829,7,829,822,815,829,822,815,829
3,829,11,829,818,807,829,818,807,829
3,829,13,829,816,803,829,816,803,829
3,829,17,829,812,795,829,812,795,829
3,829,19,829,810,791,829,810,791,829
3,830,2,830,828,826,830,828,826,830
3,830,3,830,827,824,830,827,824,830
3,830,5,830,825,820,830,825,820,830
3,830,7,830,823,816,830,823,816,830
3,830,11,830,819,808,830,819,808,830
3,830,13,830,817,804,830,817,804,830
3,830,17,830,813,796,830,813,796,830
3,830,19,830,811,792,830,811,792,830
3,831,2,831,829,827,831,829,827,831
3,831,3,831,828,825,831,828,825,831
3,831,5,831,826,821,831,826,821,831
3,831,7,831,824,817,831,824,817,831
3,831,11,831,820,809,831,820,809,831
3,831,13,831,818,805,831,818,805,831
3,831,17,831,814,797,831,814,797,831
3,831,19,831,812,793,831,812,793,831
3,832,2,832,830,828,832,830,828,832
3,832,3,832,829,826,832,829,826,832
3,832,5,832,827,822,832,827,822,832
3,832,7,832,825,818,832,825,818,832
3,832,11,832,821,810,832,821,810,832
3,832,13,832,819,806,832,819,806,832
3,832,17,832,815,798,832,815,798,832
3,832,19,832,813,794,832,813,794,832
3,833,2,833,831,829,833,831,829,833
3,833,3,833,830,827,833,830,827,833
3,833,5,833,828,823,833,828,823,833
3,833,7,833,826,819,833,826,819,833
3,833,11,833,822,811,833,822,811,833
3,833,13,833,820,807,833,820,807,833
3,833,17,833,816,799,833,816,799,833
3,833,19,833,814,795,833,814,795,833
3,834,2,834,832,830,834,832,830,834
3,834,3,834,831,828,834,831,828,834
3,834,5,834,829,824,834,829,824,834
3,834,7,834,827,820,834,827,820,834
3,834,11,834,823,812,834,823,812,834
3,834,13,834,821,808,834,821,808,834
3,834,17,834,817,800,834,817,800,834
3,834,19,834,815,796,834,815,796,834
3,835,2,835,833,831,835,833,831,835
3,835,3,835,832,829,835,832,829,835
3,835,5,835,830,825,835,830,825,835
3,835,7,835,828,821,835,828,821,835
3,835,11,835,824,813,835,824,813,835
3,835,13,835,822,809,835,822,809,835
3,835,17,835,818,801,835,818,801,835
3,835,19,835,816,797,835,816,797,835
3,836,2,836,834,832,836,834,832,836
3,836,3,836,833,830,836,833,830,836
3,836,5,836,831,826,836,831,826,836
3,836,7,836,829,822,836,829,822,836
3,836,11,836,825,814,836,825,814,836
3,836,13,836,823,810,836,823,810,836
3,836,17,836,819,802,836,819,802,836
3,836,19,836,817,798,836,817,798,836
3,837,2,837,835,833,837,835,833,837
3,837,3,837,834,831,837,834,831,837
3,837,5,837,832,827,837,832,827,837
3,837,7,837,830,823,837,830,823,837
3,837,11,837,826,815,837,826,815,837
3,837,13,837,824,811,837,824,811,837
3,837,17,837,820,803,837,820,803,837
3,837,19,837,818,799,837,818,799,837
3,838,2,838,836,834,838,836,834,838
3,838,3,838,835,832,838,835,832,838
3,838,5,838,833,828,838,833,828,838
3,838,7,838,831,824,838,831,824,838
3,838,11,838,827,816,838,827,816,838
3,838,13,838,825,812,838,825,812,838
3,838,17,838,821,804,838,821,804,838
3,838,19,838,819,800,838,819,800,838
3,839,2,839,837,835,839,837,835,839
3,839,3,839,836,833,839,836,833,839
3,839,5,839,834,829,839,834,829,839
3,839,7,839,832,825,839,832,825,839
3,839,11,839,828,817,839,828,817,839
3,839,13,839,826,813,839,826,813,839
3,839,17,839,822,805,839,822,805,839
3,839,19,839,820,801,839,820,801,839
3,840,2,840,838,836,840,838,836,840
3,840,3,840,837,834,840,837,834,840
3,840,5,840,835,830,840,835,830,840
3,840,7,840,833,826,840,833,826,840
3,840,11,840,829,818,840,829,818,840
3,840,13,840,827,814,840,827,814,840
3,840,17,840,823,806,840,823,806,840
3,840,19,840,821,802,840,821,802,840
3,841,2,841,839,837,841,839,837,841
3,841,3,841,838,835,841,838,835,841
3,841,5,841,836,831,841,836,831,841
3,841,7,841,834,827,841,834,827,841
3,841,11,841,830,819,841,830,819,841
3,841,13,841,828,815,841,828,815,841
3,841,17,841,824,807,841,824,807,841
3,841,19,841,822,803,841,822,803,841
3,842,2,842,840,838,842,840,838,842
3,842,3,842,839,836,842,839,836,842
3,842,5,842,837,832,842,837,832,842
3,842,7,842,835,828,842,835,828,842
3,842,11,842,831,820,842,831,820,842
3,842,13,842,829,816,842,829,816,842
3,842,17,842,825,808,842,825,808,842
3,842,19,842,823,804,842,823,804,842
3,843,2,843,841,839,843,841,839,843
3,843,3,843,840,837,843,840,837,843
3,843,5,843,838,833,843,838,833,843
3,843,7,843,836,829,843,836,829,843
3,843,11,843,832,821,843,832,821,843
3,843,13,843,830,817,843,830,817,843
3,843,17,843,826,809,843,826,809,843
3,843,19,843,824,805,843,824,805,843
3,844,2,844,842,840,844,842,840,844
3,844,3,844,841,838,844,841,838,844
3,844,5,844,839,834,844,839,834,844
3,844,7,844,837,830,844,837,830,844
3,844,11,844,833,822,844,833,822,844
3,844,13,844,831,818,844,831,818,844
3,844,17,844,827,810,844,827,810,844
3,844,19,844,825,806,844,825,806,844
3,845,2,845,843,841,845,843,841,845
3,845,3,845,842,839,845,842,839,845
3,845,5,845,840,835,845,840,835,845
3,845,7,845,838,831,845,838,831,845
3,845,11,845,834,823,845,834,823,845
3,845,13,845,832,819,845,832,819,845
3,845,17,845,828,811,845,828,811,845
3,845,19,845,826,807,845,826,807,845
3,846,2,846,844,842,846,844,842,846
3,846,3,846,843,840,846,843,840,846
3,846,5,846,841,836,846,841,836,846
3,846,7,846,839,832,846,839,832,846
3,846,11,846,835,824,846,835,824,846
3,846,13,846,833,820,846,833,820,846
3,846,17,846,829,812,846,829,812,846
3,846,19,846,827,808,846,827,808,846
3,847,2,847,845,843,847,845,843,847
3,847,3,847,844,841,847,844,841,847
3,847,5,847,842,837,847,842,837,847
3,847,7,847,840,833,847,840,833,847
3,847,11,847,836,825,847,836,825,847
3,847,13,847,834,821,847,834,821,847
3,847,17,847,830,813,847,830,813,847
3,847,19,847,828,809,847,828,809,847
3,848,2,848,846,844,848,846,844,848
3,848,3,848,845,842,848,845,842,848
3,848,5,848,843,838,848,843,838,848
3,848,7,848,841,834,848,841,834,848
3,848,11,848,837,826,848,837,826,848
3,848,13,848,835,822,848,835,822,848
3,848,17,848,831,814,848,831,814,848
3,848,19,848,829,810,848,829,810,848
3,849,2,849,847,845,849,847,845,849
3,849,3,849,846,843,849,846,843,849
3,849,5,849,844,839,849,844,839,849
3,849,7,849,842,835,849,842,835,849
3,849,11,849,838,827,849,838,827,849
3,849,13,849,836,823,849,836,823,849
3,849,17,849,832,815,849,832,815,849
3,849,19,849,830,811,849,830,811,849
3,850,2,850,848,846,850,848,846,850
3,850,3,850,847,844,850,847,844,850
3,850,5,850,845,840,850,845,840,850
3,850,7,850,843,836,850,843,836,850
3,850,11,850,839,828,850,839,828,850
3,850,13,850,837,824,850,837,824,850
3,850,17,850,833,816,850,833,816,850
3,850,19,850,831,812,850,831,812,850
3,851,2,851,849,847,851,849,847,851
3,851,3,851,848,845,851,848,845,851
3,851,5,851,846,841,851,846,841,851
3,851,7,851,844,837,851,844,837,851
3,851,11,851,840,829,851,840,829,851
3,851,13,851,838,825,851,838,825,851
3,851,17,851,834,817,851,834,817,851
3,851,19,851,832,813,851,832,813,851
3,852,2,852,850,848,852,850,848,852
3,852,3,852,849,846,852,849,846,852
3,852,5,852,847,842,852,847,842,852
3,852,7,852,845,838,852,845,838,852
3,852,11,852,841,830,852,841,830,852
3,852,13,852,839,826,852,839,826,852
3,852,17,852,835,818,852,835,818,852
3,852,19,852,833,814,852,833,814,852
3,853,2,853,851,849,853,851,849,853
3,853,3,853,850,847,853,850,847,853
3,853,5,853,848,843,853,848,843,853
3,853,7,853,846,839,853,846,839,853
3,853,11,853,842,831,853,842,831,853
3,853,13,853,840,827,853,840,827,853
3,853,17,853,836,819,853,836,819,853
3,853,19,853,834,815,853,834,815,853
3,854,2,854,852,850,854,852,850,854
3,854,3,854,851,848,854,851,848,854
3,854,5,854,849,844,854,849,844,854
3,854,7,854,847,840,854,847,840,854
3,854,11,854,843,832,854,843,832,854
3,854,13,854,841,828,854,841,828,854
3,854,17,854,837,820,854,837,820,854
3,854,19,854,835,816,854,835,816,854
3,855,2,855,853,851,855,853,851,855
3,855,3,855,852,849,855,852,849,855
3,855,5,855,850,845,855,850,845,855
3,855,7,855,848,841,855,848,841,855
3,855,11,855,844,833,855,844,833,855
3,855,13,855,842,829,855,842,829,855
3,855,17,855,838,821,855,838,821,855
3,855,19,855,836,817,855,836,817,855
3,856,2,856,854,852,856,854,852,856
3,856,3,856,853,850,856,853,850,856
3,856,5,856,851,846,856,851,846,856
3,856,7,856,849,842,856,849,842,856
3,856,11,856,845,834,856,845,834,856
3,856,13,856,843,830,856,843,830,856
3,856,17,856,839,822,856,839,822,856
3,856,19,856,837,818,856,837,818,856
3,857,2,857,855,853,857,855,853,857
3,857,3,857,854,851,857,854,851,857
3,857,5,857,852,847,857,852,847,857
3,857,7,857,850,843,857,850,843,857
3,857,11,857,846,835,857,846,835,857
3,857,13,857,844,831,857,844,831,857
3,857,17,857,840,823,857,840,823,857
3,857,19,857,838,819,857,838,819,857
3,858,2,858,856,854,858,856,854,858
3,858,3,858,855,852,858,855,852,858
3,858,5,858,853,848,858,853,848,858
3,858,7,858,851,844,858,851,844,858
3,858,11,858,847,836,858,847,836,858
3,858,13,858,845,832,858,845,832,858
3,858,17,858,841,824,858,841,824,858
3,858,19,858,839,820,858,839,820,858
3,859,2,859,857,855,859,857,855,859
3,859,3,859,856,853,859,856,853,859
3,859,5,859,854,849,859,854,849,859
3,859,7,859,852,845,859,852,845,859
3,859,11,859,848,837,859,848,837,859
3,859,13,859,846,833,859,846,833,859
3,859,17,859,842,825,859,842,825,859
3,859,19,859,840,821,859,840,821,859
3,860,2,860,858,856,860,858,856,860
3,860,3,860,857,854,860,857,854,860
3,860,5,860,855,850,860,855,850,860
3,860,7,860,853,846,860,853,846,860
3,860,11,860,849,838,860,849,838,860
3,860,13,860,847,834,860,847,834,860
3,860,17,860,843,826,860,843,826,860
3,860,19,860,841,822,860,841,822,860
3,861,2,861,859,857,861,859,857,861
3,861,3,861,858,855,861,858,855,861
3,861,5,861,856,851,861,856,851,861
3,861,7,861,854,847,861,854,847,861
3,861,11,861,850,839,861,850,839,861
3,861,13,861,848,835,861,848,835,861
3,861,17,861,844,827,861,844,827,861
3,861,19,861,842,823,861,842,823,861
3,862,2,862,860,858,862,860,858,862
3,862,3,862,859,856,862,859,856,862
3,862,5,862,857,852,862,857,852,862
3,862,7,862,855,848,862,855,848,862
3,862,11,862,851,840,862,851,840,862
3,862,13,862,849,836,862,849,836,862
3,862,17,862,845,828,862,845,828,862
3,862,19,862,843,824,862,843,824,862
3,863,2,863,861,859,863,861,859,863
3,863,3,863,860,857,863,860,857,863
3,863,5,863,858,853,863,858,853,863
3,863,7,863,856,849,863,856,849,863
3,863,11,863,852,841,863,852,841,863
3,863,13,863,850,837,863,850,837,863
3,863,17,863,846,829,863,846,829,863
3,863,19,863,844,825,863,844,825,863
3,864,2,864,862,860,864,862,860,864
3,864,3,864,861,858,864,861,858,864
3,864,5,864,859,854,864,859,854,864
3,864,7,864,857,850,864,857,850,864
3,864,11,864,853,842,864,853,842,864
3,864,13,864,851,838,864,851,838,864
3,864,17,864,847,830,864,847,830,864
3,864,19,864,845,826,864,845,826,864
3,865,2,865,863,861,865,863,861,865
3,865,3,865,862,859,865,862,859,865
3,865,5,865,860,855,865,860,855,865
3,865,7,865,858,851,865,858,851,865
3,865,11,865,854,843,865,854,843,865
3,865,13,865,852,839,865,852,839,865
3,865,17,865,848,831,865,848,831,865
3,865,19,865,846,827,865,846,827,865
3,866,2,866,864,862,866,864,862,866
3,866,3,866,863,860,866,863,860,866
3,866,5,866,861,856,866,861,856,866
3,866,7,866,859,852,866,859,852,866
3,866,11,866,855,844,866,855,844,866
3,866,13,866,853,840,866,853,840,866
3,866,17,866,849,832,866,849,832,866
3,866,19,866,847,828,866,847,828,866
3,867,2,867,865,863,867,865,863,867
3,867,3,867,864,861,867,864,861,867
3,867,5,867,862,857,867,862,857,867
3,867,7,867,860,853,867,860,853,867
3,867,11,867,856,845,867,856,845,867
3,867,13,867,854,841,867,854,841,867
3,867,17,867,850,833,867,850,833,867
3,867,19,867,848,829,867,848,829,867
3,868,2,868,866,864,868,866,864,868
3,868,3,868,865,862,868,865,862,868
3,868,5,868,863,858,868,863,858,868
3,868,7,868,861,854,868,861,854,868
3,868,11,868,857,846,868,857,846,868
3,868,13,868,855,842,868,855,842,868
3,868,17,868,851,834,868,851,834,868
3,868,19,868,849,830,868,849,830,868
3,869,2,869,867,865,869,867,865,869
3,869,3,869,866,863,869,866,863,869
3,869,5,869,864,859,869,864,859,869
3,869,7,869,862,855,869,862,855,869
3,869,11,869,858,847,869,858,847,869
3,869,13,869,856,843,869,856,843,869
3,869,17,869,852,835,869,852,835,869
3,869,19,869,850,831,869,850,831,869
3,870,2,870,868,866,870,868,866,870
3,870,3,870,867,864,870,867,864,870
3,870,5,870,865,860,870,865,860,870
3,870,7,870,863,856,870,863,856,870
3,870,11,870,859,848,870,859,848,870
3,870,13,870,857,844,870,857,844,870
3,870,17,870,853,836,870,853,836,870
3,870,19,870,851,832,870,851,832,870
3,871,2,871,869,867,871,869,867,871
3,871,3,871,868,865,871,868,865,871
3,871,5,871,866,861,871,866,861,871
3,871,7,871,864,857,871,864,857,871
3,871,11,871,860,849,871,860,849,871
3,871,13,871,858,845,871,858,845,871
3,871,17,871,854,837,871,854,837,871
3,871,19,871,852,833,871,852,833,871
3,872,2,872,870,868,872,870,868,872
3,872,3,872,869,866,872,869,866,872
3,872,5,872,867,862,872,867,862,872
3,872,7,872,865,858,872,865,858,872
3,872,11,872,861,850,872,861,850,872
3,872,13,872,859,846,872,859,846,872
3,872,17,872,855,838,872,855,838,872
3,872,19,872,853,834,872,853,834,872
3,873,2,873,871,869,873,871,869,873
3,873,3,873,870,867,873,870,867,873
3,873,5,873,868,863,873,868,863,873
3,873,7,873,866,859,873,866,859,873
3,873,11,873,862,851,873,862,851,873
3,873,13,873,860,847,873,860,847,873
3,873,17,873,856,839,873,856,839,873
3,873,19,873,854,835,873,854,835,873
3,874,2,874,872,870,874,872,870,874
3,874,3,874,871,868,874,871,868,874
3,874,5,874,869,864,874,869,864,874
3,874,7,874,867,860,874,867,860,874
3,874,11,874,863,852,874,863,852,874
3,874,13,874,861,848,874,861,848,874
3,874,17,874,857,840,874,857,840,874
3,874,19,874,855,836,874,855,836,874
3,875,2,875,873,871,875,873,871,875
3,875,3,875,872,869,875,872,869,875
3,875,5,875,870,865,875,870,865,875
3,875,7,875,868,861,875,868,861,875
3,875,11,875,864,853,875,864,853,875
3,875,13,875,862,849,875,862,849,875
3,875,17,875,858,841,875,858,841,875
3,875,19,875,856,837,875,856,837,875
3,876,2,876,874,872,876,874,872,876
3,876,3,876,873,870,876,873,870,876
3,876,5,876,871,866,876,871,866,876
3,876,7,876,869,862,876,869,862,876
3,876,11,876,865,854,876,865,854,876
3,876,13,876,863,850,876,863,850,876
3,876,17,876,859,842,876,859,842,876
3,876,19,876,857,838,876,857,838,876
3,877,2,877,875,873,877,875,873,877
3,877,3,877,874,871,877,874,871,877
3,877,5,877,872,867,877,872,867,877
3,877,7,877,870,863,877,870,863,877
3,877,11,877,866,855,877,866,855,877
3,877,13,877,864,851,877,864,851,877
3,877,17,877,860,843,877,860,843,877
3,877,19,877,858,839,877,858,839,877
3,878,2,878,876,874,878,876,874,878
3,878,3,878,875,872,878,875,872,878
3,878,5,878,873,868,878,873,868,878
3,878,7,878,871,864,878,871,864,878
3,878,11,878,867,856,878,867,856,878
3,878,13,878,865,852,878,865,852,878
3,878,17,878,861,844,878,861,844,878
3,878,19,878,859,840,878,859,840,878
3,879,2,879,877,875,879,877,875,879
3,879,3,879,876,873,879,876,873,879
3,879,5,879,874,869,879,874,869,879
3,879,7,879,872,865,879,872,865,879
3,879,11,879,868,857,879,868,857,879
3,879,13,879,866,853,879,866,853,879
3,879,17,879,862,845,879,862,845,879
3,879,19,879,860,841,879,860,841,879
3,880,2,880,878,876,880,878,876,880
3,880,3,880,877,874,880,877,874,880
3,880,5,880,875,870,880,875,870,880
3,880,7,880,873,866,880,873,866,880
3,880,11,880,869,858,880,869,858,880
3,880,13,880,867,854,880,867,854,880
3,880,17,880,863,846,880,863,846,880
3,880,19,880,861,842,880,861,842,880
3,881,2,881,879,877,881,879,877,881
3,881,3,881,878,875,881,878,875,881
3,881,5,881,876,871,881,876,871,881
3,881,7,881,874,867,881,874,867,881
3,881,11,881,870,859,881,870,859,881
3,881,13,881,868,855,881,868,855,881
3,881,17,881,864,847,881,864,847,881
3,881,19,881,862,843,881,862,843,881
3,882,2,882,880,878,882,880,878,882
3,882,3,882,879,876,882,879,876,882
3,882,5,882,877,872,882,877,872,882
3,882,7,882,875,868,882,875,868,882
3,882,11,882,871,860,882,871,860,882
3,882,13,882,869,856,882,869,856,882
3,882,17,882,865,848,882,865,848,882
3,882,19,882,863,844,882,863,844,882
3,883,2,883,881,879,883,881,879,883
3,883,3,883,880,877,883,880,877,883
3,883,5,883,878,873,883,878,873,883
3,883,7,883,876,869,883,876,869,883
3,883,11,883,872,861,883,872,861,883
3,883,13,883,870,857,883,870,857,883
3,883,17,883,866,849,883,866,849,883
3,883,19,883,864,845,883,864,845,883
3,884,2,884,882,880,884,882,880,884
3,884,3,884,881,878,884,881,878,884
3,884,5,884,879,874,884,879,874,884
3,884,7,884,877,870,884,877,870,884
3,884,11,884,873,862,884,873,862,884
3,884,13,884,871,858,884,871,858,884
3,884,17,884,867,850,884,867,850,884
3,884,19,884,865,846,884,865,846,884
3,885,2,885,883,881,885,883,881,885
3,885,3,885,882,879,885,882,879,885
3,885,5,885,880,875,885,880,875,885
3,885,7,885,878,871,885,878,871,885
3,885,11,885,874,863,885,874,863,885
3,885,13,885,872,859,885,872,859,885
3,885,17,885,868,851,885,868,851,885
3,885,19,885,866,847,885,866,847,885
3,886,2,886,884,882,886,884,882,886
3,886,3,886,883,880,886,883,880,886
3,886,5,886,881,876,886,881,876,886
3,886,7,886,879,872,886,879,872,886
3,886,11,886,875,864,886,875,864,886
3,886,13,886,873,860,886,873,860,886
3,886,17,886,869,852,886,869,852,886
3,886,19,886,867,848,886,867,848,886
3,887,2,887,885,883,887,885,883,887
3,887,3,887,884,881,887,884,881,887
3,887,5,887,882,877,887,882,877,887
3,887,7,887,880,873,887,880,873,887
3,887,11,887,876,865,887,876,865,887
3,887,13,887,874,861,887,874,861,887
3,887,17,887,870,853,887,870,853,887
3,887,19,887,868,849,887,868,849,887
3,888,2,888,886,884,888,886,884,888
3,888,3,888,885,882,888,885,882,888
3,888,5,888,883,878,888,883,878,888
3,888,7,888,881,874,888,881,874,888
3,888,11,888,877,866,888,877,866,888
3,888,13,888,875,862,888,875,862,888
3,888,17,888,871,854,888,871,854,888
3,888,19,888,869,850,888,869,850,888
3,889,2,889,887,885,889,887,885,889
3,889,3,889,886,883,889,886,883,889
3,889,5,889,884,879,889,884,879,889
3,889,7,889,882,875,889,882,875,889
3,889,11,889,878,867,889,878,867,889
3,889,13,889,876,863,889,876,863,889
3,889,17,889,872,855,889,872,855,889
3,889,19,889,870,851,889,870,851,889
3,890,2,890,888,886,890,888,886,890
3,890,3,890,887,884,890,887,884,890
3,890,5,890,885,880,890,885,880,890
3,890,7,890,883,876,890,883,876,890
3,890,11,890,879,868,890,879,868,890
3,890,13,890,877,864,890,877,864,890
3,890,17,890,873,856,890,873,856,890
3,890,19,890,871,852,890,871,852,890
3,891,2,891,889,887,891,889,887,891
3,891,3,891,888,885,891,888,885,891
3,891,5,891,886,881,891,886,881,891
3,891,7,891,884,877,891,884,877,891
3,891,11,891,880,869,891,880,869,891
3,891,13,891,878,865,891,878,865,891
3,891,17,891,874,857,891,874,857,891
3,891,19,891,872,853,891,872,853,891
3,892,2,892,890,888,892,890,888,892
3,892,3,892,889,886,892,889,886,892
3,892,5,892,887,882,892,887,882,892
3,892,7,892,885,878,892,885,878,892
3,892,11,892,881,870,892,881,870,892
3,892,13,892,879,866,892,879,866,892
3,892,17,892,875,858,892,875,858,892
3,892,19,892,873,854,892,873,854,892
3,893,2,893,891,889,893,891,889,893
3,893,3,893,890,887,893,890,887,893
3,893,5,893,888,883,893,888,883,893
3,893,7,893,886,879,893,886,879,893
3,893,11,893,882,871,893,882,871,893
3,893,13,893,880,867,893,880,867,893
3,893,17,893,876,859,893,876,859,893
3,893,19,893,874,855,893,874,855,893
3,894,2,894,892,890,894,892,890,894
3,894,3,894,891,888,894,891,888,894
3,894,5,894,889,884,894,889,884,894
3,894,7,894,887,880,894,887,880,894
3,894,11,894,883,872,894,883,872,894
3,894,13,894,881,868,894,881,868,894
3,894,17,894,877,860,894,877,860,894
3,894,19,894,875,856,894,875,856,894
3,895,2,895,893,891,895,893,891,895
3,895,3,895,892,889,895,892,889,895
3,895,5,895,890,885,895,890,885,895
3,895,7,895,888,881,895,888,881,895
3,895,11,895,884,873,895,884,873,895
3,895,13,895,882,869,895,882,869,895
3,895,17,895,878,861,895,878,861,895
3,895,19,895,876,857,895,876,857,895
3,896,2,896,894,892,896,894,892,896
3,896,3,896,893,890,896,893,890,896
3,896,5,896,891,886,896,891,886,896
3,896,7,896,889,882,896,889,882,896
3,896,11,896,885,874,896,885,874,896
3,896,13,896,883,870,896,883,870,896
3,896,17,896,879,862,896,879,862,896
3,896,19,896,877,858,896,877,858,896
3,897,2,897,895,893,897,895,893,897
3,897,3,897,894,891,897,894,891,897
3,897,5,897,892,887,897,892,887,897
3,897,7,897,890,883,897,890,883,897
3,897,11,897,886,875,897,886,875,897
3,897,13,897,884,871,897,884,871,897
3,897,17,897,880,863,897,880,863,897
3,897,19,897,878,859,897,878,859,897
3,898,2,898,896,894,898,896,894,898
3,898,3,898,895,892,898,895,892,898
3,898,5,898,893,888,898,893,888,898
3,898,7,898,891,884,898,891,884,898
3,898,11,898,887,876,898,887,876,898
3,898,13,898,885,872,898,885,872,898
3,898,17,898,881,864,898,881,864,898
3,898,19,898,879,860,898,879,860,898
3,899,2,899,897,895,899,897,895,899
3,899,3,899,896,893,899,896,893,899
3,899,5,899,894,889,899,894,889,899
3,899,7,899,892,885,899,892,885,899
3,899,11,899,888,877,899,888,877,899
3,899,13,899,886,873,899,886,873,899
3,899,17,899,882,865,899,882,865,899
3,899,19,899,880,861,899,880,861,899
3,900,2,900,898,896,900,898,896,900
3,900,3,900,897,894,900,897,894,900
3,900,5,900,895,890,900,895,890,900
3,900,7,900,893,886,900,893,886,900
3,900,11,900,889,878,900,889,878,900
3,900,13,900,887,874,900,887,874,900
3,900,17,900,883,866,900,883,866,900
3,900,19,900,881,862,900,881,862,900
3,901,2,901,899,897,901,899,897,901
3,901,3,901,898,895,901,898,895,901
3,901,5,901,896,891,901,896,891,901
3,901,7,901,894,887,901,894,887,901
3,901,11,901,890,879,901,890,879,901
3,901,13,901,888,875,901,888,875,901
3,901,17,901,884,867,901,884,867,901
3,901,19,901,882,863,901,882,863,901
3,902,2,902,900,898,902,900,898,902
3,902,3,902,899,896,902,899,896,902
3,902,5,902,897,892,902,897,892,902
3,902,7,902,895,888,902,895,888,902
3,902,11,902,891,880,902,891,880,902
3,902,13,902,889,876,902,889,876,902
3,902,17,902,885,868,902,885,868,902
3,902,19,902,883,864,902,883,864,902
3,903,2,903,901,899,903,901,899,903
3,903,3,903,900,897,903,900,897,903
3,903,5,903,898,893,903,898,893,903
3,903,7,903,896,889,903,896,889,903
3,903,11,903,892,881,903,892,881,903
3,903,13,903,890,877,903,890,877,903
3,903,17,903,886,869,903,886,869,903
3,903,19,903,884,865,903,884,865,903
3,904,2,904,902,900,904,902,900,904
3,904,3,904,901,898,904,901,898,904
3,904,5,904,899,894,904,899,894,904
3,904,7,904,897,890,904,897,890,904
3,904,11,904,893,882,904,893,882,904
3,904,13,904,891,878,904,891,878,904
3,904,17,904,887,870,904,887,870,904
3,904,19,904,885,866,904,885,866,904
3,905,2,905,903,901,905,903,901,905
3,905,3,905,902,899,905,902,899,905
3,905,5,905,900,895,905,900,895,905
3,905,7,905,898,891,905,898,891,905
3,905,11,905,894,883,905,894,883,905
3,905,13,905,892,879,905,892,879,905
3,905,17,905,888,871,905,888,871,905
3,905,19,905,886,867,905,886,867,905
3,906,2,906,904,902,906,904,902,906
3,906,3,906,903,900,906,903,900,906
3,906,5,906,901,896,906,901,896,906
3,906,7,906,899,892,906,899,892,906
3,906,11,906,895,884,906,895,884,906
3,906,13,906,893,880,906,893,880,906
3,906,17,906,889,872,906,889,872,906
3,906,19,906,887,868,906,887,868,906
3,907,2,907,905,903,907,905,903,907
3,907,3,907,904,901,907,904,901,907
3,907,5,907,902,897,907,902,897,907
3,907,7,907,900,893,907,900,893,907
3,907,11,907,896,885,907,896,885,907
3,907,13,907,894,881,907,894,881,907
3,907,17,907,890,873,907,890,873,907
3,907,19,907,888,869,907,888,869,907
3,908,2,908,906,904,908,906,904,908
3,908,3,908,905,902,908,905,902,908
3,908,5,908,903,898,908,903,898,908
3,908,7,908,901,894,908,901,894,908
3,908,11,908,897,886,908,897,886,908
3,908,13,908,895,882,908,895,882,908
3,908,17,908,891,874,908,891,874,908
3,908,19,908,889,870,908,889,870,908
3,909,2,909,907,905,909,907,905,909
3,909,3,909,906,903,909,906,903,909
3,909,5,909,904,899,909,904,899,909
3,909,7,909,902,895,909,902,895,909
3,909,11,909,898,887,909,898,887,909
3,909,13,909,896,883,909,896,883,909
3,909,17,909,892,875,909,892,875,909
3,909,19,909,890,871,909,890,871,909
3,910,2,910,908,906,910,908,906,910
3,910,3,910,907,904,910,907,904,910
3,910,5,910,905,900,910,905,900,910
3,910,7,910,903,896,910,903,896,910
3,910,11,910,899,888,910,899,888,910
3,910,13,910,897,884,910,897,884,910
3,910,17,910,893,876,910,893,876,910
3,910,19,910,891,872,910,891,872,910
3,911,2,911,909,907,911,909,907,911
3,911,3,911,908,905,911,908,905,911
3,911,5,911,906,901,911,906,901,911
3,911,7,911,904,897,911,904,897,911
3,911,11,911,900,889,911,900,889,911
3,911,13,911,898,885,911,898,885,911
3,911,17,911,894,877,911,894,877,911
3,911,19,911,892,873,911,892,873,911
3,912,2,912,910,908,912,910,908,912
3,912,3,912,909,906,912,909,906,912
3,912,5,912,907,902,912,907,902,912
3,912,7,912,905,898,912,905,898,912
3,912,11,912,901,890,912,901,890,912
3,912,13,912,899,886,912,899,886,912
3,912,17,912,895,878,912,895,878,912
3,912,19,912,893,874,912,893,874,912
3,913,2,913,911,909,913,911,909,913
3,913,3,913,910,907,913,910,907,913
3,913,5,913,908,903,913,908,903,913
3,913,7,913,906,899,913,906,899,913
3,913,11,913,902,891,913,902,891,913
3,913,13,913,900,887,913,900,887,913
3,913,17,913,896,879,913,896,879,913
3,913,19,913,894,875,913,894,875,913
3,914,2,914,912,910,914,912,910,914
3,914,3,914,911,908,914,911,908,914
3,914,5,914,909,904,914,909,904,914
3,914,7,914,907,900,914,907,900,914
3,914,11,914,903,892,914,903,892,914
3,914,13,914,901,888,914,901,888,914
3,914,17,914,897,880,914,897,880,914
3,914,19,914,895,876,914,895,876,914
3,915,2,915,913,911,915,913,911,915
3,915,3,915,912,909,915,912,909,915
3,915,5,915,910,905,915,910,905,915
3,915,7,915,908,901,915,908,901,915
3,915,11,915,904,893,915,904,893,915
3,915,13,915,902,889,915,902,889,915
3,915,17,915,898,881,915,898,881,915
3,915,19,915,896,877,915,896,877,915
3,916,2,916,914,912,916,914,912,916
3,916,3,916,913,910,916,913,910,916
3,916,5,916,911,906,916,911,906,916
3,916,7,916,909,902,916,909,902,916
3,916,11,916,905,894,916,905,894,916
3,916,13,916,903,890,916,903,890,916
3,916,17,916,899,882,916,899,882,916
3,916,19,916,897,878,916,897,878,916
3,917,2,917,915,913,917,915,913,917
3,917,3,917,914,911,917,914,911,917
3,917,5,917,912,907,917,912,907,917
3,917,7,917,910,903,917,910,903,917
3,917,11,917,906,895,917,906,895,917
3,917,13,917,904,891,917,904,891,917
3,917,17,917,900,883,917,900,883,917
3,917,19,917,898,879,917,898,879,917
3,918,2,918,916,914,918,916,914,918
3,918,3,918,915,912,918,915,912,918
3,918,5,918,913,908,918,913,908,918
3,918,7,918,911,904,918,911,904,918
3,918,11,918,907,896,918,907,896,918
3,918,13,918,905,892,918,905,892,918
3,918,17,918,901,884,918,901,884,918
3,918,19,918,899,880,918,899,880,918
3,919,2,919,917,915,919,917,915,919
3,919,3,919,916,913,919,916,913,919
3,919,5,919,914,909,919,914,909,919
3,919,7,919,912,905,919,912,905,919
3,919,11,919,908,897,919,908,897,919
3,919,13,919,906,893,919,906,893,919
3,919,17,919,902,885,919,902,885,919
3,919,19,919,900,881,919,900,881,919
3,920,2,920,918,916,920,918,916,920
3,920,3,920,917,914,920,917,914,920
3,920,5,920,915,910,920,915,910,920
3,920,7,920,913,906,920,913,906,920
3,920,11,920,909,898,920,909,898,920
3,920,13,920,907,894,920,907,894,920
3,920,17,920,903,886,920,903,886,920
3,920,19,920,901,882,920,901,882,920
3,921,2,921,919,917,921,919,917,921
3,921,3,921,918,915,921,918,915,921
3,921,5,921,916,911,921,916,911,921
3,921,7,921,914,907,921,914,907,921
3,921,11,921,910,899,921,910,899,921
3,921,13,921,908,895,921,908,895,921
3,921,17,921,904,887,921,904,887,921
3,921,19,921,902,883,921,902,883,921
3,922,2,922,920,918,922,920,918,922
3,922,3,922,919,916,922,919,916,922
3,922,5,922,917,912,922,917,912,922
3,922,7,922,915,908,922,915,908,922
3,922,11,922,911,900,922,911,900,922
3,922,13,922,909,896,922,909,896,922
3,922,17,922,905,888,922,905,888,922
3,922,19,922,903,884,922,903,884,922
3,923,2,923,921,919,923,921,919,923
3,923,3,923,920,917,923,920,917,923
3,923,5,923,918,913,923,918,913,923
3,923,7,923,916,909,923,916,909,923
3,923,11,923,912,901,923,912,901,923
3,923,13,923,910,897,923,910,897,923
3,923,17,923,906,889,923,906,889,923
3,923,19,923,904,885,923,904,885,923
3,924,2,924,922,920,924,922,920,924
3,924,3,924,921,918,924,921,918,924
3,924,5,924,919,914,924,919,914,924
3,924,7,924,917,910,924,917,910,924
3,924,11,924,913,902,924,913,902,924
3,924,13,924,911,898,924,911,898,924
3,924,17,924,907,890,924,907,890,924
3,924,19,924,905,886,924,905,886,924
3,925,2,925,923,921,925,923,921,925
3,925,3,925,922,919,925,922,919,925
3,925,5,925,920,915,925,920,915,925
3,925,7,925,918,911,925,918,911,925
3,925,11,925,914,903,925,914,903,925
3,925,13,925,912,899,925,912,899,925
3,925,17,925,908,891,925,908,891,925
3,925,19,925,906,887,925,906,887,925
3,926,2,926,924,922,926,924,922,926
3,926,3,926,923,920,926,923,920,926
3,926,5,926,921,916,926,921,916,926
3,926,7,926,919,912,926,919,912,926
3,926,11,926,915,904,926,915,904,926
3,926,13,926,913,900,926,913,900,926
3,926,17,926,909,892,926,909,892,926
3,926,19,926,907,888,926,907,888,926
3,927,2,927,925,923,927,925,923,927
3,927,3,927,924,921,927,924,921,927
3,927,5,927,922,917,927,922,917,927
3,927,7,927,920,913,927,920,913,927
3,927,11,927,916,905,927,916,905,927
3,927,13,927,914,901,927,914,901,927
3,927,17,927,910,893,927,910,893,927
3,927,19,927,908,889,927,908,889,927
3,928,2,928,926,924,928,926,924,928
3,928,3,928,925,922,928,925,922,928
3,928,5,928,923,918,928,923,918,928
3,928,7,928,921,914,928,921,914,928
3,928,11,928,917,906,928,917,906,928
3,928,13,928,915,902,928,915,902,928
3,928,17,928,911,894,928,911,894,928
3,928,19,928,909,890,928,909,890,928
3,929,2,929,927,925,929,927,925,929
3,929,3,929,926,923,929,926,923,929
3,929,5,929,924,919,929,924,919,929
3,929,7,929,922,915,929,922,915,929
3,929,11,929,918,907,929,918,907,929
3,929,13,929,916,903,929,916,903,929
3,929,17,929,912,895,929,912,895,929
3,929,19,929,910,891,929,910,891,929
3,930,2,930,928,926,930,928,926,930
3,930,3,930,927,924,930,927,924,930
3,930,5,930,925,920,930,925,920,930
3,930,7,930,923,916,930,923,916,930
3,930,11,930,919,908,930,919,908,930
3,930,13,930,917,904,930,917,904,930
3,930,17,930,913,896,930,913,896,930
3,930,19,930,911,892,930,911,892,930
3,931,2,931,929,927,931,929,927,931
3,931,3,931,928,925,931,928,925,931
3,931,5,931,926,921,931,926,921,931
3,931,7,931,924,917,931,924,917,931
3,931,11,931,920,909,931,920,909,931
3,931,13,931,918,905,931,918,905,931
3,931,17,931,914,897,931,914,897,931
3,931,19,931,912,893,931,912,893,931
3,932,2,932,930,928,932,930,928,932
3,932,3,932,929,926,932,929,926,932
3,932,5,932,927,922,932,927,922,932
3,932,7,932,925,918,932,925,918,932
3,932,11,932,921,910,932,921,910,932
3,932,13,932,919,906,932,919,906,932
3,932,17,932,915,898,932,915,898,932
3,932,19,932,913,894,932,913,894,932
3,933,2,933,931,929,933,931,929,933
3,933,3,933,930,927,933,930,927,933
3,933,5,933,928,923,933,928,923,933
3,933,7,933,926,919,933,926,919,933
3,933,11,933,922,911,933,922,911,933
3,933,13,933,920,907,933,920,907,933
3,933,17,933,916,899,933,916,899,933
3,933,19,933,914,895,933,914,895,933
3,934,2,934,932,930,934,932,930,934
3,934,3,934,931,928,934,931,928,934
3,934,5,934,929,924,934,929,924,934
3,934,7,934,927,920,934,927,920,934
3,934,11,934,923,912,934,923,912,934
3,934,13,934,921,908,934,921,908,934
3,934,17,934,917,900,934,917,900,934
3,934,19,934,915,896,934,915,896,934
3,935,2,935,933,931,935,933,931,935
3,935,3,935,932,929,935,932,929,935
3,935,5,935,930,925,935,930,925,935
3,935,7,935,928,921,935,928,921,935
3,935,11,935,924,913,935,924,913,935
3,935,13,935,922,909,935,922,909,935
3,935,17,935,918,901,935,918,901,935
3,935,19,935,916,897,935,916,897,935
3,936,2,936,934,932,936,934,932,936
3,936,3,936,933,930,936,933,930,936
3,936,5,936,931,926,936,931,926,936
3,936,7,936,929,922,936,929,922,936
3,936,11,936,925,914,936,925,914,936
3,936,13,936,923,910,936,923,910,936
3,936,17,936,919,902,936,919,902,936
3,936,19,936,917,898,936,917,898,936
3,937,2,937,935,933,937,935,933,937
3,937,3,937,934,931,937,934,931,937
3,937,5,937,932,927,937,932,927,937
3,937,7,937,930,923,937,930,923,937
3,937,11,937,926,915,937,926,915,937
3,937,13,937,924,911,937,924,911,937
3,937,17,937,920,903,937,920,903,937
3,937,19,937,918,899,937,918,899,937
3,938,2,938,936,934,938,936,934,938
3,938,3,938,935,932,938,935,932,938
3,938,5,938,933,928,938,933,928,938
3,938,7,938,931,924,938,931,924,938
3,938,11,938,927,916,938,927,916,938
3,938,13,938,925,912,938,925,912,938
3,938,17,938,921,904,938,921,904,938
3,938,19,938,919,900,938,919,900,938
3,939,2,939,937,935,939,937,935,939
3,939,3,939,936,933,939,936,933,939
3,939,5,939,934,929,939,934,929,939
3,939,7,939,932,925,939,932,925,939
3,939,11,939,928,917,939,928,917,939
3,939,13,939,926,913,939,926,913,939
3,939,17,939,922,905,939,922,905,939
3,939,19,939,920,901,939,920,901,939
3,940,2,940,938,936,940,938,936,940
3,940,3,940,937,934,940,937,934,940
3,940,5,940,935,930,940,935,930,940
3,940,7,940,933,926,940,933,926,940
3,940,11,940,929,918,940,929,918,940
3,940,13,940,927,914,940,927,914,940
3,940,17,940,923,906,940,923,906,940
3,940,19,940,921,902,940,921,902,940
3,941,2,941,939,937,941,939,937,941
3,941,3,941,938,935,941,938,935,941
3,941,5,941,936,931,941,936,931,941
3,941,7,941,934,927,941,934,927,941
3,941,11,941,930,919,941,930,919,941
3,941,13,941,928,915,941,928,915,941
3,941,17,941,924,907,941,924,907,941
3,941,19,941,922,903,941,922,903,941
3,942,2,942,940,938,942,940,938,942
3,942,3,942,939,936,942,939,936,942
3,942,5,942,937,932,942,937,932,942
3,942,7,942,935,928,942,935,928,942
3,942,11,942,931,920,942,931,920,942
3,942,13,942,929,916,942,929,916,942
3,942,17,942,925,908,942,925,908,942
3,942,19,942,923,904,942,923,904,942
3,943,2,943,941,939,943,941,939,943
3,943,3,943,940,937,943,940,937,943
3,943,5,943,938,933,943,938,933,943
3,943,7,943,936,929,943,936,929,943
3,943,11,943,932,921,943,932,921,943
3,943,13,943,930,917,943,930,917,943
3,943,17,943,926,909,943,926,909,943
3,943,19,943,924,905,943,924,905,943
3,944,2,944,942,940,944,942,940,944
3,944,3,944,941,938,944,941,938,944
3,944,5,944,939,934,944,939,934,944
3,944,7,944,937,930,944,937,930,944
3,944,11,944,933,922,944,933,922,944
3,944,13,944,931,918,944,931,918,944
3,944,17,944,927,910,944,927,910,944
3,944,19,944,925,906,944,925,906,944
3,945,2,945,943,941,945,943,941,945
3,945,3,945,942,939,945,942,939,945
3,945,5,945,940,935,945,940,935,945
3,945,7,945,938,931,945,938,931,945
3,945,11,945,934,923,945,934,923,945
3,945,13,945,932,919,945,932,919,945
3,945,17,945,928,911,945,928,911,945
3,945,19,945,926,907,945,926,907,945
3,946,2,946,944,942,946,944,942,946
3,946,3,946,943,940,946,943,940,946
3,946,5,946,941,936,946,941,936,946
3,946,7,946,939,932,946,939,932,946
3,946,11,946,935,924,946,935,924,946
3,946,13,946,933,920,946,933,920,946
3,946,17,946,929,912,946,929,912,946
3,946,19,946,927,908,946,927,908,946
3,947,2,947,945,943,947,945,943,947
3,947,3,947,944,941,947,944,941,947
3,947,5,947,942,937,947,942,937,947
3,947,7,947,940,933,947,940,933,947
3,947,11,947,936,925,947,936,925,947
3,947,13,947,934,921,947,934,921,947
3,947,17,947,930,913,947,930,913,947
3,947,19,947,928,909,947,928,909,947
3,948,2,948,946,944,948,946,944,948
3,948,3,948,945,942,948,945,942,948
3,948,5,948,943,938,948,943,938,948
3,948,7,948,941,934,948,941,934,948
3,948,11,948,937,926,948,937,926,948
3,948,13,948,935,922,948,935,922,948
3,948,17,948,931,914,948,931,914,948
3,948,19,948,929,910,948,929,910,948
3,949,2,949,947,945,949,947,945,949
3,949,3,949,946,943,949,946,943,949
3,949,5,949,944,939,949,944,939,949
3,949,7,949,942,935,949,942,935,949
3,949,11,949,938,927,949,938,927,949
3,949,13,949,936,923,949,936,923,949
3,949,17,949,932,915,949,932,915,949
3,949,19,949,930,911,949,930,911,949
3,950,2,950,948,946,950,948,946,950
3,950,3,950,947,944,950,947,944,950
3,950,5,950,945,940,950,945,940,950
3,950,7,950,943,936,950,943,936,950
3,950,11,950,939,928,950,939,928,950
3,950,13,950,937,924,950,937,924,950
3,950,17,950,933,916,950,933,916,950
3,950,19,950,931,912,950,931,912,950
3,951,2,951,949,947,951,949,947,951
3,951,3,951,948,945,951,948,945,951
3,951,5,951,946,941,951,946,941,951
3,951,7,951,944,937,951,944,937,951
3,951,11,951,940,929,951,940,929,951
3,951,13,951,938,925,951,938,925,951
3,951,17,951,934,917,951,934,917,951
3,951,19,951,932,913,951,932,913,951
3,952,2,952,950,948,952,950,948,952
3,952,3,952,949,946,952,949,946,952
3,952,5,952,947,942,952,947,942,952
3,952,7,952,945,938,952,945,938,952
3,952,11,952,941,930,952,941,930,952
3,952,13,952,939,926,952,939,926,952
3,952,17,952,935,918,952,935,918,952
3,952,19,952,933,914,952,933,914,952
3,953,2,953,951,949,953,951,949,953
3,953,3,953,950,947,953,950,947,953
3,953,5,953,948,943,953,948,943,953
3,953,7,953,946,939,953,946,939,953
3,953,11,953,942,931,953,942,931,953
3,953,13,953,940,927,953,940,927,953
3,953,17,953,936,919,953,936,919,953
3,953,19,953,934,915,953,934,915,953
3,954,2,954,952,950,954,952,950,954
3,954,3,954,951,948,954,951,948,954
3,954,5,954,949,944,954,949,944,954
3,954,7,954,947,940,954,947,940,954
3,954,11,954,943,932,954,943,932,954
3,954,13,954,941,928,954,941,928,954
3,954,17,954,937,920,954,937,920,954
3,954,19,954,935,916,954,935,916,954
3,955,2,955,953,951,955,953,951,955
3,955,3,955,952,949,955,952,949,955
3,955,5,955,950,945,955,950,945,955
3,955,7,955,948,941,955,948,941,955
3,955,11,955,944,933,955,944,933,955
3,955,13,955,942,929,955,942,929,955
3,955,17,955,938,921,955,938,921,955
3,955,19,955,936,917,955,936,917,955
3,956,2,956,954,952,956,954,952,956
3,956,3,956,953,950,956,953,950,956
3,956,5,956,951,946,956,951,946,956
3,956,7,956,949,942,956,949,942,956
3,956,11,956,945,934,956,945,934,956
3,956,13,956,943,930,956,943,930,956
3,956,17,956,939,922,956,939,922,956
3,956,19,956,937,918,956,937,918,956
3,957,2,957,955,953,957,955,953,957
3,957,3,957,954,951,957,954,951,957
3,957,5,957,952,947,957,952,947,957
3,957,7,957,950,943,957,950,943,957
3,957,11,957,946,935,957,946,935,957
3,957,13,957,944,931,957,944,931,957
3,957,17,957,940,923,957,940,923,957
3,957,19,957,938,919,957,938,919,957
3,958,2,958,956,954,958,956,954,958
3,958,3,958,955,952,958,955,952,958
3,958,5,958,953,948,958,953,948,958
3,958,7,958,951,944,958,951,944,958
3,958,11,958,947,936,958,947,936,958
3,958,13,958,945,932,958,945,932,958
3,958,17,958,941,924,958,941,924,958
3,958,19,958,939,920,958,939,920,958
3,959,2,959,957,955,959,957,955,959
3,959,3,959,956,953,959,956,953,959
3,959,5,959,954,949,959,954,949,959
3,959,7,959,952,945,959,952,945,959
3,959,11,959,948,937,959,948,937,959
3,959,13,959,946,933,959,946,933,959
3,959,17,959,942,925,959,942,925,959
3,959,19,959,940,921,959,940,921,959
3,960,2,960,958,956,960,958,956,960
3,960,3,960,957,954,960,957,954,960
3,960,5,960,955,950,960,955,950,960
3,960,7,960,953,946,960,953,946,960
3,960,11,960,949,938,960,949,938,960
3,960,13,960,947,934,960,947,934,960
3,960,17,960,943,926,960,943,926,960
3,960,19,960,941,922,960,941,922,960
3,961,2,961,959,957,961,959,957,961
3,961,3,961,958,955,961,958,955,961
3,961,5,961,956,951,961,956,951,961
3,961,7,961,954,947,961,954,947,961
3,961,11,961,950,939,961,950,939,961
3,961,13,961,948,935,961,948,935,961
3,961,17,961,944,927,961,944,927,961
3,961,19,961,942,923,961,942,923,961
3,962,2,962,960,958,962,960,958,962
3,962,3,962,959,956,962,959,956,962
3,962,5,962,957,952,962,957,952,962
3,962,7,962,955,948,962,955,948,962
3,962,11,962,951,940,962,951,940,962
3,962,13,962,949,936,962,949,936,962
3,962,17,962,945,928,962,945,928,962
3,962,19,962,943,924,962,943,924,962
3,963,2,963,961,959,963,961,959,963
3,963,3,963,960,957,963,960,957,963
3,963,5,963,958,953,963,958,953,963
3,963,7,963,956,949,963,956,949,963
3,963,11,963,952,941,963,952,941,963
3,963,13,963,950,937,963,950,937,963
3,963,17,963,946,929,963,946,929,963
3,963,19,963,944,925,963,944,925,963
3,964,2,964,962,960,964,962,960,964
3,964,3,964,961,958,964,961,958,964
3,964,5,964,959,954,964,959,954,964
3,964,7,964,957,950,964,957,950,964
3,964,11,964,953,942,964,953,942,964
3,964,13,964,951,938,964,951,938,964
3,964,17,964,947,930,964,947,930,964
3,964,19,964,945,926,964,945,926,964
3,965,2,965,963,961,965,963,961,965
3,965,3,965,962,959,965,962,959,965
3,965,5,965,960,955,965,960,955,965
3,965,7,965,958,951,965,958,951,965
3,965,11,965,954,943,965,954,943,965
3,965,13,965,952,939,965,952,939,965
3,965,17,965,948,931,965,948,931,965
3,965,19,965,946,927,965,946,927,965
3,966,2,966,964,962,966,964,962,966
3,966,3,966,963,960,966,963,960,966
3,966,5,966,961,956,966,961,956,966
3,966,7,966,959,952,966,959,952,966
3,966,11,966,955,944,966,955,944,966
3,966,13,966,953,940,966,953,940,966
3,966,17,966,949,932,966,949,932,966
3,966,19,966,947,928,966,947,928,966
3,967,2,967,965,963,967,965,963,967
3,967,3,967,964,961,967,964,961,967
3,967,5,967,962,957,967,962,957,967
3,967,7,967,960,953,967,960,953,967
3,967,11,967,956,945,967,956,945,967
3,967,13,967,954,941,967,954,941,967
3,967,17,967,950,933,967,950,933,967
3,967,19,967,948,929,967,948,929,967
3,968,2,968,966,964,968,966,964,968
3,968,3,968,965,962,968,965,962,968
3,968,5,968,963,958,968,963,958,968
3,968,7,968,961,954,968,961,954,968
3,968,11,968,957,946,968,957,946,968
3,968,13,968,955,942,968,955,942,968
3,968,17,968,951,934,968,951,934,968
3,968,19,968,949,930,968,949,930,968
3,969,2,969,967,965,969,967,965,969
3,969,3,969,966,963,969,966,963,969
3,969,5,969,964,959,969,964,959,969
3,969,7,969,962,955,969,962,955,969
3,969,11,969,958,947,969,958,947,969
3,969,13,969,956,943,969,956,943,969
3,969,17,969,952,935,969,952,935,969
3,969,19,969,950,931,969,950,931,969
3,970,2,970,968,966,970,968,966,970
3,970,3,970,967,964,970,967,964,970
3,970,5,970,965,960,970,965,960,970
3,970,7,970,963,956,970,963,956,970
3,970,11,970,959,948,970,959,948,970
3,970,13,970,957,944,970,957,944,970
3,970,17,970,953,936,970,953,936,970
3,970,19,970,951,932,970,951,932,970
3,971,2,971,969,967,971,969,967,971
3,971,3,971,968,965,971,968,965,971
3,971,5,971,966,961,971,966,961,971
3,971,7,971,964,957,971,964,957,971
3,971,11,971,960,949,971,960,949,971
3,971,13,971,958,945,971,958,945,971
3,971,17,971,954,937,971,954,937,971
3,971,19,971,952,933,971,952,933,971
3,972,2,972,970,968,972,970,968,972
3,972,3,972,969,966,972,969,966,972
3,972,5,972,967,962,972,967,962,972
3,972,7,972,965,958,972,965,958,972
3,972,11,972,961,950,972,961,950,972
3,972,13,972,959,946,972,959,946,972
3,972,17,972,955,938,972,955,938,972
3,972,19,972,953,934,972,953,934,972
3,973,2,973,971,969,973,971,969,973
3,973,3,973,970,967,973,970,967,973
3,973,5,973,968,963,973,968,963,973
3,973,7,973,966,959,973,966,959,973
3,973,11,973,962,951,973,962,951,973
3,973,13,973,960,947,973,960,947,973
3,973,17,973,956,939,973,956,939,973
3,973,19,973,954,935,973,954,935,973
3,974,2,974,972,970,974,972,970,974
3,974,3,974,971,968,974,971,968,974
3,974,5,974,969,964,974,969,964,974
3,974,7,974,967,960,974,967,960,974
3,974,11,974,963,952,974,963,952,974
3,974,13,974,961,948,974,961,948,974
3,974,17,974,957,940,974,957,940,974
3,974,19,974,955,936,974,955,936,974
3,975,2,975,973,971,975,973,971,975
3,975,3,975,972,969,975,972,969,975
3,975,5,975,970,965,975,970,965,975
3,975,7,975,968,961,975,968,961,975
3,975,11,975,964,953,975,964,953,975
3,975,13,975,962,949,975,962,949,975
3,975,17,975,958,941,975,958,941,975
3,975,19,975,956,937,975,956,937,975
3,976,2,976,974,972,976,974,972,976
3,976,3,976,973,970,976,973,970,976
3,976,5,976,971,966,976,971,966,976
3,976,7,976,969,962,976,969,962,976
3,976,11,976,965,954,976,965,954,976
3,976,13,976,963,950,976,963,950,976
3,976,17,976,959,942,976,959,942,976
3,976,19,976,957,938,976,957,938,976
3,977,2,977,975,973,977,975,973,977
3,977,3,977,974,971,977,974,971,977
3,977,5,977,972,967,977,972,967,977
3,977,7,977,970,963,977,970,963,977
3,977,11,977,966,955,977,966,955,977
3,977,13,977,964,951,977,964,951,977
3,977,17,977,960,943,977,960,943,977
3,977,19,977,958,939,977,958,939,977
3,978,2,978,976,974,978,976,974,978
3,978,3,978,975,972,978,975,972,978
3,978,5,978,973,968,978,973,968,978
3,978,7,978,971,964,978,971,964,978
3,978,11,978,967,956,978,967,956,978
3,978,13,978,965,952,978,965,952,978
3,978,17,978,961,944,978,961,944,978
3,978,19,978,959,940,978,959,940,978
3,979,2,979,977,975,979,977,975,979
3,979,3,979,976,973,979,976,973,979
3,979,5,979,974,969,979,974,969,979
3,979,7,979,972,965,979,972,965,979
3,979,11,979,968,957,979,968,957,979
3,979,13,979,966,953,979,966,953,979
3,979,17,979,962,945,979,962,945,979
3,979,19,979,960,941,979,960,941,979
3,980,2,980,978,976,980,978,976,980
3,980,3,980,977,974,980,977,974,980
3,980,5,980,975,970,980,975,970,980
3,980,7,980,973,966,980,973,966,980
3,980,11,980,969,958,980,969,958,980
3,980,13,980,967,954,980,967,954,980
3,980,17,980,963,946,980,963,946,980
3,980,19,980,961,942,980,961,942,980
3,981,2,981,979,977,981,979,977,981
3,981,3,981,978,975,981,978,975,981
3,981,5,981,976,971,981,976,971,981
3,981,7,981,974,967,981,974,967,981
3,981,11,981,970,959,981,970,959,981
3,981,13,981,968,955,981,968,955,981
3,981,17,981,964,947,981,964,947,981
3,981,19,981,962,943,981,962,943,981
3,982,2,982,980,978,982,980,978,982
3,982,3,982,979,976,982,979,976,982
3,982,5,982,977,972,982,977,972,982
3,982,7,982,975,968,982,975,968,982
3,982,11,982,971,960,982,971,960,982
3,982,13,982,969,956,982,969,956,982
3,982,17,982,965,948,982,965,948,982
3,982,19,982,963,944,982,963,944,982
3,983,2,983,981,979,983,981,979,983
3,983,3,983,980,977,983,980,977,983
3,983,5,983,978,973,983,978,973,983
3,983,7,983,976,969,983,976,969,983
3,983,11,983,972,961,983,972,961,983
3,983,13,983,970,957,983,970,957,983
3,983,17,983,966,949,983,966,949,983
3,983,19,983,964,945,983,964,945,983
3,984,2,984,982,980,984,982,980,984
3,984,3,984,981,978,984,981,978,984
3,984,5,984,979,974,984,979,974,984
3,984,7,984,977,970,984,977,970,984
3,984,11,984,973,962,984,973,962,984
3,984,13,984,971,958,984,971,958,984
3,984,17,984,967,950,984,967,950,984
3,984,19,984,965,946,984,965,946,984
3,985,2,985,983,981,985,983,981,985
3,985,3,985,982,979,985,982,979,985
3,985,5,985,980,975,985,980,975,985
3,985,7,985,978,971,985,978,971,985
3,985,11,985,974,963,985,974,963,985
3,985,13,985,972,959,985,972,959,985
3,985,17,985,968,951,985,968,951,985
3,985,19,985,966,947,985,966,947,985
3,986,2,986,984,982,986,984,982,986
3,986,3,986,983,980,986,983,980,986
3,986,5,986,981,976,986,981,976,986
3,986,7,986,979,972,986,979,972,986
3,986,11,986,975,964,986,975,964,986
3,986,13,986,973,960,986,973,960,986
3,986,17,986,969,952,986,969,952,986
3,986,19,986,967,948,986,967,948,986
3,987,2,987,985,983,987,985,983,987
3,987,3,987,984,981,987,984,981,987
3,987,5,987,982,977,987,982,977,987
3,987,7,987,980,973,987,980,973,987
3,987,11,987,976,965,987,976,965,987
3,987,13,987,974,961,987,974,961,987
3,987,17,987,970,953,987,970,953,987
3,987,19,987,968,949,987,968,949,987
3,988,2,988,986,984,988,986,984,988
3,988,3,988,985,982,988,985,982,988
3,988,5,988,983,978,988,983,978,988
3,988,7,988,981,974,988,981,974,988
3,988,11,988,977,966,988,977,966,988
3,988,13,988,975,962,988,975,962,988
3,988,17,988,971,954,988,971,954,988
3,988,19,988,969,950,988,969,950,988
3,989,2,989,987,985,989,987,985,989
3,989,3,989,986,983,989,986,983,989
3,989,5,989,984,979,989,984,979,989
3,989,7,989,982,975,989,982,975,989
3,989,11,989,978,967,989,978,967,989
3,989,13,989,976,963,989,976,963,989
3,989,17,989,972,955,989,972,955,989
3,989,19,989,970,951,989,970,951,989
3,990,2,990,988,986,990,988,986,990
3,990,3,990,987,984,990,987,984,990
3,990,5,990,985,980,990,985,980,990
3,990,7,990,983,976,990,983,976,990
3,990,11,990,979,968,990,979,968,990
3,990,13,990,977,964,990,977,964,990
3,990,17,990,973,956,990,973,956,990
3,990,19,990,971,952,990,971,952,990
3,991,2,991,989,987,991,989,987,991
3,991,3,991,988,985,991,988,985,991
3,991,5,991,986,981,991,986,981,991
3,991,7,991,984,977,991,984,977,991
3,991,11,991,980,969,991,980,969,991
3,991,13,991,978,965,991,978,965,991
3,991,17,991,974,957,991,974,957,991
3,991,19,991,972,953,991,972,953,991
3,992,2,992,990,988,992,990,988,992
3,992,3,992,989,986,992,989,986,992
3,992,5,992,987,982,992,987,982,992
3,992,7,992,985,978,992,985,978,992
3,992,11,992,981,970,992,981,970,992
3,992,13,992,979,966,992,979,966,992
3,992,17,992,975,958,992,975,958,992
3,992,19,992,973,954,992,973,954,992
3,993,2,993,991,989,993,991,989,993
3,993,3,993,990,987,993,990,987,993
3,993,5,993,988,983,993,988,983,993
3,993,7,993,986,979,993,986,979,993
3,993,11,993,982,971,993,982,971,993
3,993,13,993,980,967,993,980,967,993
3,993,17,993,976,959,993,976,959,993
3,993,19,993,974,955,993,974,955,993
3,994,2,994,992,990,994,992,990,994
3,994,3,994,991,988,994,991,988,994
3,994,5,994,989,984,994,989,984,994
3,994,7,994,987,980,994,987,980,994
3,994,11,994,983,972,994,983,972,994
3,994,13,994,981,968,994,981,968,994
3,994,17,994,977,960,994,977,960,994
3,994,19,994,975,956,994,975,956,994
3,995,2,995,993,991,995,993,991,995
3,995,3,995,992,989,995,992,989,995
3,995,5,995,990,985,995,990,985,995
3,995,7,995,988,981,995,988,981,995
3,995,11,995,984,973,995,984,973,995
3,995,13,995,982,969,995,982,969,995
3,995,17,995,978,961,995,978,961,995
3,995,19,995,976,957,995,976,957,995
3,996,2,996,994,992,996,994,992,996
3,996,3,996,993,990,996,993,990,996
3,996,5,996,991,986,996,991,986,996
3,996,7,996,989,982,996,989,982,996
3,996,11,996,985,974,996,985,974,996
3,996,13,996,983,970,996,983,970,996
3,996,17,996,979,962,996,979,962,996
3,996,19,996,977,958,996,977,958,996
3,997,2,997,995,993,997,995,993,997
3,997,3,997,994,991,997,994,991,997
3,997,5,997,992,987,997,992,987,997
3,997,7,997,990,983,997,990,983,997
3,997,11,997,986,975,997,986,975,997
3,997,13,997,984,971,997,984,971,997
3,997,17,997,980,963,997,980,963,997
3,997,19,997,978,959,997,978,959,997
3,998,2,998,996,994,998,996,994,998
3,998,3,998,995,992,998,995,992,998
3,998,5,998,993,988,998,993,988,998
3,998,7,998,991,984,998,991,984,998
3,998,11,998,987,976,998,987,976,998
3,998,13,998,985,972,998,985,972,998
3,998,17,998,981,964,998,981,964,998
3,998,19,998,979,960,998,979,960,998
