1,101,2,101,99,97,95,93,91,89
1,101,3,101,98,95,92,89,86,83
1,101,5,101,96,91,86,81,76,71
1,101,7,101,94,87,80,73,66,59
1,101,11,101,90,79,68,57,46,35
1,101,13,101,88,75,62,49,36,23
1,101,17,101,84,67,50,33,16,-1
1,101,19,101,82,63,44,25,6,-13
1,102,2,102,100,98,96,94,92,90
1,102,3,102,99,96,93,90,87,84
1,102,5,102,97,92,87,82,77,72
1,102,7,102,95,88,81,74,67,60
1,102,11,102,91,80,69,58,47,36
1,102,13,102,89,76,63,50,37,24
1,102,17,102,85,68,51,34,17,0
1,102,19,102,83,64,45,26,7,-12
1,103,2,103,101,99,97,95,93,91
1,103,3,103,100,97,94,91,88,85
1,103,5,103,98,93,88,83,78,73
1,103,7,103,96,89,82,75,68,61
1,103,11,103,92,81,70,59,48,37
1,103,13,103,90,77,64,51,38,25
1,103,17,103,86,69,52,35,18,1
1,103,19,103,84,65,46,27,8,-11
1,104,2,104,102,100,98,96,94,92
1,104,3,104,101,98,95,92,89,86
1,104,5,104,99,94,89,84,79,74
1,104,7,104,97,90,83,76,69,62
1,104,11,104,93,82,71,60,49,38
1,104,13,104,91,78,65,52,39,26
1,104,17,104,87,70,53,36,19,2
1,104,19,104,85,66,47,28,9,-10
1,105,2,105,103,101,99,97,95,93
1,105,3,105,102,99,96,93,90,87
1,105,5,105,100,95,90,85,80,75
1,105,7,105,98,91,84,77,70,63
1,105,11,105,94,83,72,61,50,39
1,105,13,105,92,79,66,53,40,27
1,105,17,105,88,71,54,37,20,3
1,105,19,105,86,67,48,29,10,-9
1,106,2,106,104,102,100,98,96,94
1,106,3,106,103,100,97,94,91,88
1,106,5,106,101,96,91,86,81,76
1,106,7,106,99,92,85,78,71,64
1,106,11,106,95,84,73,62,51,40
1,106,13,106,93,80,67,54,41,28
1,106,17,106,89,72,55,38,21,4
1,106,19,106,87,68,49,30,11,-8
1,107,2,107,105,103,101,99,97,95
1,107,3,107,104,101,98,95,92,89
1,107,5,107,102,97,92,87,82,77
1,107,7,107,100,93,86,79,72,65
1,107,11,107,96,85,74,63,52,41
1,107,13,107,94,81,68,55,42,29
1,107,17,107,90,73,56,39,22,5
1,107,19,107,88,69,50,31,12,-7
1,108,2,108,106,104,102,100,98,96
1,108,3,108,105,102,99,96,93,90
1,108,5,108,103,98,93,88,83,78
1,108,7,108,101,94,87,80,73,66
1,108,11,108,97,86,75,64,53,42
1,108,13,108,95,82,69,56,43,30
1,108,17,108,91,74,57,40,23,6
1,108,19,108,89,70,51,32,13,-6
1,109,2,109,107,105,103,101,99,97
1,109,3,109,106,103,100,97,94,91
1,109,5,109,104,99,94,89,84,79
1,109,7,109,102,95,88,81,74,67
1,109,11,109,98,87,76,65,54,43
1,109,13,109,96,83,70,57,44,31
1,109,17,109,92,75,58,41,24,7
1,109,19,109,90,71,52,33,14,-5
1,110,2,110,108,106,104,102,100,98
1,110,3,110,107,104,101,98,95,92
1,110,5,110,105,100,95,90,85,80
1,110,7,110,103,96,89,82,75,68
1,110,11,110,99,88,77,66,55,44
1,110,13,110,97,84,71,58,45,32
1,110,17,110,93,76,59,42,25,8
1,110,19,110,91,72,53,34,15,-4
1,111,2,111,109,107,105,103,101,99
1,111,3,111,108,105,102,99,96,93
1,111,5,111,106,101,96,91,86,81
1,111,7,111,104,97,90,83,76,69
1,111,11,111,100,89,78,67,56,45
1,111,13,111,98,85,72,59,46,33
1,111,17,111,94,77,60,43,26,9
1,111,19,111,92,73,54,35,16,-3
1,112,2,112,110,108,106,104,102,100
1,112,3,112,109,106,103,100,97,94
1,112,5,112,107,102,97,92,87,82
1,112,7,112,105,98,91,84,77,70
1,112,11,112,101,90,79,68,57,46
1,112,13,112,99,86,73,60,47,34
1,112,17,112,95,78,61,44,27,10
1,112,19,112,93,74,55,36,17,-2
1,113,2,113,111,109,107,105,103,101
1,113,3,113,110,107,104,101,98,95
1,113,5,113,108,103,98,93,88,83
1,113,7,113,106,99,92,85,78,71
1,113,11,113,102,91,80,69,58,47
1,113,13,113,100,87,74,61,48,35
1,113,17,113,96,79,62,45,28,11
1,113,19,113,94,75,56,37,18,-1
1,114,2,114,112,110,108,106,104,102
1,114,3,114,111,108,105,102,99,96
1,114,5,114,109,104,99,94,89,84
1,114,7,114,107,100,93,86,79,72
1,114,11,114,103,92,81,70,59,48
1,114,13,114,101,88,75,62,49,36
1,114,17,114,97,80,63,46,29,12
1,114,19,114,95,76,57,38,19,0
1,115,2,115,113,111,109,107,105,103
1,115,3,115,112,109,106,103,100,97
1,115,5,115,110,105,100,95,90,85
1,115,7,115,108,101,94,87,80,73
1,115,11,115,104,93,82,71,60,49
1,115,13,115,102,89,76,63,50,37
1,115,17,115,98,81,64,47,30,13
1,115,19,115,96,77,58,39,20,1
1,116,2,116,114,112,110,108,106,104
1,116,3,116,113,110,107,104,101,98
1,116,5,116,111,106,101,96,91,86
1,116,7,116,109,102,95,88,81,74
1,116,11,116,105,94,83,72,61,50
1,116,13,116,103,90,77,64,51,38
1,116,17,116,99,82,65,48,31,14
1,116,19,116,97,78,59,40,21,2
1,117,2,117,115,113,111,109,107,105
1,117,3,117,114,111,108,105,102,99
1,117,5,117,112,107,102,97,92,87
1,117,7,117,110,103,96,89,82,75
1,117,11,117,106,95,84,73,62,51
1,117,13,117,104,91,78,65,52,39
1,117,17,117,100,83,66,49,32,15
1,117,19,117,98,79,60,41,22,3
1,118,2,118,116,114,112,110,108,106
1,118,3,118,115,112,109,106,103,100
1,118,5,118,113,108,103,98,93,88
1,118,7,118,111,104,97,90,83,76
1,118,11,118,107,96,85,74,63,52
1,118,13,118,105,92,79,66,53,40
1,118,17,118,101,84,67,50,33,16
1,118,19,118,99,80,61,42,23,4
1,119,2,119,117,115,113,111,109,107
1,119,3,119,116,113,110,107,104,101
1,119,5,119,114,109,104,99,94,89
1,119,7,119,112,105,98,91,84,77
1,119,11,119,108,97,86,75,64,53
1,119,13,119,106,93,80,67,54,41
1,119,17,119,102,85,68,51,34,17
1,119,19,119,100,81,62,43,24,5
1,120,2,120,118,116,114,112,110,108
1,120,3,120,117,114,111,108,105,102
1,120,5,120,115,110,105,100,95,90
1,120,7,120,113,106,99,92,85,78
1,120,11,120,109,98,87,76,65,54
1,120,13,120,107,94,81,68,55,42
1,120,17,120,103,86,69,52,35,18
1,120,19,120,101,82,63,44,25,6
1,121,2,121,119,117,115,113,111,109
1,121,3,121,118,115,112,109,106,103
1,121,5,121,116,111,106,101,96,91
1,121,7,121,114,107,100,93,86,79
1,121,11,121,110,99,88,77,66,55
1,121,13,121,108,95,82,69,56,43
1,121,17,121,104,87,70,53,36,19
1,121,19,121,102,83,64,45,26,7
1,122,2,122,120,118,116,114,112,110
1,122,3,122,119,116,113,110,107,104
1,122,5,122,117,112,107,102,97,92
1,122,7,122,115,108,101,94,87,80
1,122,11,122,111,100,89,78,67,56
1,122,13,122,109,96,83,70,57,44
1,122,17,122,105,88,71,54,37,20
1,122,19,122,103,84,65,46,27,8
1,123,2,123,121,119,117,115,113,111
1,123,3,123,120,117,114,111,108,105
1,123,5,123,118,113,108,103,98,93
1,123,7,123,116,109,102,95,88,81
1,123,11,123,112,101,90,79,68,57
1,123,13,123,110,97,84,71,58,45
1,123,17,123,106,89,72,55,38,21
1,123,19,123,104,85,66,47,28,9
1,124,2,124,122,120,118,116,114,112
1,124,3,124,121,118,115,112,109,106
1,124,5,124,119,114,109,104,99,94
1,124,7,124,117,110,103,96,89,82
1,124,11,124,113,102,91,80,69,58
1,124,13,124,111,98,85,72,59,46
1,124,17,124,107,90,73,56,39,22
1,124,19,124,105,86,67,48,29,10
1,125,2,125,123,121,119,117,115,113
1,125,3,125,122,119,116,113,110,107
1,125,5,125,120,115,110,105,100,95
1,125,7,125,118,111,104,97,90,83
1,125,11,125,114,103,92,81,70,59
1,125,13,125,112,99,86,73,60,47
1,125,17,125,108,91,74,57,40,23
1,125,19,125,106,87,68,49,30,11
1,126,2,126,124,122,120,118,116,114
1,126,3,126,123,120,117,114,111,108
1,126,5,126,121,116,111,106,101,96
1,126,7,126,119,112,105,98,91,84
1,126,11,126,115,104,93,82,71,60
1,126,13,126,113,100,87,74,61,48
1,126,17,126,109,92,75,58,41,24
1,126,19,126,107,88,69,50,31,12
1,127,2,127,125,123,121,119,117,115
1,127,3,127,124,121,118,115,112,109
1,127,5,127,122,117,112,107,102,97
1,127,7,127,120,113,106,99,92,85
1,127,11,127,116,105,94,83,72,61
1,127,13,127,114,101,88,75,62,49
1,127,17,127,110,93,76,59,42,25
1,127,19,127,108,89,70,51,32,13
1,128,2,128,126,124,122,120,118,116
1,128,3,128,125,122,119,116,113,110
1,128,5,128,123,118,113,108,103,98
1,128,7,128,121,114,107,100,93,86
1,128,11,128,117,106,95,84,73,62
1,128,13,128,115,102,89,76,63,50
1,128,17,128,111,94,77,60,43,26
1,128,19,128,109,90,71,52,33,14
1,129,2,129,127,125,123,121,119,117
1,129,3,129,126,123,120,117,114,111
1,129,5,129,124,119,114,109,104,99
1,129,7,129,122,115,108,101,94,87
1,129,11,129,118,107,96,85,74,63
1,129,13,129,116,103,90,77,64,51
1,129,17,129,112,95,78,61,44,27
1,129,19,129,110,91,72,53,34,15
1,130,2,130,128,126,124,122,120,118
1,130,3,130,127,124,121,118,115,112
1,130,5,130,125,120,115,110,105,100
1,130,7,130,123,116,109,102,95,88
1,130,11,130,119,108,97,86,75,64
1,130,13,130,117,104,91,78,65,52
1,130,17,130,113,96,79,62,45,28
1,130,19,130,111,92,73,54,35,16
1,131,2,131,129,127,125,123,121,119
1,131,3,131,128,125,122,119,116,113
1,131,5,131,126,121,116,111,106,101
1,131,7,131,124,117,110,103,96,89
1,131,11,131,120,109,98,87,76,65
1,131,13,131,118,105,92,79,66,53
1,131,17,131,114,97,80,63,46,29
1,131,19,131,112,93,74,55,36,17
1,132,2,132,130,128,126,124,122,120
1,132,3,132,129,126,123,120,117,114
1,132,5,132,127,122,117,112,107,102
1,132,7,132,125,118,111,104,97,90
1,132,11,132,121,110,99,88,77,66
1,132,13,132,119,106,93,80,67,54
1,132,17,132,115,98,81,64,47,30
1,132,19,132,113,94,75,56,37,18
1,133,2,133,131,129,127,125,123,121
1,133,3,133,130,127,124,121,118,115
1,133,5,133,128,123,118,113,108,103
1,133,7,133,126,119,112,105,98,91
1,133,11,133,122,111,100,89,78,67
1,133,13,133,120,107,94,81,68,55
1,133,17,133,116,99,82,65,48,31
1,133,19,133,114,95,76,57,38,19
1,134,2,134,132,130,128,126,124,122
1,134,3,134,131,128,125,122,119,116
1,134,5,134,129,124,119,114,109,104
1,134,7,134,127,120,113,106,99,92
1,134,11,134,123,112,101,90,79,68
1,134,13,134,121,108,95,82,69,56
1,134,17,134,117,100,83,66,49,32
1,134,19,134,115,96,77,58,39,20
1,135,2,135,133,131,129,127,125,123
1,135,3,135,132,129,126,123,120,117
1,135,5,135,130,125,120,115,110,105
1,135,7,135,128,121,114,107,100,93
1,135,11,135,124,113,102,91,80,69
1,135,13,135,122,109,96,83,70,57
1,135,17,135,118,101,84,67,50,33
1,135,19,135,116,97,78,59,40,21
1,136,2,136,134,132,130,128,126,124
1,136,3,136,133,130,127,124,121,118
1,136,5,136,131,126,121,116,111,106
1,136,7,136,129,122,115,108,101,94
1,136,11,136,125,114,103,92,81,70
1,136,13,136,123,110,97,84,71,58
1,136,17,136,119,102,85,68,51,34
1,136,19,136,117,98,79,60,41,22
1,137,2,137,135,133,131,129,127,125
1,137,3,137,134,131,128,125,122,119
1,137,5,137,132,127,122,117,112,107
1,137,7,137,130,123,116,109,102,95
1,137,11,137,126,115,104,93,82,71
1,137,13,137,124,111,98,85,72,59
1,137,17,137,120,103,86,69,52,35
1,137,19,137,118,99,80,61,42,23
1,138,2,138,136,134,132,130,128,126
1,138,3,138,135,132,129,126,123,120
1,138,5,138,133,128,123,118,113,108
1,138,7,138,131,124,117,110,103,96
1,138,11,138,127,116,105,94,83,72
1,138,13,138,125,112,99,86,73,60
1,138,17,138,121,104,87,70,53,36
1,138,19,138,119,100,81,62,43,24
1,139,2,139,137,135,133,131,129,127
1,139,3,139,136,133,130,127,124,121
1,139,5,139,134,129,124,119,114,109
1,139,7,139,132,125,118,111,104,97
1,139,11,139,128,117,106,95,84,73
1,139,13,139,126,113,100,87,74,61
1,139,17,139,122,105,88,71,54,37
1,139,19,139,120,101,82,63,44,25
1,140,2,140,138,136,134,132,130,128
1,140,3,140,137,134,131,128,125,122
1,140,5,140,135,130,125,120,115,110
1,140,7,140,133,126,119,112,105,98
1,140,11,140,129,118,107,96,85,74
1,140,13,140,127,114,101,88,75,62
1,140,17,140,123,106,89,72,55,38
1,140,19,140,121,102,83,64,45,26
1,141,2,141,139,137,135,133,131,129
1,141,3,141,138,135,132,129,126,123
1,141,5,141,136,131,126,121,116,111
1,141,7,141,134,127,120,113,106,99
1,141,11,141,130,119,108,97,86,75
1,141,13,141,128,115,102,89,76,63
1,141,17,141,124,107,90,73,56,39
1,141,19,141,122,103,84,65,46,27
1,142,2,142,140,138,136,134,132,130
1,142,3,142,139,136,133,130,127,124
1,142,5,142,137,132,127,122,117,112
1,142,7,142,135,128,121,114,107,100
1,142,11,142,131,120,109,98,87,76
1,142,13,142,129,116,103,90,77,64
1,142,17,142,125,108,91,74,57,40
1,142,19,142,123,104,85,66,47,28
1,143,2,143,141,139,137,135,133,131
1,143,3,143,140,137,134,131,128,125
1,143,5,143,138,133,128,123,118,113
1,143,7,143,136,129,122,115,108,101
1,143,11,143,132,121,110,99,88,77
1,143,13,143,130,117,104,91,78,65
1,143,17,143,126,109,92,75,58,41
1,143,19,143,124,105,86,67,48,29
1,144,2,144,142,140,138,136,134,132
1,144,3,144,141,138,135,132,129,126
1,144,5,144,139,134,129,124,119,114
1,144,7,144,137,130,123,116,109,102
1,144,11,144,133,122,111,100,89,78
1,144,13,144,131,118,105,92,79,66
1,144,17,144,127,110,93,76,59,42
1,144,19,144,125,106,87,68,49,30
1,145,2,145,143,141,139,137,135,133
1,145,3,145,142,139,136,133,130,127
1,145,5,145,140,135,130,125,120,115
1,145,7,145,138,131,124,117,110,103
1,145,11,145,134,123,112,101,90,79
1,145,13,145,132,119,106,93,80,67
1,145,17,145,128,111,94,77,60,43
1,145,19,145,126,107,88,69,50,31
1,146,2,146,144,142,140,138,136,134
1,146,3,146,143,140,137,134,131,128
1,146,5,146,141,136,131,126,121,116
1,146,7,146,139,132,125,118,111,104
1,146,11,146,135,124,113,102,91,80
1,146,13,146,133,120,107,94,81,68
1,146,17,146,129,112,95,78,61,44
1,146,19,146,127,108,89,70,51,32
1,147,2,147,145,143,141,139,137,135
1,147,3,147,144,141,138,135,132,129
1,147,5,147,142,137,132,127,122,117
1,147,7,147,140,133,126,119,112,105
1,147,11,147,136,125,114,103,92,81
1,147,13,147,134,121,108,95,82,69
1,147,17,147,130,113,96,79,62,45
1,147,19,147,128,109,90,71,52,33
1,148,2,148,146,144,142,140,138,136
1,148,3,148,145,142,139,136,133,130
1,148,5,148,143,138,133,128,123,118
1,148,7,148,141,134,127,120,113,106
1,148,11,148,137,126,115,104,93,82
1,148,13,148,135,122,109,96,83,70
1,148,17,148,131,114,97,80,63,46
1,148,19,148,129,110,91,72,53,34
1,149,2,149,147,145,143,141,139,137
1,149,3,149,146,143,140,137,134,131
1,149,5,149,144,139,134,129,124,119
1,149,7,149,142,135,128,121,114,107
1,149,11,149,138,127,116,105,94,83
1,149,13,149,136,123,110,97,84,71
1,149,17,149,132,115,98,81,64,47
1,149,19,149,130,111,92,73,54,35
1,150,2,150,148,146,144,142,140,138
1,150,3,150,147,144,141,138,135,132
1,150,5,150,145,140,135,130,125,120
1,150,7,150,143,136,129,122,115,108
1,150,11,150,139,128,117,106,95,84
1,150,13,150,137,124,111,98,85,72
1,150,17,150,133,116,99,82,65,48
1,150,19,150,131,112,93,74,55,36
1,151,2,151,149,147,145,143,141,139
1,151,3,151,148,145,142,139,136,133
1,151,5,151,146,141,136,131,126,121
1,151,7,151,144,137,130,123,116,109
1,151,11,151,140,129,118,107,96,85
1,151,13,151,138,125,112,99,86,73
1,151,17,151,134,117,100,83,66,49
1,151,19,151,132,113,94,75,56,37
1,152,2,152,150,148,146,144,142,140
1,152,3,152,149,146,143,140,137,134
1,152,5,152,147,142,137,132,127,122
1,152,7,152,145,138,131,124,117,110
1,152,11,152,141,130,119,108,97,86
1,152,13,152,139,126,113,100,87,74
1,152,17,152,135,118,101,84,67,50
1,152,19,152,133,114,95,76,57,38
1,153,2,153,151,149,147,145,143,141
1,153,3,153,150,147,144,141,138,135
1,153,5,153,148,143,138,133,128,123
1,153,7,153,146,139,132,125,118,111
1,153,11,153,142,131,120,109,98,87
1,153,13,153,140,127,114,101,88,75
1,153,17,153,136,119,102,85,68,51
1,153,19,153,134,115,96,77,58,39
1,154,2,154,152,150,148,146,144,142
1,154,3,154,151,148,145,142,139,136
1,154,5,154,149,144,139,134,129,124
1,154,7,154,147,140,133,126,119,112
1,154,11,154,143,132,121,110,99,88
1,154,13,154,141,128,115,102,89,76
1,154,17,154,137,120,103,86,69,52
1,154,19,154,135,116,97,78,59,40
1,155,2,155,153,151,149,147,145,143
1,155,3,155,152,149,146,143,140,137
1,155,5,155,150,145,140,135,130,125
1,155,7,155,148,141,134,127,120,113
1,155,11,155,144,133,122,111,100,89
1,155,13,155,142,129,116,103,90,77
1,155,17,155,138,121,104,87,70,53
1,155,19,155,136,117,98,79,60,41
1,156,2,156,154,152,150,148,146,144
1,156,3,156,153,150,147,144,141,138
1,156,5,156,151,146,141,136,131,126
1,156,7,156,149,142,135,128,121,114
1,156,11,156,145,134,123,112,101,90
1,156,13,156,143,130,117,104,91,78
1,156,17,156,139,122,105,88,71,54
1,156,19,156,137,118,99,80,61,42
1,157,2,157,155,153,151,149,147,145
1,157,3,157,154,151,148,145,142,139
1,157,5,157,152,147,142,137,132,127
1,157,7,157,150,143,136,129,122,115
1,157,11,157,146,135,124,113,102,91
1,157,13,157,144,131,118,105,92,79
1,157,17,157,140,123,106,89,72,55
1,157,19,157,138,119,100,81,62,43
1,158,2,158,156,154,152,150,148,146
1,158,3,158,155,152,149,146,143,140
1,158,5,158,153,148,143,138,133,128
1,158,7,158,151,144,137,130,123,116
1,158,11,158,147,136,125,114,103,92
1,158,13,158,145,132,119,106,93,80
1,158,17,158,141,124,107,90,73,56
1,158,19,158,139,120,101,82,63,44
1,159,2,159,157,155,153,151,149,147
1,159,3,159,156,153,150,147,144,141
1,159,5,159,154,149,144,139,134,129
1,159,7,159,152,145,138,131,124,117
1,159,11,159,148,137,126,115,104,93
1,159,13,159,146,133,120,107,94,81
1,159,17,159,142,125,108,91,74,57
1,159,19,159,140,121,102,83,64,45
1,160,2,160,158,156,154,152,150,148
1,160,3,160,157,154,151,148,145,142
1,160,5,160,155,150,145,140,135,130
1,160,7,160,153,146,139,132,125,118
1,160,11,160,149,138,127,116,105,94
1,160,13,160,147,134,121,108,95,82
1,160,17,160,143,126,109,92,75,58
1,160,19,160,141,122,103,84,65,46
1,161,2,161,159,157,155,153,151,149
1,161,3,161,158,155,152,149,146,143
1,161,5,161,156,151,146,141,136,131
1,161,7,161,154,147,140,133,126,119
1,161,11,161,150,139,128,117,106,95
1,161,13,161,148,135,122,109,96,83
1,161,17,161,144,127,110,93,76,59
1,161,19,161,142,123,104,85,66,47
1,162,2,162,160,158,156,154,152,150
1,162,3,162,159,156,153,150,147,144
1,162,5,162,157,152,147,142,137,132
1,162,7,162,155,148,141,134,127,120
1,162,11,162,151,140,129,118,107,96
1,162,13,162,149,136,123,110,97,84
1,162,17,162,145,128,111,94,77,60
1,162,19,162,143,124,105,86,67,48
1,163,2,163,161,159,157,155,153,151
1,163,3,163,160,157,154,151,148,145
1,163,5,163,158,153,148,143,138,133
1,163,7,163,156,149,142,135,128,121
1,163,11,163,152,141,130,119,108,97
1,163,13,163,150,137,124,111,98,85
1,163,17,163,146,129,112,95,78,61
1,163,19,163,144,125,106,87,68,49
1,164,2,164,162,160,158,156,154,152
1,164,3,164,161,158,155,152,149,146
1,164,5,164,159,154,149,144,139,134
1,164,7,164,157,150,143,136,129,122
1,164,11,164,153,142,131,120,109,98
1,164,13,164,151,138,125,112,99,86
1,164,17,164,147,130,113,96,79,62
1,164,19,164,145,126,107,88,69,50
1,165,2,165,163,161,159,157,155,153
1,165,3,165,162,159,156,153,150,147
1,165,5,165,160,155,150,145,140,135
1,165,7,165,158,151,144,137,130,123
1,165,11,165,154,143,132,121,110,99
1,165,13,165,152,139,126,113,100,87
1,165,17,165,148,131,114,97,80,63
1,165,19,165,146,127,108,89,70,51
1,166,2,166,164,162,160,158,156,154
1,166,3,166,163,160,157,154,151,148
1,166,5,166,161,156,151,146,141,136
1,166,7,166,159,152,145,138,131,124
1,166,11,166,155,144,133,122,111,100
1,166,13,166,153,140,127,114,101,88
1,166,17,166,149,132,115,98,81,64
1,166,19,166,147,128,109,90,71,52
1,167,2,167,165,163,161,159,157,155
1,167,3,167,164,161,158,155,152,149
1,167,5,167,162,157,152,147,142,137
1,167,7,167,160,153,146,139,132,125
1,167,11,167,156,145,134,123,112,101
1,167,13,167,154,141,128,115,102,89
1,167,17,167,150,133,116,99,82,65
1,167,19,167,148,129,110,91,72,53
1,168,2,168,166,164,162,160,158,156
1,168,3,168,165,162,159,156,153,150
1,168,5,168,163,158,153,148,143,138
1,168,7,168,161,154,147,140,133,126
1,168,11,168,157,146,135,124,113,102
1,168,13,168,155,142,129,116,103,90
1,168,17,168,151,134,117,100,83,66
1,168,19,168,149,130,111,92,73,54
1,169,2,169,167,165,163,161,159,157
1,169,3,169,166,163,160,157,154,151
1,169,5,169,164,159,154,149,144,139
1,169,7,169,162,155,148,141,134,127
1,169,11,169,158,147,136,125,114,103
1,169,13,169,156,143,130,117,104,91
1,169,17,169,152,135,118,101,84,67
1,169,19,169,150,131,112,93,74,55
1,170,2,170,168,166,164,162,160,158
1,170,3,170,167,164,161,158,155,152
1,170,5,170,165,160,155,150,145,140
1,170,7,170,163,156,149,142,135,128
1,170,11,170,159,148,137,126,115,104
1,170,13,170,157,144,131,118,105,92
1,170,17,170,153,136,119,102,85,68
1,170,19,170,151,132,113,94,75,56
1,171,2,171,169,167,165,163,161,159
1,171,3,171,168,165,162,159,156,153
1,171,5,171,166,161,156,151,146,141
1,171,7,171,164,157,150,143,136,129
1,171,11,171,160,149,138,127,116,105
1,171,13,171,158,145,132,119,106,93
1,171,17,171,154,137,120,103,86,69
1,171,19,171,152,133,114,95,76,57
1,172,2,172,170,168,166,164,162,160
1,172,3,172,169,166,163,160,157,154
1,172,5,172,167,162,157,152,147,142
1,172,7,172,165,158,151,144,137,130
1,172,11,172,161,150,139,128,117,106
1,172,13,172,159,146,133,120,107,94
1,172,17,172,155,138,121,104,87,70
1,172,19,172,153,134,115,96,77,58
1,173,2,173,171,169,167,165,163,161
1,173,3,173,170,167,164,161,158,155
1,173,5,173,168,163,158,153,148,143
1,173,7,173,166,159,152,145,138,131
1,173,11,173,162,151,140,129,118,107
1,173,13,173,160,147,134,121,108,95
1,173,17,173,156,139,122,105,88,71
1,173,19,173,154,135,116,97,78,59
1,174,2,174,172,170,168,166,164,162
1,174,3,174,171,168,165,162,159,156
1,174,5,174,169,164,159,154,149,144
1,174,7,174,167,160,153,146,139,132
1,174,11,174,163,152,141,130,119,108
1,174,13,174,161,148,135,122,109,96
1,174,17,174,157,140,123,106,89,72
1,174,19,174,155,136,117,98,79,60
1,175,2,175,173,171,169,167,165,163
1,175,3,175,172,169,166,163,160,157
1,175,5,175,170,165,160,155,150,145
1,175,7,175,168,161,154,147,140,133
1,175,11,175,164,153,142,131,120,109
1,175,13,175,162,149,136,123,110,97
1,175,17,175,158,141,124,107,90,73
1,175,19,175,156,137,118,99,80,61
1,176,2,176,174,172,170,168,166,164
1,176,3,176,173,170,167,164,161,158
1,176,5,176,171,166,161,156,151,146
1,176,7,176,169,162,155,148,141,134
1,176,11,176,165,154,143,132,121,110
1,176,13,176,163,150,137,124,111,98
1,176,17,176,159,142,125,108,91,74
1,176,19,176,157,138,119,100,81,62
1,177,2,177,175,173,171,169,167,165
1,177,3,177,174,171,168,165,162,159
1,177,5,177,172,167,162,157,152,147
1,177,7,177,170,163,156,149,142,135
1,177,11,177,166,155,144,133,122,111
1,177,13,177,164,151,138,125,112,99
1,177,17,177,160,143,126,109,92,75
1,177,19,177,158,139,120,101,82,63
1,178,2,178,176,174,172,170,168,166
1,178,3,178,175,172,169,166,163,160
1,178,5,178,173,168,163,158,153,148
1,178,7,178,171,164,157,150,143,136
1,178,11,178,167,156,145,134,123,112
1,178,13,178,165,152,139,126,113,100
1,178,17,178,161,144,127,110,93,76
1,178,19,178,159,140,121,102,83,64
1,179,2,179,177,175,173,171,169,167
1,179,3,179,176,173,170,167,164,161
1,179,5,179,174,169,164,159,154,149
1,179,7,179,172,165,158,151,144,137
1,179,11,179,168,157,146,135,124,113
1,179,13,179,166,153,140,127,114,101
1,179,17,179,162,145,128,111,94,77
1,179,19,179,160,141,122,103,84,65
1,180,2,180,178,176,174,172,170,168
1,180,3,180,177,174,171,168,165,162
1,180,5,180,175,170,165,160,155,150
1,180,7,180,173,166,159,152,145,138
1,180,11,180,169,158,147,136,125,114
1,180,13,180,167,154,141,128,115,102
1,180,17,180,163,146,129,112,95,78
1,180,19,180,161,142,123,104,85,66
1,181,2,181,179,177,175,173,171,169
1,181,3,181,178,175,172,169,166,163
1,181,5,181,176,171,166,161,156,151
1,181,7,181,174,167,160,153,146,139
1,181,11,181,170,159,148,137,126,115
1,181,13,181,168,155,142,129,116,103
1,181,17,181,164,147,130,113,96,79
1,181,19,181,162,143,124,105,86,67
1,182,2,182,180,178,176,174,172,170
1,182,3,182,179,176,173,170,167,164
1,182,5,182,177,172,167,162,157,152
1,182,7,182,175,168,161,154,147,140
1,182,11,182,171,160,149,138,127,116
1,182,13,182,169,156,143,130,117,104
1,182,17,182,165,148,131,114,97,80
1,182,19,182,163,144,125,106,87,68
1,183,2,183,181,179,177,175,173,171
1,183,3,183,180,177,174,171,168,165
1,183,5,183,178,173,168,163,158,153
1,183,7,183,176,169,162,155,148,141
1,183,11,183,172,161,150,139,128,117
1,183,13,183,170,157,144,131,118,105
1,183,17,183,166,149,132,115,98,81
1,183,19,183,164,145,126,107,88,69
1,184,2,184,182,180,178,176,174,172
1,184,3,184,181,178,175,172,169,166
1,184,5,184,179,174,169,164,159,154
1,184,7,184,177,170,163,156,149,142
1,184,11,184,173,162,151,140,129,118
1,184,13,184,171,158,145,132,119,106
1,184,17,184,167,150,133,116,99,82
1,184,19,184,165,146,127,108,89,70
1,185,2,185,183,181,179,177,175,173
1,185,3,185,182,179,176,173,170,167
1,185,5,185,180,175,170,165,160,155
1,185,7,185,178,171,164,157,150,143
1,185,11,185,174,163,152,141,130,119
1,185,13,185,172,159,146,133,120,107
1,185,17,185,168,151,134,117,100,83
1,185,19,185,166,147,128,109,90,71
1,186,2,186,184,182,180,178,176,174
1,186,3,186,183,180,177,174,171,168
1,186,5,186,181,176,171,166,161,156
1,186,7,186,179,172,165,158,151,144
1,186,11,186,175,164,153,142,131,120
1,186,13,186,173,160,147,134,121,108
1,186,17,186,169,152,135,118,101,84
1,186,19,186,167,148,129,110,91,72
1,187,2,187,185,183,181,179,177,175
1,187,3,187,184,181,178,175,172,169
1,187,5,187,182,177,172,167,162,157
1,187,7,187,180,173,166,159,152,145
1,187,11,187,176,165,154,143,132,121
1,187,13,187,174,161,148,135,122,109
1,187,17,187,170,153,136,119,102,85
1,187,19,187,168,149,130,111,92,73
1,188,2,188,186,184,182,180,178,176
1,188,3,188,185,182,179,176,173,170
1,188,5,188,183,178,173,168,163,158
1,188,7,188,181,174,167,160,153,146
1,188,11,188,177,166,155,144,133,122
1,188,13,188,175,162,149,136,123,110
1,188,17,188,171,154,137,120,103,86
1,188,19,188,169,150,131,112,93,74
1,189,2,189,187,185,183,181,179,177
1,189,3,189,186,183,180,177,174,171
1,189,5,189,184,179,174,169,164,159
1,189,7,189,182,175,168,161,154,147
1,189,11,189,178,167,156,145,134,123
1,189,13,189,176,163,150,137,124,111
1,189,17,189,172,155,138,121,104,87
1,189,19,189,170,151,132,113,94,75
1,190,2,190,188,186,184,182,180,178
1,190,3,190,187,184,181,178,175,172
1,190,5,190,185,180,175,170,165,160
1,190,7,190,183,176,169,162,155,148
1,190,11,190,179,168,157,146,135,124
1,190,13,190,177,164,151,138,125,112
1,190,17,190,173,156,139,122,105,88
1,190,19,190,171,152,133,114,95,76
1,191,2,191,189,187,185,183,181,179
1,191,3,191,188,185,182,179,176,173
1,191,5,191,186,181,176,171,166,161
1,191,7,191,184,177,170,163,156,149
1,191,11,191,180,169,158,147,136,125
1,191,13,191,178,165,152,139,126,113
1,191,17,191,174,157,140,123,106,89
1,191,19,191,172,153,134,115,96,77
1,192,2,192,190,188,186,184,182,180
1,192,3,192,189,186,183,180,177,174
1,192,5,192,187,182,177,172,167,162
1,192,7,192,185,178,171,164,157,150
1,192,11,192,181,170,159,148,137,126
1,192,13,192,179,166,153,140,127,114
1,192,17,192,175,158,141,124,107,90
1,192,19,192,173,154,135,116,97,78
1,193,2,193,191,189,187,185,183,181
1,193,3,193,190,187,184,181,178,175
1,193,5,193,188,183,178,173,168,163
1,193,7,193,186,179,172,165,158,151
1,193,11,193,182,171,160,149,138,127
1,193,13,193,180,167,154,141,128,115
1,193,17,193,176,159,142,125,108,91
1,193,19,193,174,155,136,117,98,79
1,194,2,194,192,190,188,186,184,182
1,194,3,194,191,188,185,182,179,176
1,194,5,194,189,184,179,174,169,164
1,194,7,194,187,180,173,166,159,152
1,194,11,194,183,172,161,150,139,128
1,194,13,194,181,168,155,142,129,116
1,194,17,194,177,160,143,126,109,92
1,194,19,194,175,156,137,118,99,80
1,195,2,195,193,191,189,187,185,183
1,195,3,195,192,189,186,183,180,177
1,195,5,195,190,185,180,175,170,165
1,195,7,195,188,181,174,167,160,153
1,195,11,195,184,173,162,151,140,129
1,195,13,195,182,169,156,143,130,117
1,195,17,195,178,161,144,127,110,93
1,195,19,195,176,157,138,119,100,81
1,196,2,196,194,192,190,188,186,184
1,196,3,196,193,190,187,184,181,178
1,196,5,196,191,186,181,176,171,166
1,196,7,196,189,182,175,168,161,154
1,196,11,196,185,174,163,152,141,130
1,196,13,196,183,170,157,144,131,118
1,196,17,196,179,162,145,128,111,94
1,196,19,196,177,158,139,120,101,82
1,197,2,197,195,193,191,189,187,185
1,197,3,197,194,191,188,185,182,179
1,197,5,197,192,187,182,177,172,167
1,197,7,197,190,183,176,169,162,155
1,197,11,197,186,175,164,153,142,131
1,197,13,197,184,171,158,145,132,119
1,197,17,197,180,163,146,129,112,95
1,197,19,197,178,159,140,121,102,83
1,198,2,198,196,194,192,190,188,186
1,198,3,198,195,192,189,186,183,180
1,198,5,198,193,188,183,178,173,168
1,198,7,198,191,184,177,170,163,156
1,198,11,198,187,176,165,154,143,132
1,198,13,198,185,172,159,146,133,120
1,198,17,198,181,164,147,130,113,96
1,198,19,198,179,160,141,122,103,84
1,199,2,199,197,195,193,191,189,187
1,199,3,199,196,193,190,187,184,181
1,199,5,199,194,189,184,179,174,169
1,199,7,199,192,185,178,171,164,157
1,199,11,199,188,177,166,155,144,133
1,199,13,199,186,173,160,147,134,121
1,199,17,199,182,165,148,131,114,97
1,199,19,199,180,161,142,123,104,85
1,200,2,200,198,196,194,192,190,188
1,200,3,200,197,194,191,188,185,182
1,200,5,200,195,190,185,180,175,170
1,200,7,200,193,186,179,172,165,158
1,200,11,200,189,178,167,156,145,134
1,200,13,200,187,174,161,148,135,122
1,200,17,200,183,166,149,132,115,98
1,200,19,200,181,162,143,124,105,86
1,201,2,201,199,197,195,193,191,189
1,201,3,201,198,195,192,189,186,183
1,201,5,201,196,191,186,181,176,171
1,201,7,201,194,187,180,173,166,159
1,201,11,201,190,179,168,157,146,135
1,201,13,201,188,175,162,149,136,123
1,201,17,201,184,167,150,133,116,99
1,201,19,201,182,163,144,125,106,87
1,202,2,202,200,198,196,194,192,190
1,202,3,202,199,196,193,190,187,184
1,202,5,202,197,192,187,182,177,172
1,202,7,202,195,188,181,174,167,160
1,202,11,202,191,180,169,158,147,136
1,202,13,202,189,176,163,150,137,124
1,202,17,202,185,168,151,134,117,100
1,202,19,202,183,164,145,126,107,88
1,203,2,203,201,199,197,195,193,191
1,203,3,203,200,197,194,191,188,185
1,203,5,203,198,193,188,183,178,173
1,203,7,203,196,189,182,175,168,161
1,203,11,203,192,181,170,159,148,137
1,203,13,203,190,177,164,151,138,125
1,203,17,203,186,169,152,135,118,101
1,203,19,203,184,165,146,127,108,89
1,204,2,204,202,200,198,196,194,192
1,204,3,204,201,198,195,192,189,186
1,204,5,204,199,194,189,184,179,174
1,204,7,204,197,190,183,176,169,162
1,204,11,204,193,182,171,160,149,138
1,204,13,204,191,178,165,152,139,126
1,204,17,204,187,170,153,136,119,102
1,204,19,204,185,166,147,128,109,90
1,205,2,205,203,201,199,197,195,193
1,205,3,205,202,199,196,193,190,187
1,205,5,205,200,195,190,185,180,175
1,205,7,205,198,191,184,177,170,163
1,205,11,205,194,183,172,161,150,139
1,205,13,205,192,179,166,153,140,127
1,205,17,205,188,171,154,137,120,103
1,205,19,205,186,167,148,129,110,91
1,206,2,206,204,202,200,198,196,194
1,206,3,206,203,200,197,194,191,188
1,206,5,206,201,196,191,186,181,176
1,206,7,206,199,192,185,178,171,164
1,206,11,206,195,184,173,162,151,140
1,206,13,206,193,180,167,154,141,128
1,206,17,206,189,172,155,138,121,104
1,206,19,206,187,168,149,130,111,92
1,207,2,207,205,203,201,199,197,195
1,207,3,207,204,201,198,195,192,189
1,207,5,207,202,197,192,187,182,177
1,207,7,207,200,193,186,179,172,165
1,207,11,207,196,185,174,163,152,141
1,207,13,207,194,181,168,155,142,129
1,207,17,207,190,173,156,139,122,105
1,207,19,207,188,169,150,131,112,93
1,208,2,208,206,204,202,200,198,196
1,208,3,208,205,202,199,196,193,190
1,208,5,208,203,198,193,188,183,178
1,208,7,208,201,194,187,180,173,166
1,208,11,208,197,186,175,164,153,142
1,208,13,208,195,182,169,156,143,130
1,208,17,208,191,174,157,140,123,106
1,208,19,208,189,170,151,132,113,94
1,209,2,209,207,205,203,201,199,197
1,209,3,209,206,203,200,197,194,191
1,209,5,209,204,199,194,189,184,179
1,209,7,209,202,195,188,181,174,167
1,209,11,209,198,187,176,165,154,143
1,209,13,209,196,183,170,157,144,131
1,209,17,209,192,175,158,141,124,107
1,209,19,209,190,171,152,133,114,95
1,210,2,210,208,206,204,202,200,198
1,210,3,210,207,204,201,198,195,192
1,210,5,210,205,200,195,190,185,180
1,210,7,210,203,196,189,182,175,168
1,210,11,210,199,188,177,166,155,144
1,210,13,210,197,184,171,158,145,132
1,210,17,210,193,176,159,142,125,108
1,210,19,210,191,172,153,134,115,96
1,211,2,211,209,207,205,203,201,199
1,211,3,211,208,205,202,199,196,193
1,211,5,211,206,201,196,191,186,181
1,211,7,211,204,197,190,183,176,169
1,211,11,211,200,189,178,167,156,145
1,211,13,211,198,185,172,159,146,133
1,211,17,211,194,177,160,143,126,109
1,211,19,211,192,173,154,135,116,97
1,212,2,212,210,208,206,204,202,200
1,212,3,212,209,206,203,200,197,194
1,212,5,212,207,202,197,192,187,182
1,212,7,212,205,198,191,184,177,170
1,212,11,212,201,190,179,168,157,146
1,212,13,212,199,186,173,160,147,134
1,212,17,212,195,178,161,144,127,110
1,212,19,212,193,174,155,136,117,98
1,213,2,213,211,209,207,205,203,201
1,213,3,213,210,207,204,201,198,195
1,213,5,213,208,203,198,193,188,183
1,213,7,213,206,199,192,185,178,171
1,213,11,213,202,191,180,169,158,147
1,213,13,213,200,187,174,161,148,135
1,213,17,213,196,179,162,145,128,111
1,213,19,213,194,175,156,137,118,99
1,214,2,214,212,210,208,206,204,202
1,214,3,214,211,208,205,202,199,196
1,214,5,214,209,204,199,194,189,184
1,214,7,214,207,200,193,186,179,172
1,214,11,214,203,192,181,170,159,148
1,214,13,214,201,188,175,162,149,136
1,214,17,214,197,180,163,146,129,112
1,214,19,214,195,176,157,138,119,100
1,215,2,215,213,211,209,207,205,203
1,215,3,215,212,209,206,203,200,197
1,215,5,215,210,205,200,195,190,185
1,215,7,215,208,201,194,187,180,173
1,215,11,215,204,193,182,171,160,149
1,215,13,215,202,189,176,163,150,137
1,215,17,215,198,181,164,147,130,113
1,215,19,215,196,177,158,139,120,101
1,216,2,216,214,212,210,208,206,204
1,216,3,216,213,210,207,204,201,198
1,216,5,216,211,206,201,196,191,186
1,216,7,216,209,202,195,188,181,174
1,216,11,216,205,194,183,172,161,150
1,216,13,216,203,190,177,164,151,138
1,216,17,216,199,182,165,148,131,114
1,216,19,216,197,178,159,140,121,102
1,217,2,217,215,213,211,209,207,205
1,217,3,217,214,211,208,205,202,199
1,217,5,217,212,207,202,197,192,187
1,217,7,217,210,203,196,189,182,175
1,217,11,217,206,195,184,173,162,151
1,217,13,217,204,191,178,165,152,139
1,217,17,217,200,183,166,149,132,115
1,217,19,217,198,179,160,141,122,103
1,218,2,218,216,214,212,210,208,206
1,218,3,218,215,212,209,206,203,200
1,218,5,218,213,208,203,198,193,188
1,218,7,218,211,204,197,190,183,176
1,218,11,218,207,196,185,174,163,152
1,218,13,218,205,192,179,166,153,140
1,218,17,218,201,184,167,150,133,116
1,218,19,218,199,180,161,142,123,104
1,219,2,219,217,215,213,211,209,207
1,219,3,219,216,213,210,207,204,201
1,219,5,219,214,209,204,199,194,189
1,219,7,219,212,205,198,191,184,177
1,219,11,219,208,197,186,175,164,153
1,219,13,219,206,193,180,167,154,141
1,219,17,219,202,185,168,151,134,117
1,219,19,219,200,181,162,143,124,105
1,220,2,220,218,216,214,212,210,208
1,220,3,220,217,214,211,208,205,202
1,220,5,220,215,210,205,200,195,190
1,220,7,220,213,206,199,192,185,178
1,220,11,220,209,198,187,176,165,154
1,220,13,220,207,194,181,168,155,142
1,220,17,220,203,186,169,152,135,118
1,220,19,220,201,182,163,144,125,106
1,221,2,221,219,217,215,213,211,209
1,221,3,221,218,215,212,209,206,203
1,221,5,221,216,211,206,201,196,191
1,221,7,221,214,207,200,193,186,179
1,221,11,221,210,199,188,177,166,155
1,221,13,221,208,195,182,169,156,143
1,221,17,221,204,187,170,153,136,119
1,221,19,221,202,183,164,145,126,107
1,222,2,222,220,218,216,214,212,210
1,222,3,222,219,216,213,210,207,204
1,222,5,222,217,212,207,202,197,192
1,222,7,222,215,208,201,194,187,180
1,222,11,222,211,200,189,178,167,156
1,222,13,222,209,196,183,170,157,144
1,222,17,222,205,188,171,154,137,120
1,222,19,222,203,184,165,146,127,108
1,223,2,223,221,219,217,215,213,211
1,223,3,223,220,217,214,211,208,205
1,223,5,223,218,213,208,203,198,193
1,223,7,223,216,209,202,195,188,181
1,223,11,223,212,201,190,179,168,157
1,223,13,223,210,197,184,171,158,145
1,223,17,223,206,189,172,155,138,121
1,223,19,223,204,185,166,147,128,109
1,224,2,224,222,220,218,216,214,212
1,224,3,224,221,218,215,212,209,206
1,224,5,224,219,214,209,204,199,194
1,224,7,224,217,210,203,196,189,182
1,224,11,224,213,202,191,180,169,158
1,224,13,224,211,198,185,172,159,146
1,224,17,224,207,190,173,156,139,122
1,224,19,224,205,186,167,148,129,110
1,225,2,225,223,221,219,217,215,213
1,225,3,225,222,219,216,213,210,207
1,225,5,225,220,215,210,205,200,195
1,225,7,225,218,211,204,197,190,183
1,225,11,225,214,203,192,181,170,159
1,225,13,225,212,199,186,173,160,147
1,225,17,225,208,191,174,157,140,123
1,225,19,225,206,187,168,149,130,111
1,226,2,226,224,222,220,218,216,214
1,226,3,226,223,220,217,214,211,208
1,226,5,226,221,216,211,206,201,196
1,226,7,226,219,212,205,198,191,184
1,226,11,226,215,204,193,182,171,160
1,226,13,226,213,200,187,174,161,148
1,226,17,226,209,192,175,158,141,124
1,226,19,226,207,188,169,150,131,112
1,227,2,227,225,223,221,219,217,215
1,227,3,227,224,221,218,215,212,209
1,227,5,227,222,217,212,207,202,197
1,227,7,227,220,213,206,199,192,185
1,227,11,227,216,205,194,183,172,161
1,227,13,227,214,201,188,175,162,149
1,227,17,227,210,193,176,159,142,125
1,227,19,227,208,189,170,151,132,113
1,228,2,228,226,224,222,220,218,216
1,228,3,228,225,222,219,216,213,210
1,228,5,228,223,218,213,208,203,198
1,228,7,228,221,214,207,200,193,186
1,228,11,228,217,206,195,184,173,162
1,228,13,228,215,202,189,176,163,150
1,228,17,228,211,194,177,160,143,126
1,228,19,228,209,190,171,152,133,114
1,229,2,229,227,225,223,221,219,217
1,229,3,229,226,223,220,217,214,211
1,229,5,229,224,219,214,209,204,199
1,229,7,229,222,215,208,201,194,187
1,229,11,229,218,207,196,185,174,163
1,229,13,229,216,203,190,177,164,151
1,229,17,229,212,195,178,161,144,127
1,229,19,229,210,191,172,153,134,115
1,230,2,230,228,226,224,222,220,218
1,230,3,230,227,224,221,218,215,212
1,230,5,230,225,220,215,210,205,200
1,230,7,230,223,216,209,202,195,188
1,230,11,230,219,208,197,186,175,164
1,230,13,230,217,204,191,178,165,152
1,230,17,230,213,196,179,162,145,128
1,230,19,230,211,192,173,154,135,116
1,231,2,231,229,227,225,223,221,219
1,231,3,231,228,225,222,219,216,213
1,231,5,231,226,221,216,211,206,201
1,231,7,231,224,217,210,203,196,189
1,231,11,231,220,209,198,187,176,165
1,231,13,231,218,205,192,179,166,153
1,231,17,231,214,197,180,163,146,129
1,231,19,231,212,193,174,155,136,117
1,232,2,232,230,228,226,224,222,220
1,232,3,232,229,226,223,220,217,214
1,232,5,232,227,222,217,212,207,202
1,232,7,232,225,218,211,204,197,190
1,232,11,232,221,210,199,188,177,166
1,232,13,232,219,206,193,180,167,154
1,232,17,232,215,198,181,164,147,130
1,232,19,232,213,194,175,156,137,118
1,233,2,233,231,229,227,225,223,221
1,233,3,233,230,227,224,221,218,215
1,233,5,233,228,223,218,213,208,203
1,233,7,233,226,219,212,205,198,191
1,233,11,233,222,211,200,189,178,167
1,233,13,233,220,207,194,181,168,155
1,233,17,233,216,199,182,165,148,131
1,233,19,233,214,195,176,157,138,119
1,234,2,234,232,230,228,226,224,222
1,234,3,234,231,228,225,222,219,216
1,234,5,234,229,224,219,214,209,204
1,234,7,234,227,220,213,206,199,192
1,234,11,234,223,212,201,190,179,168
1,234,13,234,221,208,195,182,169,156
1,234,17,234,217,200,183,166,149,132
1,234,19,234,215,196,177,158,139,120
1,235,2,235,233,231,229,227,225,223
1,235,3,235,232,229,226,223,220,217
1,235,5,235,230,225,220,215,210,205
1,235,7,235,228,221,214,207,200,193
1,235,11,235,224,213,202,191,180,169
1,235,13,235,222,209,196,183,170,157
1,235,17,235,218,201,184,167,150,133
1,235,19,235,216,197,178,159,140,121
1,236,2,236,234,232,230,228,226,224
1,236,3,236,233,230,227,224,221,218
1,236,5,236,231,226,221,216,211,206
1,236,7,236,229,222,215,208,201,194
1,236,11,236,225,214,203,192,181,170
1,236,13,236,223,210,197,184,171,158
1,236,17,236,219,202,185,168,151,134
1,236,19,236,217,198,179,160,141,122
1,237,2,237,235,233,231,229,227,225
1,237,3,237,234,231,228,225,222,219
1,237,5,237,232,227,222,217,212,207
1,237,7,237,230,223,216,209,202,195
1,237,11,237,226,215,204,193,182,171
1,237,13,237,224,211,198,185,172,159
1,237,17,237,220,203,186,169,152,135
1,237,19,237,218,199,180,161,142,123
1,238,2,238,236,234,232,230,228,226
1,238,3,238,235,232,229,226,223,220
1,238,5,238,233,228,223,218,213,208
1,238,7,238,231,224,217,210,203,196
1,238,11,238,227,216,205,194,183,172
1,238,13,238,225,212,199,186,173,160
1,238,17,238,221,204,187,170,153,136
1,238,19,238,219,200,181,162,143,124
1,239,2,239,237,235,233,231,229,227
1,239,3,239,236,233,230,227,224,221
1,239,5,239,234,229,224,219,214,209
1,239,7,239,232,225,218,211,204,197
1,239,11,239,228,217,206,195,184,173
1,239,13,239,226,213,200,187,174,161
1,239,17,239,222,205,188,171,154,137
1,239,19,239,220,201,182,163,144,125
1,240,2,240,238,236,234,232,230,228
1,240,3,240,237,234,231,228,225,222
1,240,5,240,235,230,225,220,215,210
1,240,7,240,233,226,219,212,205,198
1,240,11,240,229,218,207,196,185,174
1,240,13,240,227,214,201,188,175,162
1,240,17,240,223,206,189,172,155,138
1,240,19,240,221,202,183,164,145,126
1,241,2,241,239,237,235,233,231,229
1,241,3,241,238,235,232,229,226,223
1,241,5,241,236,231,226,221,216,211
1,241,7,241,234,227,220,213,206,199
1,241,11,241,230,219,208,197,186,175
1,241,13,241,228,215,202,189,176,163
1,241,17,241,224,207,190,173,156,139
1,241,19,241,222,203,184,165,146,127
1,242,2,242,240,238,236,234,232,230
1,242,3,242,239,236,233,230,227,224
1,242,5,242,237,232,227,222,217,212
1,242,7,242,235,228,221,214,207,200
1,242,11,242,231,220,209,198,187,176
1,242,13,242,229,216,203,190,177,164
1,242,17,242,225,208,191,174,157,140
1,242,19,242,223,204,185,166,147,128
1,243,2,243,241,239,237,235,233,231
1,243,3,243,240,237,234,231,228,225
1,243,5,243,238,233,228,223,218,213
1,243,7,243,236,229,222,215,208,201
1,243,11,243,232,221,210,199,188,177
1,243,13,243,230,217,204,191,178,165
1,243,17,243,226,209,192,175,158,141
1,243,19,243,224,205,186,167,148,129
1,244,2,244,242,240,238,236,234,232
1,244,3,244,241,238,235,232,229,226
1,244,5,244,239,234,229,224,219,214
1,244,7,244,237,230,223,216,209,202
1,244,11,244,233,222,211,200,189,178
1,244,13,244,231,218,205,192,179,166
1,244,17,244,227,210,193,176,159,142
1,244,19,244,225,206,187,168,149,130
1,245,2,245,243,241,239,237,235,233
1,245,3,245,242,239,236,233,230,227
1,245,5,245,240,235,230,225,220,215
1,245,7,245,238,231,224,217,210,203
1,245,11,245,234,223,212,201,190,179
1,245,13,245,232,219,206,193,180,167
1,245,17,245,228,211,194,177,160,143
1,245,19,245,226,207,188,169,150,131
1,246,2,246,244,242,240,238,236,234
1,246,3,246,243,240,237,234,231,228
1,246,5,246,241,236,231,226,221,216
1,246,7,246,239,232,225,218,211,204
1,246,11,246,235,224,213,202,191,180
1,246,13,246,233,220,207,194,181,168
1,246,17,246,229,212,195,178,161,144
1,246,19,246,227,208,189,170,151,132
1,247,2,247,245,243,241,239,237,235
1,247,3,247,244,241,238,235,232,229
1,247,5,247,242,237,232,227,222,217
1,247,7,247,240,233,226,219,212,205
1,247,11,247,236,225,214,203,192,181
1,247,13,247,234,221,208,195,182,169
1,247,17,247,230,213,196,179,162,145
1,247,19,247,228,209,190,171,152,133
1,248,2,248,246,244,242,240,238,236
1,248,3,248,245,242,239,236,233,230
1,248,5,248,243,238,233,228,223,218
1,248,7,248,241,234,227,220,213,206
1,248,11,248,237,226,215,204,193,182
1,248,13,248,235,222,209,196,183,170
1,248,17,248,231,214,197,180,163,146
1,248,19,248,229,210,191,172,153,134
1,249,2,249,247,245,243,241,239,237
1,249,3,249,246,243,240,237,234,231
1,249,5,249,244,239,234,229,224,219
1,249,7,249,242,235,228,221,214,207
1,249,11,249,238,227,216,205,194,183
1,249,13,249,236,223,210,197,184,171
1,249,17,249,232,215,198,181,164,147
1,249,19,249,230,211,192,173,154,135
1,250,2,250,248,246,244,242,240,238
1,250,3,250,247,244,241,238,235,232
1,250,5,250,245,240,235,230,225,220
1,250,7,250,243,236,229,222,215,208
1,250,11,250,239,228,217,206,195,184
1,250,13,250,237,224,211,198,185,172
1,250,17,250,233,216,199,182,165,148
1,250,19,250,231,212,193,174,155,136
1,251,2,251,249,247,245,243,241,239
1,251,3,251,248,245,242,239,236,233
1,251,5,251,246,241,236,231,226,221
1,251,7,251,244,237,230,223,216,209
1,251,11,251,240,229,218,207,196,185
1,251,13,251,238,225,212,199,186,173
1,251,17,251,234,217,200,183,166,149
1,251,19,251,232,213,194,175,156,137
1,252,2,252,250,248,246,244,242,240
1,252,3,252,249,246,243,240,237,234
1,252,5,252,247,242,237,232,227,222
1,252,7,252,245,238,231,224,217,210
1,252,11,252,241,230,219,208,197,186
1,252,13,252,239,226,213,200,187,174
1,252,17,252,235,218,201,184,167,150
1,252,19,252,233,214,195,176,157,138
1,253,2,253,251,249,247,245,243,241
1,253,3,253,250,247,244,241,238,235
1,253,5,253,248,243,238,233,228,223
1,253,7,253,246,239,232,225,218,211
1,253,11,253,242,231,220,209,198,187
1,253,13,253,240,227,214,201,188,175
1,253,17,253,236,219,202,185,168,151
1,253,19,253,234,215,196,177,158,139
1,254,2,254,252,250,248,246,244,242
1,254,3,254,251,248,245,242,239,236
1,254,5,254,249,244,239,234,229,224
1,254,7,254,247,240,233,226,219,212
1,254,11,254,243,232,221,210,199,188
1,254,13,254,241,228,215,202,189,176
1,254,17,254,237,220,203,186,169,152
1,254,19,254,235,216,197,178,159,140
1,255,2,255,253,251,249,247,245,243
1,255,3,255,252,249,246,243,240,237
1,255,5,255,250,245,240,235,230,225
1,255,7,255,248,241,234,227,220,213
1,255,11,255,244,233,222,211,200,189
1,255,13,255,242,229,216,203,190,177
1,255,17,255,238,221,204,187,170,153
1,255,19,255,236,217,198,179,160,141
1,256,2,256,254,252,250,248,246,244
1,256,3,256,253,250,247,244,241,238
1,256,5,256,251,246,241,236,231,226
1,256,7,256,249,242,235,228,221,214
1,256,11,256,245,234,223,212,201,190
1,256,13,256,243,230,217,204,191,178
1,256,17,256,239,222,205,188,171,154
1,256,19,256,237,218,199,180,161,142
1,257,2,257,255,253,251,249,247,245
1,257,3,257,254,251,248,245,242,239
1,257,5,257,252,247,242,237,232,227
1,257,7,257,250,243,236,229,222,215
1,257,11,257,246,235,224,213,202,191
1,257,13,257,244,231,218,205,192,179
1,257,17,257,240,223,206,189,172,155
1,257,19,257,238,219,200,181,162,143
1,258,2,258,256,254,252,250,248,246
1,258,3,258,255,252,249,246,243,240
1,258,5,258,253,248,243,238,233,228
1,258,7,258,251,244,237,230,223,216
1,258,11,258,247,236,225,214,203,192
1,258,13,258,245,232,219,206,193,180
1,258,17,258,241,224,207,190,173,156
1,258,19,258,239,220,201,182,163,144
1,259,2,259,257,255,253,251,249,247
1,259,3,259,256,253,250,247,244,241
1,259,5,259,254,249,244,239,234,229
1,259,7,259,252,245,238,231,224,217
1,259,11,259,248,237,226,215,204,193
1,259,13,259,246,233,220,207,194,181
1,259,17,259,242,225,208,191,174,157
1,259,19,259,240,221,202,183,164,145
1,260,2,260,258,256,254,252,250,248
1,260,3,260,257,254,251,248,245,242
1,260,5,260,255,250,245,240,235,230
1,260,7,260,253,246,239,232,225,218
1,260,11,260,249,238,227,216,205,194
1,260,13,260,247,234,221,208,195,182
1,260,17,260,243,226,209,192,175,158
1,260,19,260,241,222,203,184,165,146
1,261,2,261,259,257,255,253,251,249
1,261,3,261,258,255,252,249,246,243
1,261,5,261,256,251,246,241,236,231
1,261,7,261,254,247,240,233,226,219
1,261,11,261,250,239,228,217,206,195
1,261,13,261,248,235,222,209,196,183
1,261,17,261,244,227,210,193,176,159
1,261,19,261,242,223,204,185,166,147
1,262,2,262,260,258,256,254,252,250
1,262,3,262,259,256,253,250,247,244
1,262,5,262,257,252,247,242,237,232
1,262,7,262,255,248,241,234,227,220
1,262,11,262,251,240,229,218,207,196
1,262,13,262,249,236,223,210,197,184
1,262,17,262,245,228,211,194,177,160
1,262,19,262,243,224,205,186,167,148
1,263,2,263,261,259,257,255,253,251
1,263,3,263,260,257,254,251,248,245
1,263,5,263,258,253,248,243,238,233
1,263,7,263,256,249,242,235,228,221
1,263,11,263,252,241,230,219,208,197
1,263,13,263,250,237,224,211,198,185
1,263,17,263,246,229,212,195,178,161
1,263,19,263,244,225,206,187,168,149
1,264,2,264,262,260,258,256,254,252
1,264,3,264,261,258,255,252,249,246
1,264,5,264,259,254,249,244,239,234
1,264,7,264,257,250,243,236,229,222
1,264,11,264,253,242,231,220,209,198
1,264,13,264,251,238,225,212,199,186
1,264,17,264,247,230,213,196,179,162
1,264,19,264,245,226,207,188,169,150
1,265,2,265,263,261,259,257,255,253
1,265,3,265,262,259,256,253,250,247
1,265,5,265,260,255,250,245,240,235
1,265,7,265,258,251,244,237,230,223
1,265,11,265,254,243,232,221,210,199
1,265,13,265,252,239,226,213,200,187
1,265,17,265,248,231,214,197,180,163
1,265,19,265,246,227,208,189,170,151
1,266,2,266,264,262,260,258,256,254
1,266,3,266,263,260,257,254,251,248
1,266,5,266,261,256,251,246,241,236
1,266,7,266,259,252,245,238,231,224
1,266,11,266,255,244,233,222,211,200
1,266,13,266,253,240,227,214,201,188
1,266,17,266,249,232,215,198,181,164
1,266,19,266,247,228,209,190,171,152
1,267,2,267,265,263,261,259,257,255
1,267,3,267,264,261,258,255,252,249
1,267,5,267,262,257,252,247,242,237
1,267,7,267,260,253,246,239,232,225
1,267,11,267,256,245,234,223,212,201
1,267,13,267,254,241,228,215,202,189
1,267,17,267,250,233,216,199,182,165
1,267,19,267,248,229,210,191,172,153
1,268,2,268,266,264,262,260,258,256
1,268,3,268,265,262,259,256,253,250
1,268,5,268,263,258,253,248,243,238
1,268,7,268,261,254,247,240,233,226
1,268,11,268,257,246,235,224,213,202
1,268,13,268,255,242,229,216,203,190
1,268,17,268,251,234,217,200,183,166
1,268,19,268,249,230,211,192,173,154
1,269,2,269,267,265,263,261,259,257
1,269,3,269,266,263,260,257,254,251
1,269,5,269,264,259,254,249,244,239
1,269,7,269,262,255,248,241,234,227
1,269,11,269,258,247,236,225,214,203
1,269,13,269,256,243,230,217,204,191
1,269,17,269,252,235,218,201,184,167
1,269,19,269,250,231,212,193,174,155
1,270,2,270,268,266,264,262,260,258
1,270,3,270,267,264,261,258,255,252
1,270,5,270,265,260,255,250,245,240
1,270,7,270,263,256,249,242,235,228
1,270,11,270,259,248,237,226,215,204
1,270,13,270,257,244,231,218,205,192
1,270,17,270,253,236,219,202,185,168
1,270,19,270,251,232,213,194,175,156
1,271,2,271,269,267,265,263,261,259
1,271,3,271,268,265,262,259,256,253
1,271,5,271,266,261,256,251,246,241
1,271,7,271,264,257,250,243,236,229
1,271,11,271,260,249,238,227,216,205
1,271,13,271,258,245,232,219,206,193
1,271,17,271,254,237,220,203,186,169
1,271,19,271,252,233,214,195,176,157
1,272,2,272,270,268,266,264,262,260
1,272,3,272,269,266,263,260,257,254
1,272,5,272,267,262,257,252,247,242
1,272,7,272,265,258,251,244,237,230
1,272,11,272,261,250,239,228,217,206
1,272,13,272,259,246,233,220,207,194
1,272,17,272,255,238,221,204,187,170
1,272,19,272,253,234,215,196,177,158
1,273,2,273,271,269,267,265,263,261
1,273,3,273,270,267,264,261,258,255
1,273,5,273,268,263,258,253,248,243
1,273,7,273,266,259,252,245,238,231
1,273,11,273,262,251,240,229,218,207
1,273,13,273,260,247,234,221,208,195
1,273,17,273,256,239,222,205,188,171
1,273,19,273,254,235,216,197,178,159
1,274,2,274,272,270,268,266,264,262
1,274,3,274,271,268,265,262,259,256
1,274,5,274,269,264,259,254,249,244
1,274,7,274,267,260,253,246,239,232
1,274,11,274,263,252,241,230,219,208
1,274,13,274,261,248,235,222,209,196
1,274,17,274,257,240,223,206,189,172
1,274,19,274,255,236,217,198,179,160
1,275,2,275,273,271,269,267,265,263
1,275,3,275,272,269,266,263,260,257
1,275,5,275,270,265,260,255,250,245
1,275,7,275,268,261,254,247,240,233
1,275,11,275,264,253,242,231,220,209
1,275,13,275,262,249,236,223,210,197
1,275,17,275,258,241,224,207,190,173
1,275,19,275,256,237,218,199,180,161
1,276,2,276,274,272,270,268,266,264
1,276,3,276,273,270,267,264,261,258
1,276,5,276,271,266,261,256,251,246
1,276,7,276,269,262,255,248,241,234
1,276,11,276,265,254,243,232,221,210
1,276,13,276,263,250,237,224,211,198
1,276,17,276,259,242,225,208,191,174
1,276,19,276,257,238,219,200,181,162
1,277,2,277,275,273,271,269,267,265
1,277,3,277,274,271,268,265,262,259
1,277,5,277,272,267,262,257,252,247
1,277,7,277,270,263,256,249,242,235
1,277,11,277,266,255,244,233,222,211
1,277,13,277,264,251,238,225,212,199
1,277,17,277,260,243,226,209,192,175
1,277,19,277,258,239,220,201,182,163
1,278,2,278,276,274,272,270,268,266
1,278,3,278,275,272,269,266,263,260
1,278,5,278,273,268,263,258,253,248
1,278,7,278,271,264,257,250,243,236
1,278,11,278,267,256,245,234,223,212
1,278,13,278,265,252,239,226,213,200
1,278,17,278,261,244,227,210,193,176
1,278,19,278,259,240,221,202,183,164
1,279,2,279,277,275,273,271,269,267
1,279,3,279,276,273,270,267,264,261
1,279,5,279,274,269,264,259,254,249
1,279,7,279,272,265,258,251,244,237
1,279,11,279,268,257,246,235,224,213
1,279,13,279,266,253,240,227,214,201
1,279,17,279,262,245,228,211,194,177
1,279,19,279,260,241,222,203,184,165
1,280,2,280,278,276,274,272,270,268
1,280,3,280,277,274,271,268,265,262
1,280,5,280,275,270,265,260,255,250
1,280,7,280,273,266,259,252,245,238
1,280,11,280,269,258,247,236,225,214
1,280,13,280,267,254,241,228,215,202
1,280,17,280,263,246,229,212,195,178
1,280,19,280,261,242,223,204,185,166
1,281,2,281,279,277,275,273,271,269
1,281,3,281,278,275,272,269,266,263
1,281,5,281,276,271,266,261,256,251
1,281,7,281,274,267,260,253,246,239
1,281,11,281,270,259,248,237,226,215
1,281,13,281,268,255,242,229,216,203
1,281,17,281,264,247,230,213,196,179
1,281,19,281,262,243,224,205,186,167
1,282,2,282,280,278,276,274,272,270
1,282,3,282,279,276,273,270,267,264
1,282,5,282,277,272,267,262,257,252
1,282,7,282,275,268,261,254,247,240
1,282,11,282,271,260,249,238,227,216
1,282,13,282,269,256,243,230,217,204
1,282,17,282,265,248,231,214,197,180
1,282,19,282,263,244,225,206,187,168
1,283,2,283,281,279,277,275,273,271
1,283,3,283,280,277,274,271,268,265
1,283,5,283,278,273,268,263,258,253
1,283,7,283,276,269,262,255,248,241
1,283,11,283,272,261,250,239,228,217
1,283,13,283,270,257,244,231,218,205
1,283,17,283,266,249,232,215,198,181
1,283,19,283,264,245,226,207,188,169
1,284,2,284,282,280,278,276,274,272
1,284,3,284,281,278,275,272,269,266
1,284,5,284,279,274,269,264,259,254
1,284,7,284,277,270,263,256,249,242
1,284,11,284,273,262,251,240,229,218
1,284,13,284,271,258,245,232,219,206
1,284,17,284,267,250,233,216,199,182
1,284,19,284,265,246,227,208,189,170
1,285,2,285,283,281,279,277,275,273
1,285,3,285,282,279,276,273,270,267
1,285,5,285,280,275,270,265,260,255
1,285,7,285,278,271,264,257,250,243
1,285,11,285,274,263,252,241,230,219
1,285,13,285,272,259,246,233,220,207
1,285,17,285,268,251,234,217,200,183
1,285,19,285,266,247,228,209,190,171
1,286,2,286,284,282,280,278,276,274
1,286,3,286,283,280,277,274,271,268
1,286,5,286,281,276,271,266,261,256
1,286,7,286,279,272,265,258,251,244
1,286,11,286,275,264,253,242,231,220
1,286,13,286,273,260,247,234,221,208
1,286,17,286,269,252,235,218,201,184
1,286,19,286,267,248,229,210,191,172
1,287,2,287,285,283,281,279,277,275
1,287,3,287,284,281,278,275,272,269
1,287,5,287,282,277,272,267,262,257
1,287,7,287,280,273,266,259,252,245
1,287,11,287,276,265,254,243,232,221
1,287,13,287,274,261,248,235,222,209
1,287,17,287,270,253,236,219,202,185
1,287,19,287,268,249,230,211,192,173
1,288,2,288,286,284,282,280,278,276
1,288,3,288,285,282,279,276,273,270
1,288,5,288,283,278,273,268,263,258
1,288,7,288,281,274,267,260,253,246
1,288,11,288,277,266,255,244,233,222
1,288,13,288,275,262,249,236,223,210
1,288,17,288,271,254,237,220,203,186
1,288,19,288,269,250,231,212,193,174
1,289,2,289,287,285,283,281,279,277
1,289,3,289,286,283,280,277,274,271
1,289,5,289,284,279,274,269,264,259
1,289,7,289,282,275,268,261,254,247
1,289,11,289,278,267,256,245,234,223
1,289,13,289,276,263,250,237,224,211
1,289,17,289,272,255,238,221,204,187
1,289,19,289,270,251,232,213,194,175
1,290,2,290,288,286,284,282,280,278
1,290,3,290,287,284,281,278,275,272
1,290,5,290,285,280,275,270,265,260
1,290,7,290,283,276,269,262,255,248
1,290,11,290,279,268,257,246,235,224
1,290,13,290,277,264,251,238,225,212
1,290,17,290,273,256,239,222,205,188
1,290,19,290,271,252,233,214,195,176
1,291,2,291,289,287,285,283,281,279
1,291,3,291,288,285,282,279,276,273
1,291,5,291,286,281,276,271,266,261
1,291,7,291,284,277,270,263,256,249
1,291,11,291,280,269,258,247,236,225
1,291,13,291,278,265,252,239,226,213
1,291,17,291,274,257,240,223,206,189
1,291,19,291,272,253,234,215,196,177
1,292,2,292,290,288,286,284,282,280
1,292,3,292,289,286,283,280,277,274
1,292,5,292,287,282,277,272,267,262
1,292,7,292,285,278,271,264,257,250
1,292,11,292,281,270,259,248,237,226
1,292,13,292,279,266,253,240,227,214
1,292,17,292,275,258,241,224,207,190
1,292,19,292,273,254,235,216,197,178
1,293,2,293,291,289,287,285,283,281
1,293,3,293,290,287,284,281,278,275
1,293,5,293,288,283,278,273,268,263
1,293,7,293,286,279,272,265,258,251
1,293,11,293,282,271,260,249,238,227
1,293,13,293,280,267,254,241,228,215
1,293,17,293,276,259,242,225,208,191
1,293,19,293,274,255,236,217,198,179
1,294,2,294,292,290,288,286,284,282
1,294,3,294,291,288,285,282,279,276
1,294,5,294,289,284,279,274,269,264
1,294,7,294,287,280,273,266,259,252
1,294,11,294,283,272,261,250,239,228
1,294,13,294,281,268,255,242,229,216
1,294,17,294,277,260,243,226,209,192
1,294,19,294,275,256,237,218,199,180
1,295,2,295,293,291,289,287,285,283
1,295,3,295,292,289,286,283,280,277
1,295,5,295,290,285,280,275,270,265
1,295,7,295,288,281,274,267,260,253
1,295,11,295,284,273,262,251,240,229
1,295,13,295,282,269,256,243,230,217
1,295,17,295,278,261,244,227,210,193
1,295,19,295,276,257,238,219,200,181
1,296,2,296,294,292,290,288,286,284
1,296,3,296,293,290,287,284,281,278
1,296,5,296,291,286,281,276,271,266
1,296,7,296,289,282,275,268,261,254
1,296,11,296,285,274,263,252,241,230
1,296,13,296,283,270,257,244,231,218
1,296,17,296,279,262,245,228,211,194
1,296,19,296,277,258,239,220,201,182
1,297,2,297,295,293,291,289,287,285
1,297,3,297,294,291,288,285,282,279
1,297,5,297,292,287,282,277,272,267
1,297,7,297,290,283,276,269,262,255
1,297,11,297,286,275,264,253,242,231
1,297,13,297,284,271,258,245,232,219
1,297,17,297,280,263,246,229,212,195
1,297,19,297,278,259,240,221,202,183
1,298,2,298,296,294,292,290,288,286
1,298,3,298,295,292,289,286,283,280
1,298,5,298,293,288,283,278,273,268
1,298,7,298,291,284,277,270,263,256
1,298,11,298,287,276,265,254,243,232
1,298,13,298,285,272,259,246,233,220
1,298,17,298,281,264,247,230,213,196
1,298,19,298,279,260,241,222,203,184
1,299,2,299,297,295,293,291,289,287
1,299,3,299,296,293,290,287,284,281
1,299,5,299,294,289,284,279,274,269
1,299,7,299,292,285,278,271,264,257
1,299,11,299,288,277,266,255,244,233
1,299,13,299,286,273,260,247,234,221
1,299,17,299,282,265,248,231,214,197
1,299,19,299,280,261,242,223,204,185
1,300,2,300,298,296,294,292,290,288
1,300,3,300,297,294,291,288,285,282
1,300,5,300,295,290,285,280,275,270
1,300,7,300,293,286,279,272,265,258
1,300,11,300,289,278,267,256,245,234
1,300,13,300,287,274,261,248,235,222
1,300,17,300,283,266,249,232,215,198
1,300,19,300,281,262,243,224,205,186
1,301,2,301,299,297,295,293,291,289
1,301,3,301,298,295,292,289,286,283
1,301,5,301,296,291,286,281,276,271
1,301,7,301,294,287,280,273,266,259
1,301,11,301,290,279,268,257,246,235
1,301,13,301,288,275,262,249,236,223
1,301,17,301,284,267,250,233,216,199
1,301,19,301,282,263,244,225,206,187
1,302,2,302,300,298,296,294,292,290
1,302,3,302,299,296,293,290,287,284
1,302,5,302,297,292,287,282,277,272
1,302,7,302,295,288,281,274,267,260
1,302,11,302,291,280,269,258,247,236
1,302,13,302,289,276,263,250,237,224
1,302,17,302,285,268,251,234,217,200
1,302,19,302,283,264,245,226,207,188
1,303,2,303,301,299,297,295,293,291
1,303,3,303,300,297,294,291,288,285
1,303,5,303,298,293,288,283,278,273
1,303,7,303,296,289,282,275,268,261
1,303,11,303,292,281,270,259,248,237
1,303,13,303,290,277,264,251,238,225
1,303,17,303,286,269,252,235,218,201
1,303,19,303,284,265,246,227,208,189
1,304,2,304,302,300,298,296,294,292
1,304,3,304,301,298,295,292,289,286
1,304,5,304,299,294,289,284,279,274
1,304,7,304,297,290,283,276,269,262
1,304,11,304,293,282,271,260,249,238
1,304,13,304,291,278,265,252,239,226
1,304,17,304,287,270,253,236,219,202
1,304,19,304,285,266,247,228,209,190
1,305,2,305,303,301,299,297,295,293
1,305,3,305,302,299,296,293,290,287
1,305,5,305,300,295,290,285,280,275
1,305,7,305,298,291,284,277,270,263
1,305,11,305,294,283,272,261,250,239
1,305,13,305,292,279,266,253,240,227
1,305,17,305,288,271,254,237,220,203
1,305,19,305,286,267,248,229,210,191
1,306,2,306,304,302,300,298,296,294
1,306,3,306,303,300,297,294,291,288
1,306,5,306,301,296,291,286,281,276
1,306,7,306,299,292,285,278,271,264
1,306,11,306,295,284,273,262,251,240
1,306,13,306,293,280,267,254,241,228
1,306,17,306,289,272,255,238,221,204
1,306,19,306,287,268,249,230,211,192
1,307,2,307,305,303,301,299,297,295
1,307,3,307,304,301,298,295,292,289
1,307,5,307,302,297,292,287,282,277
1,307,7,307,300,293,286,279,272,265
1,307,11,307,296,285,274,263,252,241
1,307,13,307,294,281,268,255,242,229
1,307,17,307,290,273,256,239,222,205
1,307,19,307,288,269,250,231,212,193
1,308,2,308,306,304,302,300,298,296
1,308,3,308,305,302,299,296,293,290
1,308,5,308,303,298,293,288,283,278
1,308,7,308,301,294,287,280,273,266
1,308,11,308,297,286,275,264,253,242
1,308,13,308,295,282,269,256,243,230
1,308,17,308,291,274,257,240,223,206
1,308,19,308,289,270,251,232,213,194
1,309,2,309,307,305,303,301,299,297
1,309,3,309,306,303,300,297,294,291
1,309,5,309,304,299,294,289,284,279
1,309,7,309,302,295,288,281,274,267
1,309,11,309,298,287,276,265,254,243
1,309,13,309,296,283,270,257,244,231
1,309,17,309,292,275,258,241,224,207
1,309,19,309,290,271,252,233,214,195
1,310,2,310,308,306,304,302,300,298
1,310,3,310,307,304,301,298,295,292
1,310,5,310,305,300,295,290,285,280
1,310,7,310,303,296,289,282,275,268
1,310,11,310,299,288,277,266,255,244
1,310,13,310,297,284,271,258,245,232
1,310,17,310,293,276,259,242,225,208
1,310,19,310,291,272,253,234,215,196
1,311,2,311,309,307,305,303,301,299
1,311,3,311,308,305,302,299,296,293
1,311,5,311,306,301,296,291,286,281
1,311,7,311,304,297,290,283,276,269
1,311,11,311,300,289,278,267,256,245
1,311,13,311,298,285,272,259,246,233
1,311,17,311,294,277,260,243,226,209
1,311,19,311,292,273,254,235,216,197
1,312,2,312,310,308,306,304,302,300
1,312,3,312,309,306,303,300,297,294
1,312,5,312,307,302,297,292,287,282
1,312,7,312,305,298,291,284,277,270
1,312,11,312,301,290,279,268,257,246
1,312,13,312,299,286,273,260,247,234
1,312,17,312,295,278,261,244,227,210
1,312,19,312,293,274,255,236,217,198
1,313,2,313,311,309,307,305,303,301
1,313,3,313,310,307,304,301,298,295
1,313,5,313,308,303,298,293,288,283
1,313,7,313,306,299,292,285,278,271
1,313,11,313,302,291,280,269,258,247
1,313,13,313,300,287,274,261,248,235
1,313,17,313,296,279,262,245,228,211
1,313,19,313,294,275,256,237,218,199
1,314,2,314,312,310,308,306,304,302
1,314,3,314,311,308,305,302,299,296
1,314,5,314,309,304,299,294,289,284
1,314,7,314,307,300,293,286,279,272
1,314,11,314,303,292,281,270,259,248
1,314,13,314,301,288,275,262,249,236
1,314,17,314,297,280,263,246,229,212
1,314,19,314,295,276,257,238,219,200
1,315,2,315,313,311,309,307,305,303
1,315,3,315,312,309,306,303,300,297
1,315,5,315,310,305,300,295,290,285
1,315,7,315,308,301,294,287,280,273
1,315,11,315,304,293,282,271,260,249
1,315,13,315,302,289,276,263,250,237
1,315,17,315,298,281,264,247,230,213
1,315,19,315,296,277,258,239,220,201
1,316,2,316,314,312,310,308,306,304
1,316,3,316,313,310,307,304,301,298
1,316,5,316,311,306,301,296,291,286
1,316,7,316,309,302,295,288,281,274
1,316,11,316,305,294,283,272,261,250
1,316,13,316,303,290,277,264,251,238
1,316,17,316,299,282,265,248,231,214
1,316,19,316,297,278,259,240,221,202
1,317,2,317,315,313,311,309,307,305
1,317,3,317,314,311,308,305,302,299
1,317,5,317,312,307,302,297,292,287
1,317,7,317,310,303,296,289,282,275
1,317,11,317,306,295,284,273,262,251
1,317,13,317,304,291,278,265,252,239
1,317,17,317,300,283,266,249,232,215
1,317,19,317,298,279,260,241,222,203
1,318,2,318,316,314,312,310,308,306
1,318,3,318,315,312,309,306,303,300
1,318,5,318,313,308,303,298,293,288
1,318,7,318,311,304,297,290,283,276
1,318,11,318,307,296,285,274,263,252
1,318,13,318,305,292,279,266,253,240
1,318,17,318,301,284,267,250,233,216
1,318,19,318,299,280,261,242,223,204
1,319,2,319,317,315,313,311,309,307
1,319,3,319,316,313,310,307,304,301
1,319,5,319,314,309,304,299,294,289
1,319,7,319,312,305,298,291,284,277
1,319,11,319,308,297,286,275,264,253
1,319,13,319,306,293,280,267,254,241
1,319,17,319,302,285,268,251,234,217
1,319,19,319,300,281,262,243,224,205
1,320,2,320,318,316,314,312,310,308
1,320,3,320,317,314,311,308,305,302
1,320,5,320,315,310,305,300,295,290
1,320,7,320,313,306,299,292,285,278
1,320,11,320,309,298,287,276,265,254
1,320,13,320,307,294,281,268,255,242
1,320,17,320,303,286,269,252,235,218
1,320,19,320,301,282,263,244,225,206
1,321,2,321,319,317,315,313,311,309
1,321,3,321,318,315,312,309,306,303
1,321,5,321,316,311,306,301,296,291
1,321,7,321,314,307,300,293,286,279
1,321,11,321,310,299,288,277,266,255
1,321,13,321,308,295,282,269,256,243
1,321,17,321,304,287,270,253,236,219
1,321,19,321,302,283,264,245,226,207
1,322,2,322,320,318,316,314,312,310
1,322,3,322,319,316,313,310,307,304
1,322,5,322,317,312,307,302,297,292
1,322,7,322,315,308,301,294,287,280
1,322,11,322,311,300,289,278,267,256
1,322,13,322,309,296,283,270,257,244
1,322,17,322,305,288,271,254,237,220
1,322,19,322,303,284,265,246,227,208
1,323,2,323,321,319,317,315,313,311
1,323,3,323,320,317,314,311,308,305
1,323,5,323,318,313,308,303,298,293
1,323,7,323,316,309,302,295,288,281
1,323,11,323,312,301,290,279,268,257
1,323,13,323,310,297,284,271,258,245
1,323,17,323,306,289,272,255,238,221
1,323,19,323,304,285,266,247,228,209
1,324,2,324,322,320,318,316,314,312
1,324,3,324,321,318,315,312,309,306
1,324,5,324,319,314,309,304,299,294
1,324,7,324,317,310,303,296,289,282
1,324,11,324,313,302,291,280,269,258
1,324,13,324,311,298,285,272,259,246
1,324,17,324,307,290,273,256,239,222
1,324,19,324,305,286,267,248,229,210
1,325,2,325,323,321,319,317,315,313
1,325,3,325,322,319,316,313,310,307
1,325,5,325,320,315,310,305,300,295
1,325,7,325,318,311,304,297,290,283
1,325,11,325,314,303,292,281,270,259
1,325,13,325,312,299,286,273,260,247
1,325,17,325,308,291,274,257,240,223
1,325,19,325,306,287,268,249,230,211
1,326,2,326,324,322,320,318,316,314
1,326,3,326,323,320,317,314,311,308
1,326,5,326,321,316,311,306,301,296
1,326,7,326,319,312,305,298,291,284
1,326,11,326,315,304,293,282,271,260
1,326,13,326,313,300,287,274,261,248
1,326,17,326,309,292,275,258,241,224
1,326,19,326,307,288,269,250,231,212
1,327,2,327,325,323,321,319,317,315
1,327,3,327,324,321,318,315,312,309
1,327,5,327,322,317,312,307,302,297
1,327,7,327,320,313,306,299,292,285
1,327,11,327,316,305,294,283,272,261
1,327,13,327,314,301,288,275,262,249
1,327,17,327,310,293,276,259,242,225
1,327,19,327,308,289,270,251,232,213
1,328,2,328,326,324,322,320,318,316
1,328,3,328,325,322,319,316,313,310
1,328,5,328,323,318,313,308,303,298
1,328,7,328,321,314,307,300,293,286
1,328,11,328,317,306,295,284,273,262
1,328,13,328,315,302,289,276,263,250
1,328,17,328,311,294,277,260,243,226
1,328,19,328,309,290,271,252,233,214
1,329,2,329,327,325,323,321,319,317
1,329,3,329,326,323,320,317,314,311
1,329,5,329,324,319,314,309,304,299
1,329,7,329,322,315,308,301,294,287
1,329,11,329,318,307,296,285,274,263
1,329,13,329,316,303,290,277,264,251
1,329,17,329,312,295,278,261,244,227
1,329,19,329,310,291,272,253,234,215
1,330,2,330,328,326,324,322,320,318
1,330,3,330,327,324,321,318,315,312
1,330,5,330,325,320,315,310,305,300
1,330,7,330,323,316,309,302,295,288
1,330,11,330,319,308,297,286,275,264
1,330,13,330,317,304,291,278,265,252
1,330,17,330,313,296,279,262,245,228
1,330,19,330,311,292,273,254,235,216
1,331,2,331,329,327,325,323,321,319
1,331,3,331,328,325,322,319,316,313
1,331,5,331,326,321,316,311,306,301
1,331,7,331,324,317,310,303,296,289
1,331,11,331,320,309,298,287,276,265
1,331,13,331,318,305,292,279,266,253
1,331,17,331,314,297,280,263,246,229
1,331,19,331,312,293,274,255,236,217
1,332,2,332,330,328,326,324,322,320
1,332,3,332,329,326,323,320,317,314
1,332,5,332,327,322,317,312,307,302
1,332,7,332,325,318,311,304,297,290
1,332,11,332,321,310,299,288,277,266
1,332,13,332,319,306,293,280,267,254
1,332,17,332,315,298,281,264,247,230
1,332,19,332,313,294,275,256,237,218
1,333,2,333,331,329,327,325,323,321
1,333,3,333,330,327,324,321,318,315
1,333,5,333,328,323,318,313,308,303
1,333,7,333,326,319,312,305,298,291
1,333,11,333,322,311,300,289,278,267
1,333,13,333,320,307,294,281,268,255
1,333,17,333,316,299,282,265,248,231
1,333,19,333,314,295,276,257,238,219
1,334,2,334,332,330,328,326,324,322
1,334,3,334,331,328,325,322,319,316
1,334,5,334,329,324,319,314,309,304
1,334,7,334,327,320,313,306,299,292
1,334,11,334,323,312,301,290,279,268
1,334,13,334,321,308,295,282,269,256
1,334,17,334,317,300,283,266,249,232
1,334,19,334,315,296,277,258,239,220
1,335,2,335,333,331,329,327,325,323
1,335,3,335,332,329,326,323,320,317
1,335,5,335,330,325,320,315,310,305
1,335,7,335,328,321,314,307,300,293
1,335,11,335,324,313,302,291,280,269
1,335,13,335,322,309,296,283,270,257
1,335,17,335,318,301,284,267,250,233
1,335,19,335,316,297,278,259,240,221
1,336,2,336,334,332,330,328,326,324
1,336,3,336,333,330,327,324,321,318
1,336,5,336,331,326,321,316,311,306
1,336,7,336,329,322,315,308,301,294
1,336,11,336,325,314,303,292,281,270
1,336,13,336,323,310,297,284,271,258
1,336,17,336,319,302,285,268,251,234
1,336,19,336,317,298,279,260,241,222
1,337,2,337,335,333,331,329,327,325
1,337,3,337,334,331,328,325,322,319
1,337,5,337,332,327,322,317,312,307
1,337,7,337,330,323,316,309,302,295
1,337,11,337,326,315,304,293,282,271
1,337,13,337,324,311,298,285,272,259
1,337,17,337,320,303,286,269,252,235
1,337,19,337,318,299,280,261,242,223
1,338,2,338,336,334,332,330,328,326
1,338,3,338,335,332,329,326,323,320
1,338,5,338,333,328,323,318,313,308
1,338,7,338,331,324,317,310,303,296
1,338,11,338,327,316,305,294,283,272
1,338,13,338,325,312,299,286,273,260
1,338,17,338,321,304,287,270,253,236
1,338,19,338,319,300,281,262,243,224
1,339,2,339,337,335,333,331,329,327
1,339,3,339,336,333,330,327,324,321
1,339,5,339,334,329,324,319,314,309
1,339,7,339,332,325,318,311,304,297
1,339,11,339,328,317,306,295,284,273
1,339,13,339,326,313,300,287,274,261
1,339,17,339,322,305,288,271,254,237
1,339,19,339,320,301,282,263,244,225
1,340,2,340,338,336,334,332,330,328
1,340,3,340,337,334,331,328,325,322
1,340,5,340,335,330,325,320,315,310
1,340,7,340,333,326,319,312,305,298
1,340,11,340,329,318,307,296,285,274
1,340,13,340,327,314,301,288,275,262
1,340,17,340,323,306,289,272,255,238
1,340,19,340,321,302,283,264,245,226
1,341,2,341,339,337,335,333,331,329
1,341,3,341,338,335,332,329,326,323
1,341,5,341,336,331,326,321,316,311
1,341,7,341,334,327,320,313,306,299
1,341,11,341,330,319,308,297,286,275
1,341,13,341,328,315,302,289,276,263
1,341,17,341,324,307,290,273,256,239
1,341,19,341,322,303,284,265,246,227
1,342,2,342,340,338,336,334,332,330
1,342,3,342,339,336,333,330,327,324
1,342,5,342,337,332,327,322,317,312
1,342,7,342,335,328,321,314,307,300
1,342,11,342,331,320,309,298,287,276
1,342,13,342,329,316,303,290,277,264
1,342,17,342,325,308,291,274,257,240
1,342,19,342,323,304,285,266,247,228
1,343,2,343,341,339,337,335,333,331
1,343,3,343,340,337,334,331,328,325
1,343,5,343,338,333,328,323,318,313
1,343,7,343,336,329,322,315,308,301
1,343,11,343,332,321,310,299,288,277
1,343,13,343,330,317,304,291,278,265
1,343,17,343,326,309,292,275,258,241
1,343,19,343,324,305,286,267,248,229
1,344,2,344,342,340,338,336,334,332
1,344,3,344,341,338,335,332,329,326
1,344,5,344,339,334,329,324,319,314
1,344,7,344,337,330,323,316,309,302
1,344,11,344,333,322,311,300,289,278
1,344,13,344,331,318,305,292,279,266
1,344,17,344,327,310,293,276,259,242
1,344,19,344,325,306,287,268,249,230
1,345,2,345,343,341,339,337,335,333
1,345,3,345,342,339,336,333,330,327
1,345,5,345,340,335,330,325,320,315
1,345,7,345,338,331,324,317,310,303
1,345,11,345,334,323,312,301,290,279
1,345,13,345,332,319,306,293,280,267
1,345,17,345,328,311,294,277,260,243
1,345,19,345,326,307,288,269,250,231
1,346,2,346,344,342,340,338,336,334
1,346,3,346,343,340,337,334,331,328
1,346,5,346,341,336,331,326,321,316
1,346,7,346,339,332,325,318,311,304
1,346,11,346,335,324,313,302,291,280
1,346,13,346,333,320,307,294,281,268
1,346,17,346,329,312,295,278,261,244
1,346,19,346,327,308,289,270,251,232
1,347,2,347,345,343,341,339,337,335
1,347,3,347,344,341,338,335,332,329
1,347,5,347,342,337,332,327,322,317
1,347,7,347,340,333,326,319,312,305
1,347,11,347,336,325,314,303,292,281
1,347,13,347,334,321,308,295,282,269
1,347,17,347,330,313,296,279,262,245
1,347,19,347,328,309,290,271,252,233
1,348,2,348,346,344,342,340,338,336
1,348,3,348,345,342,339,336,333,330
1,348,5,348,343,338,333,328,323,318
1,348,7,348,341,334,327,320,313,306
1,348,11,348,337,326,315,304,293,282
1,348,13,348,335,322,309,296,283,270
1,348,17,348,331,314,297,280,263,246
1,348,19,348,329,310,291,272,253,234
1,349,2,349,347,345,343,341,339,337
1,349,3,349,346,343,340,337,334,331
1,349,5,349,344,339,334,329,324,319
1,349,7,349,342,335,328,321,314,307
1,349,11,349,338,327,316,305,294,283
1,349,13,349,336,323,310,297,284,271
1,349,17,349,332,315,298,281,264,247
1,349,19,349,330,311,292,273,254,235
1,350,2,350,348,346,344,342,340,338
1,350,3,350,347,344,341,338,335,332
1,350,5,350,345,340,335,330,325,320
1,350,7,350,343,336,329,322,315,308
1,350,11,350,339,328,317,306,295,284
1,350,13,350,337,324,311,298,285,272
1,350,17,350,333,316,299,282,265,248
1,350,19,350,331,312,293,274,255,236
1,351,2,351,349,347,345,343,341,339
1,351,3,351,348,345,342,339,336,333
1,351,5,351,346,341,336,331,326,321
1,351,7,351,344,337,330,323,316,309
1,351,11,351,340,329,318,307,296,285
1,351,13,351,338,325,312,299,286,273
1,351,17,351,334,317,300,283,266,249
1,351,19,351,332,313,294,275,256,237
1,352,2,352,350,348,346,344,342,340
1,352,3,352,349,346,343,340,337,334
1,352,5,352,347,342,337,332,327,322
1,352,7,352,345,338,331,324,317,310
1,352,11,352,341,330,319,308,297,286
1,352,13,352,339,326,313,300,287,274
1,352,17,352,335,318,301,284,267,250
1,352,19,352,333,314,295,276,257,238
1,353,2,353,351,349,347,345,343,341
1,353,3,353,350,347,344,341,338,335
1,353,5,353,348,343,338,333,328,323
1,353,7,353,346,339,332,325,318,311
1,353,11,353,342,331,320,309,298,287
1,353,13,353,340,327,314,301,288,275
1,353,17,353,336,319,302,285,268,251
1,353,19,353,334,315,296,277,258,239
1,354,2,354,352,350,348,346,344,342
1,354,3,354,351,348,345,342,339,336
1,354,5,354,349,344,339,334,329,324
1,354,7,354,347,340,333,326,319,312
1,354,11,354,343,332,321,310,299,288
1,354,13,354,341,328,315,302,289,276
1,354,17,354,337,320,303,286,269,252
1,354,19,354,335,316,297,278,259,240
1,355,2,355,353,351,349,347,345,343
1,355,3,355,352,349,346,343,340,337
1,355,5,355,350,345,340,335,330,325
1,355,7,355,348,341,334,327,320,313
1,355,11,355,344,333,322,311,300,289
1,355,13,355,342,329,316,303,290,277
1,355,17,355,338,321,304,287,270,253
1,355,19,355,336,317,298,279,260,241
1,356,2,356,354,352,350,348,346,344
1,356,3,356,353,350,347,344,341,338
1,356,5,356,351,346,341,336,331,326
1,356,7,356,349,342,335,328,321,314
1,356,11,356,345,334,323,312,301,290
1,356,13,356,343,330,317,304,291,278
1,356,17,356,339,322,305,288,271,254
1,356,19,356,337,318,299,280,261,242
1,357,2,357,355,353,351,349,347,345
1,357,3,357,354,351,348,345,342,339
1,357,5,357,352,347,342,337,332,327
1,357,7,357,350,343,336,329,322,315
1,357,11,357,346,335,324,313,302,291
1,357,13,357,344,331,318,305,292,279
1,357,17,357,340,323,306,289,272,255
1,357,19,357,338,319,300,281,262,243
1,358,2,358,356,354,352,350,348,346
1,358,3,358,355,352,349,346,343,340
1,358,5,358,353,348,343,338,333,328
1,358,7,358,351,344,337,330,323,316
1,358,11,358,347,336,325,314,303,292
1,358,13,358,345,332,319,306,293,280
1,358,17,358,341,324,307,290,273,256
1,358,19,358,339,320,301,282,263,244
1,359,2,359,357,355,353,351,349,347
1,359,3,359,356,353,350,347,344,341
1,359,5,359,354,349,344,339,334,329
1,359,7,359,352,345,338,331,324,317
1,359,11,359,348,337,326,315,304,293
1,359,13,359,346,333,320,307,294,281
1,359,17,359,342,325,308,291,274,257
1,359,19,359,340,321,302,283,264,245
1,360,2,360,358,356,354,352,350,348
1,360,3,360,357,354,351,348,345,342
1,360,5,360,355,350,345,340,335,330
1,360,7,360,353,346,339,332,325,318
1,360,11,360,349,338,327,316,305,294
1,360,13,360,347,334,321,308,295,282
1,360,17,360,343,326,309,292,275,258
1,360,19,360,341,322,303,284,265,246
1,361,2,361,359,357,355,353,351,349
1,361,3,361,358,355,352,349,346,343
1,361,5,361,356,351,346,341,336,331
1,361,7,361,354,347,340,333,326,319
1,361,11,361,350,339,328,317,306,295
1,361,13,361,348,335,322,309,296,283
1,361,17,361,344,327,310,293,276,259
1,361,19,361,342,323,304,285,266,247
1,362,2,362,360,358,356,354,352,350
1,362,3,362,359,356,353,350,347,344
1,362,5,362,357,352,347,342,337,332
1,362,7,362,355,348,341,334,327,320
1,362,11,362,351,340,329,318,307,296
1,362,13,362,349,336,323,310,297,284
1,362,17,362,345,328,311,294,277,260
1,362,19,362,343,324,305,286,267,248
1,363,2,363,361,359,357,355,353,351
1,363,3,363,360,357,354,351,348,345
1,363,5,363,358,353,348,343,338,333
1,363,7,363,356,349,342,335,328,321
1,363,11,363,352,341,330,319,308,297
1,363,13,363,350,337,324,311,298,285
1,363,17,363,346,329,312,295,278,261
1,363,19,363,344,325,306,287,268,249
1,364,2,364,362,360,358,356,354,352
1,364,3,364,361,358,355,352,349,346
1,364,5,364,359,354,349,344,339,334
1,364,7,364,357,350,343,336,329,322
1,364,11,364,353,342,331,320,309,298
1,364,13,364,351,338,325,312,299,286
1,364,17,364,347,330,313,296,279,262
1,364,19,364,345,326,307,288,269,250
1,365,2,365,363,361,359,357,355,353
1,365,3,365,362,359,356,353,350,347
1,365,5,365,360,355,350,345,340,335
1,365,7,365,358,351,344,337,330,323
1,365,11,365,354,343,332,321,310,299
1,365,13,365,352,339,326,313,300,287
1,365,17,365,348,331,314,297,280,263
1,365,19,365,346,327,308,289,270,251
1,366,2,366,364,362,360,358,356,354
1,366,3,366,363,360,357,354,351,348
1,366,5,366,361,356,351,346,341,336
1,366,7,366,359,352,345,338,331,324
1,366,11,366,355,344,333,322,311,300
1,366,13,366,353,340,327,314,301,288
1,366,17,366,349,332,315,298,281,264
1,366,19,366,347,328,309,290,271,252
1,367,2,367,365,363,361,359,357,355
1,367,3,367,364,361,358,355,352,349
1,367,5,367,362,357,352,347,342,337
1,367,7,367,360,353,346,339,332,325
1,367,11,367,356,345,334,323,312,301
1,367,13,367,354,341,328,315,302,289
1,367,17,367,350,333,316,299,282,265
1,367,19,367,348,329,310,291,272,253
1,368,2,368,366,364,362,360,358,356
1,368,3,368,365,362,359,356,353,350
1,368,5,368,363,358,353,348,343,338
1,368,7,368,361,354,347,340,333,326
1,368,11,368,357,346,335,324,313,302
1,368,13,368,355,342,329,316,303,290
1,368,17,368,351,334,317,300,283,266
1,368,19,368,349,330,311,292,273,254
1,369,2,369,367,365,363,361,359,357
1,369,3,369,366,363,360,357,354,351
1,369,5,369,364,359,354,349,344,339
1,369,7,369,362,355,348,341,334,327
1,369,11,369,358,347,336,325,314,303
1,369,13,369,356,343,330,317,304,291
1,369,17,369,352,335,318,301,284,267
1,369,19,369,350,331,312,293,274,255
1,370,2,370,368,366,364,362,360,358
1,370,3,370,367,364,361,358,355,352
1,370,5,370,365,360,355,350,345,340
1,370,7,370,363,356,349,342,335,328
1,370,11,370,359,348,337,326,315,304
1,370,13,370,357,344,331,318,305,292
1,370,17,370,353,336,319,302,285,268
1,370,19,370,351,332,313,294,275,256
1,371,2,371,369,367,365,363,361,359
1,371,3,371,368,365,362,359,356,353
1,371,5,371,366,361,356,351,346,341
1,371,7,371,364,357,350,343,336,329
1,371,11,371,360,349,338,327,316,305
1,371,13,371,358,345,332,319,306,293
1,371,17,371,354,337,320,303,286,269
1,371,19,371,352,333,314,295,276,257
1,372,2,372,370,368,366,364,362,360
1,372,3,372,369,366,363,360,357,354
1,372,5,372,367,362,357,352,347,342
1,372,7,372,365,358,351,344,337,330
1,372,11,372,361,350,339,328,317,306
1,372,13,372,359,346,333,320,307,294
1,372,17,372,355,338,321,304,287,270
1,372,19,372,353,334,315,296,277,258
1,373,2,373,371,369,367,365,363,361
1,373,3,373,370,367,364,361,358,355
1,373,5,373,368,363,358,353,348,343
1,373,7,373,366,359,352,345,338,331
1,373,11,373,362,351,340,329,318,307
1,373,13,373,360,347,334,321,308,295
1,373,17,373,356,339,322,305,288,271
1,373,19,373,354,335,316,297,278,259
1,374,2,374,372,370,368,366,364,362
1,374,3,374,371,368,365,362,359,356
1,374,5,374,369,364,359,354,349,344
1,374,7,374,367,360,353,346,339,332
1,374,11,374,363,352,341,330,319,308
1,374,13,374,361,348,335,322,309,296
1,374,17,374,357,340,323,306,289,272
1,374,19,374,355,336,317,298,279,260
1,375,2,375,373,371,369,367,365,363
1,375,3,375,372,369,366,363,360,357
1,375,5,375,370,365,360,355,350,345
1,375,7,375,368,361,354,347,340,333
1,375,11,375,364,353,342,331,320,309
1,375,13,375,362,349,336,323,310,297
1,375,17,375,358,341,324,307,290,273
1,375,19,375,356,337,318,299,280,261
1,376,2,376,374,372,370,368,366,364
1,376,3,376,373,370,367,364,361,358
1,376,5,376,371,366,361,356,351,346
1,376,7,376,369,362,355,348,341,334
1,376,11,376,365,354,343,332,321,310
1,376,13,376,363,350,337,324,311,298
1,376,17,376,359,342,325,308,291,274
1,376,19,376,357,338,319,300,281,262
1,377,2,377,375,373,371,369,367,365
1,377,3,377,374,371,368,365,362,359
1,377,5,377,372,367,362,357,352,347
1,377,7,377,370,363,356,349,342,335
1,377,11,377,366,355,344,333,322,311
1,377,13,377,364,351,338,325,312,299
1,377,17,377,360,343,326,309,292,275
1,377,19,377,358,339,320,301,282,263
1,378,2,378,376,374,372,370,368,366
1,378,3,378,375,372,369,366,363,360
1,378,5,378,373,368,363,358,353,348
1,378,7,378,371,364,357,350,343,336
1,378,11,378,367,356,345,334,323,312
1,378,13,378,365,352,339,326,313,300
1,378,17,378,361,344,327,310,293,276
1,378,19,378,359,340,321,302,283,264
1,379,2,379,377,375,373,371,369,367
1,379,3,379,376,373,370,367,364,361
1,379,5,379,374,369,364,359,354,349
1,379,7,379,372,365,358,351,344,337
1,379,11,379,368,357,346,335,324,313
1,379,13,379,366,353,340,327,314,301
1,379,17,379,362,345,328,311,294,277
1,379,19,379,360,341,322,303,284,265
1,380,2,380,378,376,374,372,370,368
1,380,3,380,377,374,371,368,365,362
1,380,5,380,375,370,365,360,355,350
1,380,7,380,373,366,359,352,345,338
1,380,11,380,369,358,347,336,325,314
1,380,13,380,367,354,341,328,315,302
1,380,17,380,363,346,329,312,295,278
1,380,19,380,361,342,323,304,285,266
1,381,2,381,379,377,375,373,371,369
1,381,3,381,378,375,372,369,366,363
1,381,5,381,376,371,366,361,356,351
1,381,7,381,374,367,360,353,346,339
1,381,11,381,370,359,348,337,326,315
1,381,13,381,368,355,342,329,316,303
1,381,17,381,364,347,330,313,296,279
1,381,19,381,362,343,324,305,286,267
1,382,2,382,380,378,376,374,372,370
1,382,3,382,379,376,373,370,367,364
1,382,5,382,377,372,367,362,357,352
1,382,7,382,375,368,361,354,347,340
1,382,11,382,371,360,349,338,327,316
1,382,13,382,369,356,343,330,317,304
1,382,17,382,365,348,331,314,297,280
1,382,19,382,363,344,325,306,287,268
1,383,2,383,381,379,377,375,373,371
1,383,3,383,380,377,374,371,368,365
1,383,5,383,378,373,368,363,358,353
1,383,7,383,376,369,362,355,348,341
1,383,11,383,372,361,350,339,328,317
1,383,13,383,370,357,344,331,318,305
1,383,17,383,366,349,332,315,298,281
1,383,19,383,364,345,326,307,288,269
1,384,2,384,382,380,378,376,374,372
1,384,3,384,381,378,375,372,369,366
1,384,5,384,379,374,369,364,359,354
1,384,7,384,377,370,363,356,349,342
1,384,11,384,373,362,351,340,329,318
1,384,13,384,371,358,345,332,319,306
1,384,17,384,367,350,333,316,299,282
1,384,19,384,365,346,327,308,289,270
1,385,2,385,383,381,379,377,375,373
1,385,3,385,382,379,376,373,370,367
1,385,5,385,380,375,370,365,360,355
1,385,7,385,378,371,364,357,350,343
1,385,11,385,374,363,352,341,330,319
1,385,13,385,372,359,346,333,320,307
1,385,17,385,368,351,334,317,300,283
1,385,19,385,366,347,328,309,290,271
1,386,2,386,384,382,380,378,376,374
1,386,3,386,383,380,377,374,371,368
1,386,5,386,381,376,371,366,361,356
1,386,7,386,379,372,365,358,351,344
1,386,11,386,375,364,353,342,331,320
1,386,13,386,373,360,347,334,321,308
1,386,17,386,369,352,335,318,301,284
1,386,19,386,367,348,329,310,291,272
1,387,2,387,385,383,381,379,377,375
1,387,3,387,384,381,378,375,372,369
1,387,5,387,382,377,372,367,362,357
1,387,7,387,380,373,366,359,352,345
1,387,11,387,376,365,354,343,332,321
1,387,13,387,374,361,348,335,322,309
1,387,17,387,370,353,336,319,302,285
1,387,19,387,368,349,330,311,292,273
1,388,2,388,386,384,382,380,378,376
1,388,3,388,385,382,379,376,373,370
1,388,5,388,383,378,373,368,363,358
1,388,7,388,381,374,367,360,353,346
1,388,11,388,377,366,355,344,333,322
1,388,13,388,375,362,349,336,323,310
1,388,17,388,371,354,337,320,303,286
1,388,19,388,369,350,331,312,293,274
1,389,2,389,387,385,383,381,379,377
1,389,3,389,386,383,380,377,374,371
1,389,5,389,384,379,374,369,364,359
1,389,7,389,382,375,368,361,354,347
1,389,11,389,378,367,356,345,334,323
1,389,13,389,376,363,350,337,324,311
1,389,17,389,372,355,338,321,304,287
1,389,19,389,370,351,332,313,294,275
1,390,2,390,388,386,384,382,380,378
1,390,3,390,387,384,381,378,375,372
1,390,5,390,385,380,375,370,365,360
1,390,7,390,383,376,369,362,355,348
1,390,11,390,379,368,357,346,335,324
1,390,13,390,377,364,351,338,325,312
1,390,17,390,373,356,339,322,305,288
1,390,19,390,371,352,333,314,295,276
1,391,2,391,389,387,385,383,381,379
1,391,3,391,388,385,382,379,376,373
1,391,5,391,386,381,376,371,366,361
1,391,7,391,384,377,370,363,356,349
1,391,11,391,380,369,358,347,336,325
1,391,13,391,378,365,352,339,326,313
1,391,17,391,374,357,340,323,306,289
1,391,19,391,372,353,334,315,296,277
1,392,2,392,390,388,386,384,382,380
1,392,3,392,389,386,383,380,377,374
1,392,5,392,387,382,377,372,367,362
1,392,7,392,385,378,371,364,357,350
1,392,11,392,381,370,359,348,337,326
1,392,13,392,379,366,353,340,327,314
1,392,17,392,375,358,341,324,307,290
1,392,19,392,373,354,335,316,297,278
1,393,2,393,391,389,387,385,383,381
1,393,3,393,390,387,384,381,378,375
1,393,5,393,388,383,378,373,368,363
1,393,7,393,386,379,372,365,358,351
1,393,11,393,382,371,360,349,338,327
1,393,13,393,380,367,354,341,328,315
1,393,17,393,376,359,342,325,308,291
1,393,19,393,374,355,336,317,298,279
1,394,2,394,392,390,388,386,384,382
1,394,3,394,391,388,385,382,379,376
1,394,5,394,389,384,379,374,369,364
1,394,7,394,387,380,373,366,359,352
1,394,11,394,383,372,361,350,339,328
1,394,13,394,381,368,355,342,329,316
1,394,17,394,377,360,343,326,309,292
1,394,19,394,375,356,337,318,299,280
1,395,2,395,393,391,389,387,385,383
1,395,3,395,392,389,386,383,380,377
1,395,5,395,390,385,380,375,370,365
1,395,7,395,388,381,374,367,360,353
1,395,11,395,384,373,362,351,340,329
1,395,13,395,382,369,356,343,330,317
1,395,17,395,378,361,344,327,310,293
1,395,19,395,376,357,338,319,300,281
1,396,2,396,394,392,390,388,386,384
1,396,3,396,393,390,387,384,381,378
1,396,5,396,391,386,381,376,371,366
1,396,7,396,389,382,375,368,361,354
1,396,11,396,385,374,363,352,341,330
1,396,13,396,383,370,357,344,331,318
1,396,17,396,379,362,345,328,311,294
1,396,19,396,377,358,339,320,301,282
1,397,2,397,395,393,391,389,387,385
1,397,3,397,394,391,388,385,382,379
1,397,5,397,392,387,382,377,372,367
1,397,7,397,390,383,376,369,362,355
1,397,11,397,386,375,364,353,342,331
1,397,13,397,384,371,358,345,332,319
1,397,17,397,380,363,346,329,312,295
1,397,19,397,378,359,340,321,302,283
1,398,2,398,396,394,392,390,388,386
1,398,3,398,395,392,389,386,383,380
1,398,5,398,393,388,383,378,373,368
1,398,7,398,391,384,377,370,363,356
1,398,11,398,387,376,365,354,343,332
1,398,13,398,385,372,359,346,333,320
1,398,17,398,381,364,347,330,313,296
1,398,19,398,379,360,341,322,303,284
1,399,2,399,397,395,393,391,389,387
1,399,3,399,396,393,390,387,384,381
1,399,5,399,394,389,384,379,374,369
1,399,7,399,392,385,378,371,364,357
1,399,11,399,388,377,366,355,344,333
1,399,13,399,386,373,360,347,334,321
1,399,17,399,382,365,348,331,314,297
1,399,19,399,380,361,342,323,304,285
1,400,2,400,398,396,394,392,390,388
1,400,3,400,397,394,391,388,385,382
1,400,5,400,395,390,385,380,375,370
1,400,7,400,393,386,379,372,365,358
1,400,11,400,389,378,367,356,345,334
1,400,13,400,387,374,361,348,335,322
1,400,17,400,383,366,349,332,315,298
1,400,19,400,381,362,343,324,305,286
1,401,2,401,399,397,395,393,391,389
1,401,3,401,398,395,392,389,386,383
1,401,5,401,396,391,386,381,376,371
1,401,7,401,394,387,380,373,366,359
1,401,11,401,390,379,368,357,346,335
1,401,13,401,388,375,362,349,336,323
1,401,17,401,384,367,350,333,316,299
1,401,19,401,382,363,344,325,306,287
1,402,2,402,400,398,396,394,392,390
1,402,3,402,399,396,393,390,387,384
1,402,5,402,397,392,387,382,377,372
1,402,7,402,395,388,381,374,367,360
1,402,11,402,391,380,369,358,347,336
1,402,13,402,389,376,363,350,337,324
1,402,17,402,385,368,351,334,317,300
1,402,19,402,383,364,345,326,307,288
1,403,2,403,401,399,397,395,393,391
1,403,3,403,400,397,394,391,388,385
1,403,5,403,398,393,388,383,378,373
1,403,7,403,396,389,382,375,368,361
1,403,11,403,392,381,370,359,348,337
1,403,13,403,390,377,364,351,338,325
1,403,17,403,386,369,352,335,318,301
1,403,19,403,384,365,346,327,308,289
1,404,2,404,402,400,398,396,394,392
1,404,3,404,401,398,395,392,389,386
1,404,5,404,399,394,389,384,379,374
1,404,7,404,397,390,383,376,369,362
1,404,11,404,393,382,371,360,349,338
1,404,13,404,391,378,365,352,339,326
1,404,17,404,387,370,353,336,319,302
1,404,19,404,385,366,347,328,309,290
1,405,2,405,403,401,399,397,395,393
1,405,3,405,402,399,396,393,390,387
1,405,5,405,400,395,390,385,380,375
1,405,7,405,398,391,384,377,370,363
1,405,11,405,394,383,372,361,350,339
1,405,13,405,392,379,366,353,340,327
1,405,17,405,388,371,354,337,320,303
1,405,19,405,386,367,348,329,310,291
1,406,2,406,404,402,400,398,396,394
1,406,3,406,403,400,397,394,391,388
1,406,5,406,401,396,391,386,381,376
1,406,7,406,399,392,385,378,371,364
1,406,11,406,395,384,373,362,351,340
1,406,13,406,393,380,367,354,341,328
1,406,17,406,389,372,355,338,321,304
1,406,19,406,387,368,349,330,311,292
1,407,2,407,405,403,401,399,397,395
1,407,3,407,404,401,398,395,392,389
1,407,5,407,402,397,392,387,382,377
1,407,7,407,400,393,386,379,372,365
1,407,11,407,396,385,374,363,352,341
1,407,13,407,394,381,368,355,342,329
1,407,17,407,390,373,356,339,322,305
1,407,19,407,388,369,350,331,312,293
1,408,2,408,406,404,402,400,398,396
1,408,3,408,405,402,399,396,393,390
1,408,5,408,403,398,393,388,383,378
1,408,7,408,401,394,387,380,373,366
1,408,11,408,397,386,375,364,353,342
1,408,13,408,395,382,369,356,343,330
1,408,17,408,391,374,357,340,323,306
1,408,19,408,389,370,351,332,313,294
1,409,2,409,407,405,403,401,399,397
1,409,3,409,406,403,400,397,394,391
1,409,5,409,404,399,394,389,384,379
1,409,7,409,402,395,388,381,374,367
1,409,11,409,398,387,376,365,354,343
1,409,13,409,396,383,370,357,344,331
1,409,17,409,392,375,358,341,324,307
1,409,19,409,390,371,352,333,314,295
1,410,2,410,408,406,404,402,400,398
1,410,3,410,407,404,401,398,395,392
1,410,5,410,405,400,395,390,385,380
1,410,7,410,403,396,389,382,375,368
1,410,11,410,399,388,377,366,355,344
1,410,13,410,397,384,371,358,345,332
1,410,17,410,393,376,359,342,325,308
1,410,19,410,391,372,353,334,315,296
1,411,2,411,409,407,405,403,401,399
1,411,3,411,408,405,402,399,396,393
1,411,5,411,406,401,396,391,386,381
1,411,7,411,404,397,390,383,376,369
1,411,11,411,400,389,378,367,356,345
1,411,13,411,398,385,372,359,346,333
1,411,17,411,394,377,360,343,326,309
1,411,19,411,392,373,354,335,316,297
1,412,2,412,410,408,406,404,402,400
1,412,3,412,409,406,403,400,397,394
1,412,5,412,407,402,397,392,387,382
1,412,7,412,405,398,391,384,377,370
1,412,11,412,401,390,379,368,357,346
1,412,13,412,399,386,373,360,347,334
1,412,17,412,395,378,361,344,327,310
1,412,19,412,393,374,355,336,317,298
1,413,2,413,411,409,407,405,403,401
1,413,3,413,410,407,404,401,398,395
1,413,5,413,408,403,398,393,388,383
1,413,7,413,406,399,392,385,378,371
1,413,11,413,402,391,380,369,358,347
1,413,13,413,400,387,374,361,348,335
1,413,17,413,396,379,362,345,328,311
1,413,19,413,394,375,356,337,318,299
1,414,2,414,412,410,408,406,404,402
1,414,3,414,411,408,405,402,399,396
1,414,5,414,409,404,399,394,389,384
1,414,7,414,407,400,393,386,379,372
1,414,11,414,403,392,381,370,359,348
1,414,13,414,401,388,375,362,349,336
1,414,17,414,397,380,363,346,329,312
1,414,19,414,395,376,357,338,319,300
1,415,2,415,413,411,409,407,405,403
1,415,3,415,412,409,406,403,400,397
1,415,5,415,410,405,400,395,390,385
1,415,7,415,408,401,394,387,380,373
1,415,11,415,404,393,382,371,360,349
1,415,13,415,402,389,376,363,350,337
1,415,17,415,398,381,364,347,330,313
1,415,19,415,396,377,358,339,320,301
1,416,2,416,414,412,410,408,406,404
1,416,3,416,413,410,407,404,401,398
1,416,5,416,411,406,401,396,391,386
1,416,7,416,409,402,395,388,381,374
1,416,11,416,405,394,383,372,361,350
1,416,13,416,403,390,377,364,351,338
1,416,17,416,399,382,365,348,331,314
1,416,19,416,397,378,359,340,321,302
1,417,2,417,415,413,411,409,407,405
1,417,3,417,414,411,408,405,402,399
1,417,5,417,412,407,402,397,392,387
1,417,7,417,410,403,396,389,382,375
1,417,11,417,406,395,384,373,362,351
1,417,13,417,404,391,378,365,352,339
1,417,17,417,400,383,366,349,332,315
1,417,19,417,398,379,360,341,322,303
1,418,2,418,416,414,412,410,408,406
1,418,3,418,415,412,409,406,403,400
1,418,5,418,413,408,403,398,393,388
1,418,7,418,411,404,397,390,383,376
1,418,11,418,407,396,385,374,363,352
1,418,13,418,405,392,379,366,353,340
1,418,17,418,401,384,367,350,333,316
1,418,19,418,399,380,361,342,323,304
1,419,2,419,417,415,413,411,409,407
1,419,3,419,416,413,410,407,404,401
1,419,5,419,414,409,404,399,394,389
1,419,7,419,412,405,398,391,384,377
1,419,11,419,408,397,386,375,364,353
1,419,13,419,406,393,380,367,354,341
1,419,17,419,402,385,368,351,334,317
1,419,19,419,400,381,362,343,324,305
1,420,2,420,418,416,414,412,410,408
1,420,3,420,417,414,411,408,405,402
1,420,5,420,415,410,405,400,395,390
1,420,7,420,413,406,399,392,385,378
1,420,11,420,409,398,387,376,365,354
1,420,13,420,407,394,381,368,355,342
1,420,17,420,403,386,369,352,335,318
1,420,19,420,401,382,363,344,325,306
1,421,2,421,419,417,415,413,411,409
1,421,3,421,418,415,412,409,406,403
1,421,5,421,416,411,406,401,396,391
1,421,7,421,414,407,400,393,386,379
1,421,11,421,410,399,388,377,366,355
1,421,13,421,408,395,382,369,356,343
1,421,17,421,404,387,370,353,336,319
1,421,19,421,402,383,364,345,326,307
1,422,2,422,420,418,416,414,412,410
1,422,3,422,419,416,413,410,407,404
1,422,5,422,417,412,407,402,397,392
1,422,7,422,415,408,401,394,387,380
1,422,11,422,411,400,389,378,367,356
1,422,13,422,409,396,383,370,357,344
1,422,17,422,405,388,371,354,337,320
1,422,19,422,403,384,365,346,327,308
1,423,2,423,421,419,417,415,413,411
1,423,3,423,420,417,414,411,408,405
1,423,5,423,418,413,408,403,398,393
1,423,7,423,416,409,402,395,388,381
1,423,11,423,412,401,390,379,368,357
1,423,13,423,410,397,384,371,358,345
1,423,17,423,406,389,372,355,338,321
1,423,19,423,404,385,366,347,328,309
1,424,2,424,422,420,418,416,414,412
1,424,3,424,421,418,415,412,409,406
1,424,5,424,419,414,409,404,399,394
1,424,7,424,417,410,403,396,389,382
1,424,11,424,413,402,391,380,369,358
1,424,13,424,411,398,385,372,359,346
1,424,17,424,407,390,373,356,339,322
1,424,19,424,405,386,367,348,329,310
1,425,2,425,423,421,419,417,415,413
1,425,3,425,422,419,416,413,410,407
1,425,5,425,420,415,410,405,400,395
1,425,7,425,418,411,404,397,390,383
1,425,11,425,414,403,392,381,370,359
1,425,13,425,412,399,386,373,360,347
1,425,17,425,408,391,374,357,340,323
1,425,19,425,406,387,368,349,330,311
1,426,2,426,424,422,420,418,416,414
1,426,3,426,423,420,417,414,411,408
1,426,5,426,421,416,411,406,401,396
1,426,7,426,419,412,405,398,391,384
1,426,11,426,415,404,393,382,371,360
1,426,13,426,413,400,387,374,361,348
1,426,17,426,409,392,375,358,341,324
1,426,19,426,407,388,369,350,331,312
1,427,2,427,425,423,421,419,417,415
1,427,3,427,424,421,418,415,412,409
1,427,5,427,422,417,412,407,402,397
1,427,7,427,420,413,406,399,392,385
1,427,11,427,416,405,394,383,372,361
1,427,13,427,414,401,388,375,362,349
1,427,17,427,410,393,376,359,342,325
1,427,19,427,408,389,370,351,332,313
1,428,2,428,426,424,422,420,418,416
1,428,3,428,425,422,419,416,413,410
1,428,5,428,423,418,413,408,403,398
1,428,7,428,421,414,407,400,393,386
1,428,11,428,417,406,395,384,373,362
1,428,13,428,415,402,389,376,363,350
1,428,17,428,411,394,377,360,343,326
1,428,19,428,409,390,371,352,333,314
1,429,2,429,427,425,423,421,419,417
1,429,3,429,426,423,420,417,414,411
1,429,5,429,424,419,414,409,404,399
1,429,7,429,422,415,408,401,394,387
1,429,11,429,418,407,396,385,374,363
1,429,13,429,416,403,390,377,364,351
1,429,17,429,412,395,378,361,344,327
1,429,19,429,410,391,372,353,334,315
1,430,2,430,428,426,424,422,420,418
1,430,3,430,427,424,421,418,415,412
1,430,5,430,425,420,415,410,405,400
1,430,7,430,423,416,409,402,395,388
1,430,11,430,419,408,397,386,375,364
1,430,13,430,417,404,391,378,365,352
1,430,17,430,413,396,379,362,345,328
1,430,19,430,411,392,373,354,335,316
1,431,2,431,429,427,425,423,421,419
1,431,3,431,428,425,422,419,416,413
1,431,5,431,426,421,416,411,406,401
1,431,7,431,424,417,410,403,396,389
1,431,11,431,420,409,398,387,376,365
1,431,13,431,418,405,392,379,366,353
1,431,17,431,414,397,380,363,346,329
1,431,19,431,412,393,374,355,336,317
1,432,2,432,430,428,426,424,422,420
1,432,3,432,429,426,423,420,417,414
1,432,5,432,427,422,417,412,407,402
1,432,7,432,425,418,411,404,397,390
1,432,11,432,421,410,399,388,377,366
1,432,13,432,419,406,393,380,367,354
1,432,17,432,415,398,381,364,347,330
1,432,19,432,413,394,375,356,337,318
1,433,2,433,431,429,427,425,423,421
1,433,3,433,430,427,424,421,418,415
1,433,5,433,428,423,418,413,408,403
1,433,7,433,426,419,412,405,398,391
1,433,11,433,422,411,400,389,378,367
1,433,13,433,420,407,394,381,368,355
1,433,17,433,416,399,382,365,348,331
1,433,19,433,414,395,376,357,338,319
1,434,2,434,432,430,428,426,424,422
1,434,3,434,431,428,425,422,419,416
1,434,5,434,429,424,419,414,409,404
1,434,7,434,427,420,413,406,399,392
1,434,11,434,423,412,401,390,379,368
1,434,13,434,421,408,395,382,369,356
1,434,17,434,417,400,383,366,349,332
1,434,19,434,415,396,377,358,339,320
1,435,2,435,433,431,429,427,425,423
1,435,3,435,432,429,426,423,420,417
1,435,5,435,430,425,420,415,410,405
1,435,7,435,428,421,414,407,400,393
1,435,11,435,424,413,402,391,380,369
1,435,13,435,422,409,396,383,370,357
1,435,17,435,418,401,384,367,350,333
1,435,19,435,416,397,378,359,340,321
1,436,2,436,434,432,430,428,426,424
1,436,3,436,433,430,427,424,421,418
1,436,5,436,431,426,421,416,411,406
1,436,7,436,429,422,415,408,401,394
1,436,11,436,425,414,403,392,381,370
1,436,13,436,423,410,397,384,371,358
1,436,17,436,419,402,385,368,351,334
1,436,19,436,417,398,379,360,341,322
1,437,2,437,435,433,431,429,427,425
1,437,3,437,434,431,428,425,422,419
1,437,5,437,432,427,422,417,412,407
1,437,7,437,430,423,416,409,402,395
1,437,11,437,426,415,404,393,382,371
1,437,13,437,424,411,398,385,372,359
1,437,17,437,420,403,386,369,352,335
1,437,19,437,418,399,380,361,342,323
1,438,2,438,436,434,432,430,428,426
1,438,3,438,435,432,429,426,423,420
1,438,5,438,433,428,423,418,413,408
1,438,7,438,431,424,417,410,403,396
1,438,11,438,427,416,405,394,383,372
1,438,13,438,425,412,399,386,373,360
1,438,17,438,421,404,387,370,353,336
1,438,19,438,419,400,381,362,343,324
1,439,2,439,437,435,433,431,429,427
1,439,3,439,436,433,430,427,424,421
1,439,5,439,434,429,424,419,414,409
1,439,7,439,432,425,418,411,404,397
1,439,11,439,428,417,406,395,384,373
1,439,13,439,426,413,400,387,374,361
1,439,17,439,422,405,388,371,354,337
1,439,19,439,420,401,382,363,344,325
1,440,2,440,438,436,434,432,430,428
1,440,3,440,437,434,431,428,425,422
1,440,5,440,435,430,425,420,415,410
1,440,7,440,433,426,419,412,405,398
1,440,11,440,429,418,407,396,385,374
1,440,13,440,427,414,401,388,375,362
1,440,17,440,423,406,389,372,355,338
1,440,19,440,421,402,383,364,345,326
1,441,2,441,439,437,435,433,431,429
1,441,3,441,438,435,432,429,426,423
1,441,5,441,436,431,426,421,416,411
1,441,7,441,434,427,420,413,406,399
1,441,11,441,430,419,408,397,386,375
1,441,13,441,428,415,402,389,376,363
1,441,17,441,424,407,390,373,356,339
1,441,19,441,422,403,384,365,346,327
1,442,2,442,440,438,436,434,432,430
1,442,3,442,439,436,433,430,427,424
1,442,5,442,437,432,427,422,417,412
1,442,7,442,435,428,421,414,407,400
1,442,11,442,431,420,409,398,387,376
1,442,13,442,429,416,403,390,377,364
1,442,17,442,425,408,391,374,357,340
1,442,19,442,423,404,385,366,347,328
1,443,2,443,441,439,437,435,433,431
1,443,3,443,440,437,434,431,428,425
1,443,5,443,438,433,428,423,418,413
1,443,7,443,436,429,422,415,408,401
1,443,11,443,432,421,410,399,388,377
1,443,13,443,430,417,404,391,378,365
1,443,17,443,426,409,392,375,358,341
1,443,19,443,424,405,386,367,348,329
1,444,2,444,442,440,438,436,434,432
1,444,3,444,441,438,435,432,429,426
1,444,5,444,439,434,429,424,419,414
1,444,7,444,437,430,423,416,409,402
1,444,11,444,433,422,411,400,389,378
1,444,13,444,431,418,405,392,379,366
1,444,17,444,427,410,393,376,359,342
1,444,19,444,425,406,387,368,349,330
1,445,2,445,443,441,439,437,435,433
1,445,3,445,442,439,436,433,430,427
1,445,5,445,440,435,430,425,420,415
1,445,7,445,438,431,424,417,410,403
1,445,11,445,434,423,412,401,390,379
1,445,13,445,432,419,406,393,380,367
1,445,17,445,428,411,394,377,360,343
1,445,19,445,426,407,388,369,350,331
1,446,2,446,444,442,440,438,436,434
1,446,3,446,443,440,437,434,431,428
1,446,5,446,441,436,431,426,421,416
1,446,7,446,439,432,425,418,411,404
1,446,11,446,435,424,413,402,391,380
1,446,13,446,433,420,407,394,381,368
1,446,17,446,429,412,395,378,361,344
1,446,19,446,427,408,389,370,351,332
1,447,2,447,445,443,441,439,437,435
1,447,3,447,444,441,438,435,432,429
1,447,5,447,442,437,432,427,422,417
1,447,7,447,440,433,426,419,412,405
1,447,11,447,436,425,414,403,392,381
1,447,13,447,434,421,408,395,382,369
1,447,17,447,430,413,396,379,362,345
1,447,19,447,428,409,390,371,352,333
1,448,2,448,446,444,442,440,438,436
1,448,3,448,445,442,439,436,433,430
1,448,5,448,443,438,433,428,423,418
1,448,7,448,441,434,427,420,413,406
1,448,11,448,437,426,415,404,393,382
1,448,13,448,435,422,409,396,383,370
1,448,17,448,431,414,397,380,363,346
1,448,19,448,429,410,391,372,353,334
1,449,2,449,447,445,443,441,439,437
1,449,3,449,446,443,440,437,434,431
1,449,5,449,444,439,434,429,424,419
1,449,7,449,442,435,428,421,414,407
1,449,11,449,438,427,416,405,394,383
1,449,13,449,436,423,410,397,384,371
1,449,17,449,432,415,398,381,364,347
1,449,19,449,430,411,392,373,354,335
1,450,2,450,448,446,444,442,440,438
1,450,3,450,447,444,441,438,435,432
1,450,5,450,445,440,435,430,425,420
1,450,7,450,443,436,429,422,415,408
1,450,11,450,439,428,417,406,395,384
1,450,13,450,437,424,411,398,385,372
1,450,17,450,433,416,399,382,365,348
1,450,19,450,431,412,393,374,355,336
1,451,2,451,449,447,445,443,441,439
1,451,3,451,448,445,442,439,436,433
1,451,5,451,446,441,436,431,426,421
1,451,7,451,444,437,430,423,416,409
1,451,11,451,440,429,418,407,396,385
1,451,13,451,438,425,412,399,386,373
1,451,17,451,434,417,400,383,366,349
1,451,19,451,432,413,394,375,356,337
1,452,2,452,450,448,446,444,442,440
1,452,3,452,449,446,443,440,437,434
1,452,5,452,447,442,437,432,427,422
1,452,7,452,445,438,431,424,417,410
1,452,11,452,441,430,419,408,397,386
1,452,13,452,439,426,413,400,387,374
1,452,17,452,435,418,401,384,367,350
1,452,19,452,433,414,395,376,357,338
1,453,2,453,451,449,447,445,443,441
1,453,3,453,450,447,444,441,438,435
1,453,5,453,448,443,438,433,428,423
1,453,7,453,446,439,432,425,418,411
1,453,11,453,442,431,420,409,398,387
1,453,13,453,440,427,414,401,388,375
1,453,17,453,436,419,402,385,368,351
1,453,19,453,434,415,396,377,358,339
1,454,2,454,452,450,448,446,444,442
1,454,3,454,451,448,445,442,439,436
1,454,5,454,449,444,439,434,429,424
1,454,7,454,447,440,433,426,419,412
1,454,11,454,443,432,421,410,399,388
1,454,13,454,441,428,415,402,389,376
1,454,17,454,437,420,403,386,369,352
1,454,19,454,435,416,397,378,359,340
1,455,2,455,453,451,449,447,445,443
1,455,3,455,452,449,446,443,440,437
1,455,5,455,450,445,440,435,430,425
1,455,7,455,448,441,434,427,420,413
1,455,11,455,444,433,422,411,400,389
1,455,13,455,442,429,416,403,390,377
1,455,17,455,438,421,404,387,370,353
1,455,19,455,436,417,398,379,360,341
1,456,2,456,454,452,450,448,446,444
1,456,3,456,453,450,447,444,441,438
1,456,5,456,451,446,441,436,431,426
1,456,7,456,449,442,435,428,421,414
1,456,11,456,445,434,423,412,401,390
1,456,13,456,443,430,417,404,391,378
1,456,17,456,439,422,405,388,371,354
1,456,19,456,437,418,399,380,361,342
1,457,2,457,455,453,451,449,447,445
1,457,3,457,454,451,448,445,442,439
1,457,5,457,452,447,442,437,432,427
1,457,7,457,450,443,436,429,422,415
1,457,11,457,446,435,424,413,402,391
1,457,13,457,444,431,418,405,392,379
1,457,17,457,440,423,406,389,372,355
1,457,19,457,438,419,400,381,362,343
1,458,2,458,456,454,452,450,448,446
1,458,3,458,455,452,449,446,443,440
1,458,5,458,453,448,443,438,433,428
1,458,7,458,451,444,437,430,423,416
1,458,11,458,447,436,425,414,403,392
1,458,13,458,445,432,419,406,393,380
1,458,17,458,441,424,407,390,373,356
1,458,19,458,439,420,401,382,363,344
1,459,2,459,457,455,453,451,449,447
1,459,3,459,456,453,450,447,444,441
1,459,5,459,454,449,444,439,434,429
1,459,7,459,452,445,438,431,424,417
1,459,11,459,448,437,426,415,404,393
1,459,13,459,446,433,420,407,394,381
1,459,17,459,442,425,408,391,374,357
1,459,19,459,440,421,402,383,364,345
1,460,2,460,458,456,454,452,450,448
1,460,3,460,457,454,451,448,445,442
1,460,5,460,455,450,445,440,435,430
1,460,7,460,453,446,439,432,425,418
1,460,11,460,449,438,427,416,405,394
1,460,13,460,447,434,421,408,395,382
1,460,17,460,443,426,409,392,375,358
1,460,19,460,441,422,403,384,365,346
1,461,2,461,459,457,455,453,451,449
1,461,3,461,458,455,452,449,446,443
1,461,5,461,456,451,446,441,436,431
1,461,7,461,454,447,440,433,426,419
1,461,11,461,450,439,428,417,406,395
1,461,13,461,448,435,422,409,396,383
1,461,17,461,444,427,410,393,376,359
1,461,19,461,442,423,404,385,366,347
1,462,2,462,460,458,456,454,452,450
1,462,3,462,459,456,453,450,447,444
1,462,5,462,457,452,447,442,437,432
1,462,7,462,455,448,441,434,427,420
1,462,11,462,451,440,429,418,407,396
1,462,13,462,449,436,423,410,397,384
1,462,17,462,445,428,411,394,377,360
1,462,19,462,443,424,405,386,367,348
1,463,2,463,461,459,457,455,453,451
1,463,3,463,460,457,454,451,448,445
1,463,5,463,458,453,448,443,438,433
1,463,7,463,456,449,442,435,428,421
1,463,11,463,452,441,430,419,408,397
1,463,13,463,450,437,424,411,398,385
1,463,17,463,446,429,412,395,378,361
1,463,19,463,444,425,406,387,368,349
1,464,2,464,462,460,458,456,454,452
1,464,3,464,461,458,455,452,449,446
1,464,5,464,459,454,449,444,439,434
1,464,7,464,457,450,443,436,429,422
1,464,11,464,453,442,431,420,409,398
1,464,13,464,451,438,425,412,399,386
1,464,17,464,447,430,413,396,379,362
1,464,19,464,445,426,407,388,369,350
1,465,2,465,463,461,459,457,455,453
1,465,3,465,462,459,456,453,450,447
1,465,5,465,460,455,450,445,440,435
1,465,7,465,458,451,444,437,430,423
1,465,11,465,454,443,432,421,410,399
1,465,13,465,452,439,426,413,400,387
1,465,17,465,448,431,414,397,380,363
1,465,19,465,446,427,408,389,370,351
1,466,2,466,464,462,460,458,456,454
1,466,3,466,463,460,457,454,451,448
1,466,5,466,461,456,451,446,441,436
1,466,7,466,459,452,445,438,431,424
1,466,11,466,455,444,433,422,411,400
1,466,13,466,453,440,427,414,401,388
1,466,17,466,449,432,415,398,381,364
1,466,19,466,447,428,409,390,371,352
1,467,2,467,465,463,461,459,457,455
1,467,3,467,464,461,458,455,452,449
1,467,5,467,462,457,452,447,442,437
1,467,7,467,460,453,446,439,432,425
1,467,11,467,456,445,434,423,412,401
1,467,13,467,454,441,428,415,402,389
1,467,17,467,450,433,416,399,382,365
1,467,19,467,448,429,410,391,372,353
1,468,2,468,466,464,462,460,458,456
1,468,3,468,465,462,459,456,453,450
1,468,5,468,463,458,453,448,443,438
1,468,7,468,461,454,447,440,433,426
1,468,11,468,457,446,435,424,413,402
1,468,13,468,455,442,429,416,403,390
1,468,17,468,451,434,417,400,383,366
1,468,19,468,449,430,411,392,373,354
1,469,2,469,467,465,463,461,459,457
1,469,3,469,466,463,460,457,454,451
1,469,5,469,464,459,454,449,444,439
1,469,7,469,462,455,448,441,434,427
1,469,11,469,458,447,436,425,414,403
1,469,13,469,456,443,430,417,404,391
1,469,17,469,452,435,418,401,384,367
1,469,19,469,450,431,412,393,374,355
1,470,2,470,468,466,464,462,460,458
1,470,3,470,467,464,461,458,455,452
1,470,5,470,465,460,455,450,445,440
1,470,7,470,463,456,449,442,435,428
1,470,11,470,459,448,437,426,415,404
1,470,13,470,457,444,431,418,405,392
1,470,17,470,453,436,419,402,385,368
1,470,19,470,451,432,413,394,375,356
1,471,2,471,469,467,465,463,461,459
1,471,3,471,468,465,462,459,456,453
1,471,5,471,466,461,456,451,446,441
1,471,7,471,464,457,450,443,436,429
1,471,11,471,460,449,438,427,416,405
1,471,13,471,458,445,432,419,406,393
1,471,17,471,454,437,420,403,386,369
1,471,19,471,452,433,414,395,376,357
1,472,2,472,470,468,466,464,462,460
1,472,3,472,469,466,463,460,457,454
1,472,5,472,467,462,457,452,447,442
1,472,7,472,465,458,451,444,437,430
1,472,11,472,461,450,439,428,417,406
1,472,13,472,459,446,433,420,407,394
1,472,17,472,455,438,421,404,387,370
1,472,19,472,453,434,415,396,377,358
1,473,2,473,471,469,467,465,463,461
1,473,3,473,470,467,464,461,458,455
1,473,5,473,468,463,458,453,448,443
1,473,7,473,466,459,452,445,438,431
1,473,11,473,462,451,440,429,418,407
1,473,13,473,460,447,434,421,408,395
1,473,17,473,456,439,422,405,388,371
1,473,19,473,454,435,416,397,378,359
1,474,2,474,472,470,468,466,464,462
1,474,3,474,471,468,465,462,459,456
1,474,5,474,469,464,459,454,449,444
1,474,7,474,467,460,453,446,439,432
1,474,11,474,463,452,441,430,419,408
1,474,13,474,461,448,435,422,409,396
1,474,17,474,457,440,423,406,389,372
1,474,19,474,455,436,417,398,379,360
1,475,2,475,473,471,469,467,465,463
1,475,3,475,472,469,466,463,460,457
1,475,5,475,470,465,460,455,450,445
1,475,7,475,468,461,454,447,440,433
1,475,11,475,464,453,442,431,420,409
1,475,13,475,462,449,436,423,410,397
1,475,17,475,458,441,424,407,390,373
1,475,19,475,456,437,418,399,380,361
1,476,2,476,474,472,470,468,466,464
1,476,3,476,473,470,467,464,461,458
1,476,5,476,471,466,461,456,451,446
1,476,7,476,469,462,455,448,441,434
1,476,11,476,465,454,443,432,421,410
1,476,13,476,463,450,437,424,411,398
1,476,17,476,459,442,425,408,391,374
1,476,19,476,457,438,419,400,381,362
1,477,2,477,475,473,471,469,467,465
1,477,3,477,474,471,468,465,462,459
1,477,5,477,472,467,462,457,452,447
1,477,7,477,470,463,456,449,442,435
1,477,11,477,466,455,444,433,422,411
1,477,13,477,464,451,438,425,412,399
1,477,17,477,460,443,426,409,392,375
1,477,19,477,458,439,420,401,382,363
1,478,2,478,476,474,472,470,468,466
1,478,3,478,475,472,469,466,463,460
1,478,5,478,473,468,463,458,453,448
1,478,7,478,471,464,457,450,443,436
1,478,11,478,467,456,445,434,423,412
1,478,13,478,465,452,439,426,413,400
1,478,17,478,461,444,427,410,393,376
1,478,19,478,459,440,421,402,383,364
1,479,2,479,477,475,473,471,469,467
1,479,3,479,476,473,470,467,464,461
1,479,5,479,474,469,464,459,454,449
1,479,7,479,472,465,458,451,444,437
1,479,11,479,468,457,446,435,424,413
1,479,13,479,466,453,440,427,414,401
1,479,17,479,462,445,428,411,394,377
1,479,19,479,460,441,422,403,384,365
1,480,2,480,478,476,474,472,470,468
1,480,3,480,477,474,471,468,465,462
1,480,5,480,475,470,465,460,455,450
1,480,7,480,473,466,459,452,445,438
1,480,11,480,469,458,447,436,425,414
1,480,13,480,467,454,441,428,415,402
1,480,17,480,463,446,429,412,395,378
1,480,19,480,461,442,423,404,385,366
1,481,2,481,479,477,475,473,471,469
1,481,3,481,478,475,472,469,466,463
1,481,5,481,476,471,466,461,456,451
1,481,7,481,474,467,460,453,446,439
1,481,11,481,470,459,448,437,426,415
1,481,13,481,468,455,442,429,416,403
1,481,17,481,464,447,430,413,396,379
1,481,19,481,462,443,424,405,386,367
1,482,2,482,480,478,476,474,472,470
1,482,3,482,479,476,473,470,467,464
1,482,5,482,477,472,467,462,457,452
1,482,7,482,475,468,461,454,447,440
1,482,11,482,471,460,449,438,427,416
1,482,13,482,469,456,443,430,417,404
1,482,17,482,465,448,431,414,397,380
1,482,19,482,463,444,425,406,387,368
1,483,2,483,481,479,477,475,473,471
1,483,3,483,480,477,474,471,468,465
1,483,5,483,478,473,468,463,458,453
1,483,7,483,476,469,462,455,448,441
1,483,11,483,472,461,450,439,428,417
1,483,13,483,470,457,444,431,418,405
1,483,17,483,466,449,432,415,398,381
1,483,19,483,464,445,426,407,388,369
1,484,2,484,482,480,478,476,474,472
1,484,3,484,481,478,475,472,469,466
1,484,5,484,479,474,469,464,459,454
1,484,7,484,477,470,463,456,449,442
1,484,11,484,473,462,451,440,429,418
1,484,13,484,471,458,445,432,419,406
1,484,17,484,467,450,433,416,399,382
1,484,19,484,465,446,427,408,389,370
1,485,2,485,483,481,479,477,475,473
1,485,3,485,482,479,476,473,470,467
1,485,5,485,480,475,470,465,460,455
1,485,7,485,478,471,464,457,450,443
1,485,11,485,474,463,452,441,430,419
1,485,13,485,472,459,446,433,420,407
1,485,17,485,468,451,434,417,400,383
1,485,19,485,466,447,428,409,390,371
1,486,2,486,484,482,480,478,476,474
1,486,3,486,483,480,477,474,471,468
1,486,5,486,481,476,471,466,461,456
1,486,7,486,479,472,465,458,451,444
1,486,11,486,475,464,453,442,431,420
1,486,13,486,473,460,447,434,421,408
1,486,17,486,469,452,435,418,401,384
1,486,19,486,467,448,429,410,391,372
1,487,2,487,485,483,481,479,477,475
1,487,3,487,484,481,478,475,472,469
1,487,5,487,482,477,472,467,462,457
1,487,7,487,480,473,466,459,452,445
1,487,11,487,476,465,454,443,432,421
1,487,13,487,474,461,448,435,422,409
1,487,17,487,470,453,436,419,402,385
1,487,19,487,468,449,430,411,392,373
1,488,2,488,486,484,482,480,478,476
1,488,3,488,485,482,479,476,473,470
1,488,5,488,483,478,473,468,463,458
1,488,7,488,481,474,467,460,453,446
1,488,11,488,477,466,455,444,433,422
1,488,13,488,475,462,449,436,423,410
1,488,17,488,471,454,437,420,403,386
1,488,19,488,469,450,431,412,393,374
1,489,2,489,487,485,483,481,479,477
1,489,3,489,486,483,480,477,474,471
1,489,5,489,484,479,474,469,464,459
1,489,7,489,482,475,468,461,454,447
1,489,11,489,478,467,456,445,434,423
1,489,13,489,476,463,450,437,424,411
1,489,17,489,472,455,438,421,404,387
1,489,19,489,470,451,432,413,394,375
1,490,2,490,488,486,484,482,480,478
1,490,3,490,487,484,481,478,475,472
1,490,5,490,485,480,475,470,465,460
1,490,7,490,483,476,469,462,455,448
1,490,11,490,479,468,457,446,435,424
1,490,13,490,477,464,451,438,425,412
1,490,17,490,473,456,439,422,405,388
1,490,19,490,471,452,433,414,395,376
1,491,2,491,489,487,485,483,481,479
1,491,3,491,488,485,482,479,476,473
1,491,5,491,486,481,476,471,466,461
1,491,7,491,484,477,470,463,456,449
1,491,11,491,480,469,458,447,436,425
1,491,13,491,478,465,452,439,426,413
1,491,17,491,474,457,440,423,406,389
1,491,19,491,472,453,434,415,396,377
1,492,2,492,490,488,486,484,482,480
1,492,3,492,489,486,483,480,477,474
1,492,5,492,487,482,477,472,467,462
1,492,7,492,485,478,471,464,457,450
1,492,11,492,481,470,459,448,437,426
1,492,13,492,479,466,453,440,427,414
1,492,17,492,475,458,441,424,407,390
1,492,19,492,473,454,435,416,397,378
1,493,2,493,491,489,487,485,483,481
1,493,3,493,490,487,484,481,478,475
1,493,5,493,488,483,478,473,468,463
1,493,7,493,486,479,472,465,458,451
1,493,11,493,482,471,460,449,438,427
1,493,13,493,480,467,454,441,428,415
1,493,17,493,476,459,442,425,408,391
1,493,19,493,474,455,436,417,398,379
1,494,2,494,492,490,488,486,484,482
1,494,3,494,491,488,485,482,479,476
1,494,5,494,489,484,479,474,469,464
1,494,7,494,487,480,473,466,459,452
1,494,11,494,483,472,461,450,439,428
1,494,13,494,481,468,455,442,429,416
1,494,17,494,477,460,443,426,409,392
1,494,19,494,475,456,437,418,399,380
1,495,2,495,493,491,489,487,485,483
1,495,3,495,492,489,486,483,480,477
1,495,5,495,490,485,480,475,470,465
1,495,7,495,488,481,474,467,460,453
1,495,11,495,484,473,462,451,440,429
1,495,13,495,482,469,456,443,430,417
1,495,17,495,478,461,444,427,410,393
1,495,19,495,476,457,438,419,400,381
1,496,2,496,494,492,490,488,486,484
1,496,3,496,493,490,487,484,481,478
1,496,5,496,491,486,481,476,471,466
1,496,7,496,489,482,475,468,461,454
1,496,11,496,485,474,463,452,441,430
1,496,13,496,483,470,457,444,431,418
1,496,17,496,479,462,445,428,411,394
1,496,19,496,477,458,439,420,401,382
1,497,2,497,495,493,491,489,487,485
1,497,3,497,494,491,488,485,482,479
1,497,5,497,492,487,482,477,472,467
1,497,7,497,490,483,476,469,462,455
1,497,11,497,486,475,464,453,442,431
1,497,13,497,484,471,458,445,432,419
1,497,17,497,480,463,446,429,412,395
1,497,19,497,478,459,440,421,402,383
1,498,2,498,496,494,492,490,488,486
1,498,3,498,495,492,489,486,483,480
1,498,5,498,493,488,483,478,473,468
1,498,7,498,491,484,477,470,463,456
1,498,11,498,487,476,465,454,443,432
1,498,13,498,485,472,459,446,433,420
1,498,17,498,481,464,447,430,413,396
1,498,19,498,479,460,441,422,403,384
1,499,2,499,497,495,493,491,489,487
1,499,3,499,496,493,490,487,484,481
1,499,5,499,494,489,484,479,474,469
1,499,7,499,492,485,478,471,464,457
1,499,11,499,488,477,466,455,444,433
1,499,13,499,486,473,460,447,434,421
1,499,17,499,482,465,448,431,414,397
1,499,19,499,480,461,442,423,404,385
1,500,2,500,498,496,494,492,490,488
1,500,3,500,497,494,491,488,485,482
1,500,5,500,495,490,485,480,475,470
1,500,7,500,493,486,479,472,465,458
1,500,11,500,489,478,467,456,445,434
1,500,13,500,487,474,461,448,435,422
1,500,17,500,483,466,449,432,415,398
1,500,19,500,481,462,443,424,405,386
2,601,2,601,599,597,595,593,591,589
2,601,3,601,598,595,592,589,586,583
2,601,5,601,596,591,586,581,576,571
2,601,7,601,594,587,580,573,566,559
2,601,11,601,590,579,568,557,546,535
2,601,13,601,588,575,562,549,536,523
2,601,17,601,584,567,550,533,516,499
2,601,19,601,582,563,544,525,506,487
2,602,2,602,600,598,596,594,592,590
2,602,3,602,599,596,593,590,587,584
2,602,5,602,597,592,587,582,577,572
2,602,7,602,595,588,581,574,567,560
2,602,11,602,591,580,569,558,547,536
2,602,13,602,589,576,563,550,537,524
2,602,17,602,585,568,551,534,517,500
2,602,19,602,583,564,545,526,507,488
2,603,2,603,601,599,597,595,593,591
2,603,3,603,600,597,594,591,588,585
2,603,5,603,598,593,588,583,578,573
2,603,7,603,596,589,582,575,568,561
2,603,11,603,592,581,570,559,548,537
2,603,13,603,590,577,564,551,538,525
2,603,17,603,586,569,552,535,518,501
2,603,19,603,584,565,546,527,508,489
2,604,2,604,602,600,598,596,594,592
2,604,3,604,601,598,595,592,589,586
2,604,5,604,599,594,589,584,579,574
2,604,7,604,597,590,583,576,569,562
2,604,11,604,593,582,571,560,549,538
2,604,13,604,591,578,565,552,539,526
2,604,17,604,587,570,553,536,519,502
2,604,19,604,585,566,547,528,509,490
2,605,2,605,603,601,599,597,595,593
2,605,3,605,602,599,596,593,590,587
2,605,5,605,600,595,590,585,580,575
2,605,7,605,598,591,584,577,570,563
2,605,11,605,594,583,572,561,550,539
2,605,13,605,592,579,566,553,540,527
2,605,17,605,588,571,554,537,520,503
2,605,19,605,586,567,548,529,510,491
2,606,2,606,604,602,600,598,596,594
2,606,3,606,603,600,597,594,591,588
2,606,5,606,601,596,591,586,581,576
2,606,7,606,599,592,585,578,571,564
2,606,11,606,595,584,573,562,551,540
2,606,13,606,593,580,567,554,541,528
2,606,17,606,589,572,555,538,521,504
2,606,19,606,587,568,549,530,511,492
2,607,2,607,605,603,601,599,597,595
2,607,3,607,604,601,598,595,592,589
2,607,5,607,602,597,592,587,582,577
2,607,7,607,600,593,586,579,572,565
2,607,11,607,596,585,574,563,552,541
2,607,13,607,594,581,568,555,542,529
2,607,17,607,590,573,556,539,522,505
2,607,19,607,588,569,550,531,512,493
2,608,2,608,606,604,602,600,598,596
2,608,3,608,605,602,599,596,593,590
2,608,5,608,603,598,593,588,583,578
2,608,7,608,601,594,587,580,573,566
2,608,11,608,597,586,575,564,553,542
2,608,13,608,595,582,569,556,543,530
2,608,17,608,591,574,557,540,523,506
2,608,19,608,589,570,551,532,513,494
2,609,2,609,607,605,603,601,599,597
2,609,3,609,606,603,600,597,594,591
2,609,5,609,604,599,594,589,584,579
2,609,7,609,602,595,588,581,574,567
2,609,11,609,598,587,576,565,554,543
2,609,13,609,596,583,570,557,544,531
2,609,17,609,592,575,558,541,524,507
2,609,19,609,590,571,552,533,514,495
2,610,2,610,608,606,604,602,600,598
2,610,3,610,607,604,601,598,595,592
2,610,5,610,605,600,595,590,585,580
2,610,7,610,603,596,589,582,575,568
2,610,11,610,599,588,577,566,555,544
2,610,13,610,597,584,571,558,545,532
2,610,17,610,593,576,559,542,525,508
2,610,19,610,591,572,553,534,515,496
2,611,2,611,609,607,605,603,601,599
2,611,3,611,608,605,602,599,596,593
2,611,5,611,606,601,596,591,586,581
2,611,7,611,604,597,590,583,576,569
2,611,11,611,600,589,578,567,556,545
2,611,13,611,598,585,572,559,546,533
2,611,17,611,594,577,560,543,526,509
2,611,19,611,592,573,554,535,516,497
2,612,2,612,610,608,606,604,602,600
2,612,3,612,609,606,603,600,597,594
2,612,5,612,607,602,597,592,587,582
2,612,7,612,605,598,591,584,577,570
2,612,11,612,601,590,579,568,557,546
2,612,13,612,599,586,573,560,547,534
2,612,17,612,595,578,561,544,527,510
2,612,19,612,593,574,555,536,517,498
2,613,2,613,611,609,607,605,603,601
2,613,3,613,610,607,604,601,598,595
2,613,5,613,608,603,598,593,588,583
2,613,7,613,606,599,592,585,578,571
2,613,11,613,602,591,580,569,558,547
2,613,13,613,600,587,574,561,548,535
2,613,17,613,596,579,562,545,528,511
2,613,19,613,594,575,556,537,518,499
2,614,2,614,612,610,608,606,604,602
2,614,3,614,611,608,605,602,599,596
2,614,5,614,609,604,599,594,589,584
2,614,7,614,607,600,593,586,579,572
2,614,11,614,603,592,581,570,559,548
2,614,13,614,601,588,575,562,549,536
2,614,17,614,597,580,563,546,529,512
2,614,19,614,595,576,557,538,519,500
2,615,2,615,613,611,609,607,605,603
2,615,3,615,612,609,606,603,600,597
2,615,5,615,610,605,600,595,590,585
2,615,7,615,608,601,594,587,580,573
2,615,11,615,604,593,582,571,560,549
2,615,13,615,602,589,576,563,550,537
2,615,17,615,598,581,564,547,530,513
2,615,19,615,596,577,558,539,520,501
2,616,2,616,614,612,610,608,606,604
2,616,3,616,613,610,607,604,601,598
2,616,5,616,611,606,601,596,591,586
2,616,7,616,609,602,595,588,581,574
2,616,11,616,605,594,583,572,561,550
2,616,13,616,603,590,577,564,551,538
2,616,17,616,599,582,565,548,531,514
2,616,19,616,597,578,559,540,521,502
2,617,2,617,615,613,611,609,607,605
2,617,3,617,614,611,608,605,602,599
2,617,5,617,612,607,602,597,592,587
2,617,7,617,610,603,596,589,582,575
2,617,11,617,606,595,584,573,562,551
2,617,13,617,604,591,578,565,552,539
2,617,17,617,600,583,566,549,532,515
2,617,19,617,598,579,560,541,522,503
2,618,2,618,616,614,612,610,608,606
2,618,3,618,615,612,609,606,603,600
2,618,5,618,613,608,603,598,593,588
2,618,7,618,611,604,597,590,583,576
2,618,11,618,607,596,585,574,563,552
2,618,13,618,605,592,579,566,553,540
2,618,17,618,601,584,567,550,533,516
2,618,19,618,599,580,561,542,523,504
2,619,2,619,617,615,613,611,609,607
2,619,3,619,616,613,610,607,604,601
2,619,5,619,614,609,604,599,594,589
2,619,7,619,612,605,598,591,584,577
2,619,11,619,608,597,586,575,564,553
2,619,13,619,606,593,580,567,554,541
2,619,17,619,602,585,568,551,534,517
2,619,19,619,600,581,562,543,524,505
2,620,2,620,618,616,614,612,610,608
2,620,3,620,617,614,611,608,605,602
2,620,5,620,615,610,605,600,595,590
2,620,7,620,613,606,599,592,585,578
2,620,11,620,609,598,587,576,565,554
2,620,13,620,607,594,581,568,555,542
2,620,17,620,603,586,569,552,535,518
2,620,19,620,601,582,563,544,525,506
2,621,2,621,619,617,615,613,611,609
2,621,3,621,618,615,612,609,606,603
2,621,5,621,616,611,606,601,596,591
2,621,7,621,614,607,600,593,586,579
2,621,11,621,610,599,588,577,566,555
2,621,13,621,608,595,582,569,556,543
2,621,17,621,604,587,570,553,536,519
2,621,19,621,602,583,564,545,526,507
2,622,2,622,620,618,616,614,612,610
2,622,3,622,619,616,613,610,607,604
2,622,5,622,617,612,607,602,597,592
2,622,7,622,615,608,601,594,587,580
2,622,11,622,611,600,589,578,567,556
2,622,13,622,609,596,583,570,557,544
2,622,17,622,605,588,571,554,537,520
2,622,19,622,603,584,565,546,527,508
2,623,2,623,621,619,617,615,613,611
2,623,3,623,620,617,614,611,608,605
2,623,5,623,618,613,608,603,598,593
2,623,7,623,616,609,602,595,588,581
2,623,11,623,612,601,590,579,568,557
2,623,13,623,610,597,584,571,558,545
2,623,17,623,606,589,572,555,538,521
2,623,19,623,604,585,566,547,528,509
2,624,2,624,622,620,618,616,614,612
2,624,3,624,621,618,615,612,609,606
2,624,5,624,619,614,609,604,599,594
2,624,7,624,617,610,603,596,589,582
2,624,11,624,613,602,591,580,569,558
2,624,13,624,611,598,585,572,559,546
2,624,17,624,607,590,573,556,539,522
2,624,19,624,605,586,567,548,529,510
2,625,2,625,623,621,619,617,615,613
2,625,3,625,622,619,616,613,610,607
2,625,5,625,620,615,610,605,600,595
2,625,7,625,618,611,604,597,590,583
2,625,11,625,614,603,592,581,570,559
2,625,13,625,612,599,586,573,560,547
2,625,17,625,608,591,574,557,540,523
2,625,19,625,606,587,568,549,530,511
2,626,2,626,624,622,620,618,616,614
2,626,3,626,623,620,617,614,611,608
2,626,5,626,621,616,611,606,601,596
2,626,7,626,619,612,605,598,591,584
2,626,11,626,615,604,593,582,571,560
2,626,13,626,613,600,587,574,561,548
2,626,17,626,609,592,575,558,541,524
2,626,19,626,607,588,569,550,531,512
2,627,2,627,625,623,621,619,617,615
2,627,3,627,624,621,618,615,612,609
2,627,5,627,622,617,612,607,602,597
2,627,7,627,620,613,606,599,592,585
2,627,11,627,616,605,594,583,572,561
2,627,13,627,614,601,588,575,562,549
2,627,17,627,610,593,576,559,542,525
2,627,19,627,608,589,570,551,532,513
2,628,2,628,626,624,622,620,618,616
2,628,3,628,625,622,619,616,613,610
2,628,5,628,623,618,613,608,603,598
2,628,7,628,621,614,607,600,593,586
2,628,11,628,617,606,595,584,573,562
2,628,13,628,615,602,589,576,563,550
2,628,17,628,611,594,577,560,543,526
2,628,19,628,609,590,571,552,533,514
2,629,2,629,627,625,623,621,619,617
2,629,3,629,626,623,620,617,614,611
2,629,5,629,624,619,614,609,604,599
2,629,7,629,622,615,608,601,594,587
2,629,11,629,618,607,596,585,574,563
2,629,13,629,616,603,590,577,564,551
2,629,17,629,612,595,578,561,544,527
2,629,19,629,610,591,572,553,534,515
2,630,2,630,628,626,624,622,620,618
2,630,3,630,627,624,621,618,615,612
2,630,5,630,625,620,615,610,605,600
2,630,7,630,623,616,609,602,595,588
2,630,11,630,619,608,597,586,575,564
2,630,13,630,617,604,591,578,565,552
2,630,17,630,613,596,579,562,545,528
2,630,19,630,611,592,573,554,535,516
2,631,2,631,629,627,625,623,621,619
2,631,3,631,628,625,622,619,616,613
2,631,5,631,626,621,616,611,606,601
2,631,7,631,624,617,610,603,596,589
2,631,11,631,620,609,598,587,576,565
2,631,13,631,618,605,592,579,566,553
2,631,17,631,614,597,580,563,546,529
2,631,19,631,612,593,574,555,536,517
2,632,2,632,630,628,626,624,622,620
2,632,3,632,629,626,623,620,617,614
2,632,5,632,627,622,617,612,607,602
2,632,7,632,625,618,611,604,597,590
2,632,11,632,621,610,599,588,577,566
2,632,13,632,619,606,593,580,567,554
2,632,17,632,615,598,581,564,547,530
2,632,19,632,613,594,575,556,537,518
2,633,2,633,631,629,627,625,623,621
2,633,3,633,630,627,624,621,618,615
2,633,5,633,628,623,618,613,608,603
2,633,7,633,626,619,612,605,598,591
2,633,11,633,622,611,600,589,578,567
2,633,13,633,620,607,594,581,568,555
2,633,17,633,616,599,582,565,548,531
2,633,19,633,614,595,576,557,538,519
2,634,2,634,632,630,628,626,624,622
2,634,3,634,631,628,625,622,619,616
2,634,5,634,629,624,619,614,609,604
2,634,7,634,627,620,613,606,599,592
2,634,11,634,623,612,601,590,579,568
2,634,13,634,621,608,595,582,569,556
2,634,17,634,617,600,583,566,549,532
2,634,19,634,615,596,577,558,539,520
2,635,2,635,633,631,629,627,625,623
2,635,3,635,632,629,626,623,620,617
2,635,5,635,630,625,620,615,610,605
2,635,7,635,628,621,614,607,600,593
2,635,11,635,624,613,602,591,580,569
2,635,13,635,622,609,596,583,570,557
2,635,17,635,618,601,584,567,550,533
2,635,19,635,616,597,578,559,540,521
2,636,2,636,634,632,630,628,626,624
2,636,3,636,633,630,627,624,621,618
2,636,5,636,631,626,621,616,611,606
2,636,7,636,629,622,615,608,601,594
2,636,11,636,625,614,603,592,581,570
2,636,13,636,623,610,597,584,571,558
2,636,17,636,619,602,585,568,551,534
2,636,19,636,617,598,579,560,541,522
2,637,2,637,635,633,631,629,627,625
2,637,3,637,634,631,628,625,622,619
2,637,5,637,632,627,622,617,612,607
2,637,7,637,630,623,616,609,602,595
2,637,11,637,626,615,604,593,582,571
2,637,13,637,624,611,598,585,572,559
2,637,17,637,620,603,586,569,552,535
2,637,19,637,618,599,580,561,542,523
2,638,2,638,636,634,632,630,628,626
2,638,3,638,635,632,629,626,623,620
2,638,5,638,633,628,623,618,613,608
2,638,7,638,631,624,617,610,603,596
2,638,11,638,627,616,605,594,583,572
2,638,13,638,625,612,599,586,573,560
2,638,17,638,621,604,587,570,553,536
2,638,19,638,619,600,581,562,543,524
2,639,2,639,637,635,633,631,629,627
2,639,3,639,636,633,630,627,624,621
2,639,5,639,634,629,624,619,614,609
2,639,7,639,632,625,618,611,604,597
2,639,11,639,628,617,606,595,584,573
2,639,13,639,626,613,600,587,574,561
2,639,17,639,622,605,588,571,554,537
2,639,19,639,620,601,582,563,544,525
2,640,2,640,638,636,634,632,630,628
2,640,3,640,637,634,631,628,625,622
2,640,5,640,635,630,625,620,615,610
2,640,7,640,633,626,619,612,605,598
2,640,11,640,629,618,607,596,585,574
2,640,13,640,627,614,601,588,575,562
2,640,17,640,623,606,589,572,555,538
2,640,19,640,621,602,583,564,545,526
2,641,2,641,639,637,635,633,631,629
2,641,3,641,638,635,632,629,626,623
2,641,5,641,636,631,626,621,616,611
2,641,7,641,634,627,620,613,606,599
2,641,11,641,630,619,608,597,586,575
2,641,13,641,628,615,602,589,576,563
2,641,17,641,624,607,590,573,556,539
2,641,19,641,622,603,584,565,546,527
2,642,2,642,640,638,636,634,632,630
2,642,3,642,639,636,633,630,627,624
2,642,5,642,637,632,627,622,617,612
2,642,7,642,635,628,621,614,607,600
2,642,11,642,631,620,609,598,587,576
2,642,13,642,629,616,603,590,577,564
2,642,17,642,625,608,591,574,557,540
2,642,19,642,623,604,585,566,547,528
2,643,2,643,641,639,637,635,633,631
2,643,3,643,640,637,634,631,628,625
2,643,5,643,638,633,628,623,618,613
2,643,7,643,636,629,622,615,608,601
2,643,11,643,632,621,610,599,588,577
2,643,13,643,630,617,604,591,578,565
2,643,17,643,626,609,592,575,558,541
2,643,19,643,624,605,586,567,548,529
2,644,2,644,642,640,638,636,634,632
2,644,3,644,641,638,635,632,629,626
2,644,5,644,639,634,629,624,619,614
2,644,7,644,637,630,623,616,609,602
2,644,11,644,633,622,611,600,589,578
2,644,13,644,631,618,605,592,579,566
2,644,17,644,627,610,593,576,559,542
2,644,19,644,625,606,587,568,549,530
2,645,2,645,643,641,639,637,635,633
2,645,3,645,642,639,636,633,630,627
2,645,5,645,640,635,630,625,620,615
2,645,7,645,638,631,624,617,610,603
2,645,11,645,634,623,612,601,590,579
2,645,13,645,632,619,606,593,580,567
2,645,17,645,628,611,594,577,560,543
2,645,19,645,626,607,588,569,550,531
2,646,2,646,644,642,640,638,636,634
2,646,3,646,643,640,637,634,631,628
2,646,5,646,641,636,631,626,621,616
2,646,7,646,639,632,625,618,611,604
2,646,11,646,635,624,613,602,591,580
2,646,13,646,633,620,607,594,581,568
2,646,17,646,629,612,595,578,561,544
2,646,19,646,627,608,589,570,551,532
2,647,2,647,645,643,641,639,637,635
2,647,3,647,644,641,638,635,632,629
2,647,5,647,642,637,632,627,622,617
2,647,7,647,640,633,626,619,612,605
2,647,11,647,636,625,614,603,592,581
2,647,13,647,634,621,608,595,582,569
2,647,17,647,630,613,596,579,562,545
2,647,19,647,628,609,590,571,552,533
2,648,2,648,646,644,642,640,638,636
2,648,3,648,645,642,639,636,633,630
2,648,5,648,643,638,633,628,623,618
2,648,7,648,641,634,627,620,613,606
2,648,11,648,637,626,615,604,593,582
2,648,13,648,635,622,609,596,583,570
2,648,17,648,631,614,597,580,563,546
2,648,19,648,629,610,591,572,553,534
2,649,2,649,647,645,643,641,639,637
2,649,3,649,646,643,640,637,634,631
2,649,5,649,644,639,634,629,624,619
2,649,7,649,642,635,628,621,614,607
2,649,11,649,638,627,616,605,594,583
2,649,13,649,636,623,610,597,584,571
2,649,17,649,632,615,598,581,564,547
2,649,19,649,630,611,592,573,554,535
2,650,2,650,648,646,644,642,640,638
2,650,3,650,647,644,641,638,635,632
2,650,5,650,645,640,635,630,625,620
2,650,7,650,643,636,629,622,615,608
2,650,11,650,639,628,617,606,595,584
2,650,13,650,637,624,611,598,585,572
2,650,17,650,633,616,599,582,565,548
2,650,19,650,631,612,593,574,555,536
2,651,2,651,649,647,645,643,641,639
2,651,3,651,648,645,642,639,636,633
2,651,5,651,646,641,636,631,626,621
2,651,7,651,644,637,630,623,616,609
2,651,11,651,640,629,618,607,596,585
2,651,13,651,638,625,612,599,586,573
2,651,17,651,634,617,600,583,566,549
2,651,19,651,632,613,594,575,556,537
2,652,2,652,650,648,646,644,642,640
2,652,3,652,649,646,643,640,637,634
2,652,5,652,647,642,637,632,627,622
2,652,7,652,645,638,631,624,617,610
2,652,11,652,641,630,619,608,597,586
2,652,13,652,639,626,613,600,587,574
2,652,17,652,635,618,601,584,567,550
2,652,19,652,633,614,595,576,557,538
2,653,2,653,651,649,647,645,643,641
2,653,3,653,650,647,644,641,638,635
2,653,5,653,648,643,638,633,628,623
2,653,7,653,646,639,632,625,618,611
2,653,11,653,642,631,620,609,598,587
2,653,13,653,640,627,614,601,588,575
2,653,17,653,636,619,602,585,568,551
2,653,19,653,634,615,596,577,558,539
2,654,2,654,652,650,648,646,644,642
2,654,3,654,651,648,645,642,639,636
2,654,5,654,649,644,639,634,629,624
2,654,7,654,647,640,633,626,619,612
2,654,11,654,643,632,621,610,599,588
2,654,13,654,641,628,615,602,589,576
2,654,17,654,637,620,603,586,569,552
2,654,19,654,635,616,597,578,559,540
2,655,2,655,653,651,649,647,645,643
2,655,3,655,652,649,646,643,640,637
2,655,5,655,650,645,640,635,630,625
2,655,7,655,648,641,634,627,620,613
2,655,11,655,644,633,622,611,600,589
2,655,13,655,642,629,616,603,590,577
2,655,17,655,638,621,604,587,570,553
2,655,19,655,636,617,598,579,560,541
2,656,2,656,654,652,650,648,646,644
2,656,3,656,653,650,647,644,641,638
2,656,5,656,651,646,641,636,631,626
2,656,7,656,649,642,635,628,621,614
2,656,11,656,645,634,623,612,601,590
2,656,13,656,643,630,617,604,591,578
2,656,17,656,639,622,605,588,571,554
2,656,19,656,637,618,599,580,561,542
2,657,2,657,655,653,651,649,647,645
2,657,3,657,654,651,648,645,642,639
2,657,5,657,652,647,642,637,632,627
2,657,7,657,650,643,636,629,622,615
2,657,11,657,646,635,624,613,602,591
2,657,13,657,644,631,618,605,592,579
2,657,17,657,640,623,606,589,572,555
2,657,19,657,638,619,600,581,562,543
2,658,2,658,656,654,652,650,648,646
2,658,3,658,655,652,649,646,643,640
2,658,5,658,653,648,643,638,633,628
2,658,7,658,651,644,637,630,623,616
2,658,11,658,647,636,625,614,603,592
2,658,13,658,645,632,619,606,593,580
2,658,17,658,641,624,607,590,573,556
2,658,19,658,639,620,601,582,563,544
2,659,2,659,657,655,653,651,649,647
2,659,3,659,656,653,650,647,644,641
2,659,5,659,654,649,644,639,634,629
2,659,7,659,652,645,638,631,624,617
2,659,11,659,648,637,626,615,604,593
2,659,13,659,646,633,620,607,594,581
2,659,17,659,642,625,608,591,574,557
2,659,19,659,640,621,602,583,564,545
2,660,2,660,658,656,654,652,650,648
2,660,3,660,657,654,651,648,645,642
2,660,5,660,655,650,645,640,635,630
2,660,7,660,653,646,639,632,625,618
2,660,11,660,649,638,627,616,605,594
2,660,13,660,647,634,621,608,595,582
2,660,17,660,643,626,609,592,575,558
2,660,19,660,641,622,603,584,565,546
2,661,2,661,659,657,655,653,651,649
2,661,3,661,658,655,652,649,646,643
2,661,5,661,656,651,646,641,636,631
2,661,7,661,654,647,640,633,626,619
2,661,11,661,650,639,628,617,606,595
2,661,13,661,648,635,622,609,596,583
2,661,17,661,644,627,610,593,576,559
2,661,19,661,642,623,604,585,566,547
2,662,2,662,660,658,656,654,652,650
2,662,3,662,659,656,653,650,647,644
2,662,5,662,657,652,647,642,637,632
2,662,7,662,655,648,641,634,627,620
2,662,11,662,651,640,629,618,607,596
2,662,13,662,649,636,623,610,597,584
2,662,17,662,645,628,611,594,577,560
2,662,19,662,643,624,605,586,567,548
2,663,2,663,661,659,657,655,653,651
2,663,3,663,660,657,654,651,648,645
2,663,5,663,658,653,648,643,638,633
2,663,7,663,656,649,642,635,628,621
2,663,11,663,652,641,630,619,608,597
2,663,13,663,650,637,624,611,598,585
2,663,17,663,646,629,612,595,578,561
2,663,19,663,644,625,606,587,568,549
2,664,2,664,662,660,658,656,654,652
2,664,3,664,661,658,655,652,649,646
2,664,5,664,659,654,649,644,639,634
2,664,7,664,657,650,643,636,629,622
2,664,11,664,653,642,631,620,609,598
2,664,13,664,651,638,625,612,599,586
2,664,17,664,647,630,613,596,579,562
2,664,19,664,645,626,607,588,569,550
2,665,2,665,663,661,659,657,655,653
2,665,3,665,662,659,656,653,650,647
2,665,5,665,660,655,650,645,640,635
2,665,7,665,658,651,644,637,630,623
2,665,11,665,654,643,632,621,610,599
2,665,13,665,652,639,626,613,600,587
2,665,17,665,648,631,614,597,580,563
2,665,19,665,646,627,608,589,570,551
2,666,2,666,664,662,660,658,656,654
2,666,3,666,663,660,657,654,651,648
2,666,5,666,661,656,651,646,641,636
2,666,7,666,659,652,645,638,631,624
2,666,11,666,655,644,633,622,611,600
2,666,13,666,653,640,627,614,601,588
2,666,17,666,649,632,615,598,581,564
2,666,19,666,647,628,609,590,571,552
2,667,2,667,665,663,661,659,657,655
2,667,3,667,664,661,658,655,652,649
2,667,5,667,662,657,652,647,642,637
2,667,7,667,660,653,646,639,632,625
2,667,11,667,656,645,634,623,612,601
2,667,13,667,654,641,628,615,602,589
2,667,17,667,650,633,616,599,582,565
2,667,19,667,648,629,610,591,572,553
2,668,2,668,666,664,662,660,658,656
2,668,3,668,665,662,659,656,653,650
2,668,5,668,663,658,653,648,643,638
2,668,7,668,661,654,647,640,633,626
2,668,11,668,657,646,635,624,613,602
2,668,13,668,655,642,629,616,603,590
2,668,17,668,651,634,617,600,583,566
2,668,19,668,649,630,611,592,573,554
2,669,2,669,667,665,663,661,659,657
2,669,3,669,666,663,660,657,654,651
2,669,5,669,664,659,654,649,644,639
2,669,7,669,662,655,648,641,634,627
2,669,11,669,658,647,636,625,614,603
2,669,13,669,656,643,630,617,604,591
2,669,17,669,652,635,618,601,584,567
2,669,19,669,650,631,612,593,574,555
2,670,2,670,668,666,664,662,660,658
2,670,3,670,667,664,661,658,655,652
2,670,5,670,665,660,655,650,645,640
2,670,7,670,663,656,649,642,635,628
2,670,11,670,659,648,637,626,615,604
2,670,13,670,657,644,631,618,605,592
2,670,17,670,653,636,619,602,585,568
2,670,19,670,651,632,613,594,575,556
2,671,2,671,669,667,665,663,661,659
2,671,3,671,668,665,662,659,656,653
2,671,5,671,666,661,656,651,646,641
2,671,7,671,664,657,650,643,636,629
2,671,11,671,660,649,638,627,616,605
2,671,13,671,658,645,632,619,606,593
2,671,17,671,654,637,620,603,586,569
2,671,19,671,652,633,614,595,576,557
2,672,2,672,670,668,666,664,662,660
2,672,3,672,669,666,663,660,657,654
2,672,5,672,667,662,657,652,647,642
2,672,7,672,665,658,651,644,637,630
2,672,11,672,661,650,639,628,617,606
2,672,13,672,659,646,633,620,607,594
2,672,17,672,655,638,621,604,587,570
2,672,19,672,653,634,615,596,577,558
2,673,2,673,671,669,667,665,663,661
2,673,3,673,670,667,664,661,658,655
2,673,5,673,668,663,658,653,648,643
2,673,7,673,666,659,652,645,638,631
2,673,11,673,662,651,640,629,618,607
2,673,13,673,660,647,634,621,608,595
2,673,17,673,656,639,622,605,588,571
2,673,19,673,654,635,616,597,578,559
2,674,2,674,672,670,668,666,664,662
2,674,3,674,671,668,665,662,659,656
2,674,5,674,669,664,659,654,649,644
2,674,7,674,667,660,653,646,639,632
2,674,11,674,663,652,641,630,619,608
2,674,13,674,661,648,635,622,609,596
2,674,17,674,657,640,623,606,589,572
2,674,19,674,655,636,617,598,579,560
2,675,2,675,673,671,669,667,665,663
2,675,3,675,672,669,666,663,660,657
2,675,5,675,670,665,660,655,650,645
2,675,7,675,668,661,654,647,640,633
2,675,11,675,664,653,642,631,620,609
2,675,13,675,662,649,636,623,610,597
2,675,17,675,658,641,624,607,590,573
2,675,19,675,656,637,618,599,580,561
2,676,2,676,674,672,670,668,666,664
2,676,3,676,673,670,667,664,661,658
2,676,5,676,671,666,661,656,651,646
2,676,7,676,669,662,655,648,641,634
2,676,11,676,665,654,643,632,621,610
2,676,13,676,663,650,637,624,611,598
2,676,17,676,659,642,625,608,591,574
2,676,19,676,657,638,619,600,581,562
2,677,2,677,675,673,671,669,667,665
2,677,3,677,674,671,668,665,662,659
2,677,5,677,672,667,662,657,652,647
2,677,7,677,670,663,656,649,642,635
2,677,11,677,666,655,644,633,622,611
2,677,13,677,664,651,638,625,612,599
2,677,17,677,660,643,626,609,592,575
2,677,19,677,658,639,620,601,582,563
2,678,2,678,676,674,672,670,668,666
2,678,3,678,675,672,669,666,663,660
2,678,5,678,673,668,663,658,653,648
2,678,7,678,671,664,657,650,643,636
2,678,11,678,667,656,645,634,623,612
2,678,13,678,665,652,639,626,613,600
2,678,17,678,661,644,627,610,593,576
2,678,19,678,659,640,621,602,583,564
2,679,2,679,677,675,673,671,669,667
2,679,3,679,676,673,670,667,664,661
2,679,5,679,674,669,664,659,654,649
2,679,7,679,672,665,658,651,644,637
2,679,11,679,668,657,646,635,624,613
2,679,13,679,666,653,640,627,614,601
2,679,17,679,662,645,628,611,594,577
2,679,19,679,660,641,622,603,584,565
2,680,2,680,678,676,674,672,670,668
2,680,3,680,677,674,671,668,665,662
2,680,5,680,675,670,665,660,655,650
2,680,7,680,673,666,659,652,645,638
2,680,11,680,669,658,647,636,625,614
2,680,13,680,667,654,641,628,615,602
2,680,17,680,663,646,629,612,595,578
2,680,19,680,661,642,623,604,585,566
2,681,2,681,679,677,675,673,671,669
2,681,3,681,678,675,672,669,666,663
2,681,5,681,676,671,666,661,656,651
2,681,7,681,674,667,660,653,646,639
2,681,11,681,670,659,648,637,626,615
2,681,13,681,668,655,642,629,616,603
2,681,17,681,664,647,630,613,596,579
2,681,19,681,662,643,624,605,586,567
2,682,2,682,680,678,676,674,672,670
2,682,3,682,679,676,673,670,667,664
2,682,5,682,677,672,667,662,657,652
2,682,7,682,675,668,661,654,647,640
2,682,11,682,671,660,649,638,627,616
2,682,13,682,669,656,643,630,617,604
2,682,17,682,665,648,631,614,597,580
2,682,19,682,663,644,625,606,587,568
2,683,2,683,681,679,677,675,673,671
2,683,3,683,680,677,674,671,668,665
2,683,5,683,678,673,668,663,658,653
2,683,7,683,676,669,662,655,648,641
2,683,11,683,672,661,650,639,628,617
2,683,13,683,670,657,644,631,618,605
2,683,17,683,666,649,632,615,598,581
2,683,19,683,664,645,626,607,588,569
2,684,2,684,682,680,678,676,674,672
2,684,3,684,681,678,675,672,669,666
2,684,5,684,679,674,669,664,659,654
2,684,7,684,677,670,663,656,649,642
2,684,11,684,673,662,651,640,629,618
2,684,13,684,671,658,645,632,619,606
2,684,17,684,667,650,633,616,599,582
2,684,19,684,665,646,627,608,589,570
2,685,2,685,683,681,679,677,675,673
2,685,3,685,682,679,676,673,670,667
2,685,5,685,680,675,670,665,660,655
2,685,7,685,678,671,664,657,650,643
2,685,11,685,674,663,652,641,630,619
2,685,13,685,672,659,646,633,620,607
2,685,17,685,668,651,634,617,600,583
2,685,19,685,666,647,628,609,590,571
2,686,2,686,684,682,680,678,676,674
2,686,3,686,683,680,677,674,671,668
2,686,5,686,681,676,671,666,661,656
2,686,7,686,679,672,665,658,651,644
2,686,11,686,675,664,653,642,631,620
2,686,13,686,673,660,647,634,621,608
2,686,17,686,669,652,635,618,601,584
2,686,19,686,667,648,629,610,591,572
2,687,2,687,685,683,681,679,677,675
2,687,3,687,684,681,678,675,672,669
2,687,5,687,682,677,672,667,662,657
2,687,7,687,680,673,666,659,652,645
2,687,11,687,676,665,654,643,632,621
2,687,13,687,674,661,648,635,622,609
2,687,17,687,670,653,636,619,602,585
2,687,19,687,668,649,630,611,592,573
2,688,2,688,686,684,682,680,678,676
2,688,3,688,685,682,679,676,673,670
2,688,5,688,683,678,673,668,663,658
2,688,7,688,681,674,667,660,653,646
2,688,11,688,677,666,655,644,633,622
2,688,13,688,675,662,649,636,623,610
2,688,17,688,671,654,637,620,603,586
2,688,19,688,669,650,631,612,593,574
2,689,2,689,687,685,683,681,679,677
2,689,3,689,686,683,680,677,674,671
2,689,5,689,684,679,674,669,664,659
2,689,7,689,682,675,668,661,654,647
2,689,11,689,678,667,656,645,634,623
2,689,13,689,676,663,650,637,624,611
2,689,17,689,672,655,638,621,604,587
2,689,19,689,670,651,632,613,594,575
2,690,2,690,688,686,684,682,680,678
2,690,3,690,687,684,681,678,675,672
2,690,5,690,685,680,675,670,665,660
2,690,7,690,683,676,669,662,655,648
2,690,11,690,679,668,657,646,635,624
2,690,13,690,677,664,651,638,625,612
2,690,17,690,673,656,639,622,605,588
2,690,19,690,671,652,633,614,595,576
2,691,2,691,689,687,685,683,681,679
2,691,3,691,688,685,682,679,676,673
2,691,5,691,686,681,676,671,666,661
2,691,7,691,684,677,670,663,656,649
2,691,11,691,680,669,658,647,636,625
2,691,13,691,678,665,652,639,626,613
2,691,17,691,674,657,640,623,606,589
2,691,19,691,672,653,634,615,596,577
2,692,2,692,690,688,686,684,682,680
2,692,3,692,689,686,683,680,677,674
2,692,5,692,687,682,677,672,667,662
2,692,7,692,685,678,671,664,657,650
2,692,11,692,681,670,659,648,637,626
2,692,13,692,679,666,653,640,627,614
2,692,17,692,675,658,641,624,607,590
2,692,19,692,673,654,635,616,597,578
2,693,2,693,691,689,687,685,683,681
2,693,3,693,690,687,684,681,678,675
2,693,5,693,688,683,678,673,668,663
2,693,7,693,686,679,672,665,658,651
2,693,11,693,682,671,660,649,638,627
2,693,13,693,680,667,654,641,628,615
2,693,17,693,676,659,642,625,608,591
2,693,19,693,674,655,636,617,598,579
2,694,2,694,692,690,688,686,684,682
2,694,3,694,691,688,685,682,679,676
2,694,5,694,689,684,679,674,669,664
2,694,7,694,687,680,673,666,659,652
2,694,11,694,683,672,661,650,639,628
2,694,13,694,681,668,655,642,629,616
2,694,17,694,677,660,643,626,609,592
2,694,19,694,675,656,637,618,599,580
2,695,2,695,693,691,689,687,685,683
2,695,3,695,692,689,686,683,680,677
2,695,5,695,690,685,680,675,670,665
2,695,7,695,688,681,674,667,660,653
2,695,11,695,684,673,662,651,640,629
2,695,13,695,682,669,656,643,630,617
2,695,17,695,678,661,644,627,610,593
2,695,19,695,676,657,638,619,600,581
2,696,2,696,694,692,690,688,686,684
2,696,3,696,693,690,687,684,681,678
2,696,5,696,691,686,681,676,671,666
2,696,7,696,689,682,675,668,661,654
2,696,11,696,685,674,663,652,641,630
2,696,13,696,683,670,657,644,631,618
2,696,17,696,679,662,645,628,611,594
2,696,19,696,677,658,639,620,601,582
2,697,2,697,695,693,691,689,687,685
2,697,3,697,694,691,688,685,682,679
2,697,5,697,692,687,682,677,672,667
2,697,7,697,690,683,676,669,662,655
2,697,11,697,686,675,664,653,642,631
2,697,13,697,684,671,658,645,632,619
2,697,17,697,680,663,646,629,612,595
2,697,19,697,678,659,640,621,602,583
2,698,2,698,696,694,692,690,688,686
2,698,3,698,695,692,689,686,683,680
2,698,5,698,693,688,683,678,673,668
2,698,7,698,691,684,677,670,663,656
2,698,11,698,687,676,665,654,643,632
2,698,13,698,685,672,659,646,633,620
2,698,17,698,681,664,647,630,613,596
2,698,19,698,679,660,641,622,603,584
2,699,2,699,697,695,693,691,689,687
2,699,3,699,696,693,690,687,684,681
2,699,5,699,694,689,684,679,674,669
2,699,7,699,692,685,678,671,664,657
2,699,11,699,688,677,666,655,644,633
2,699,13,699,686,673,660,647,634,621
2,699,17,699,682,665,648,631,614,597
2,699,19,699,680,661,642,623,604,585
2,700,2,700,698,696,694,692,690,688
2,700,3,700,697,694,691,688,685,682
2,700,5,700,695,690,685,680,675,670
2,700,7,700,693,686,679,672,665,658
2,700,11,700,689,678,667,656,645,634
2,700,13,700,687,674,661,648,635,622
2,700,17,700,683,666,649,632,615,598
2,700,19,700,681,662,643,624,605,586
2,701,2,701,699,697,695,693,691,689
2,701,3,701,698,695,692,689,686,683
2,701,5,701,696,691,686,681,676,671
2,701,7,701,694,687,680,673,666,659
2,701,11,701,690,679,668,657,646,635
2,701,13,701,688,675,662,649,636,623
2,701,17,701,684,667,650,633,616,599
2,701,19,701,682,663,644,625,606,587
2,702,2,702,700,698,696,694,692,690
2,702,3,702,699,696,693,690,687,684
2,702,5,702,697,692,687,682,677,672
2,702,7,702,695,688,681,674,667,660
2,702,11,702,691,680,669,658,647,636
2,702,13,702,689,676,663,650,637,624
2,702,17,702,685,668,651,634,617,600
2,702,19,702,683,664,645,626,607,588
2,703,2,703,701,699,697,695,693,691
2,703,3,703,700,697,694,691,688,685
2,703,5,703,698,693,688,683,678,673
2,703,7,703,696,689,682,675,668,661
2,703,11,703,692,681,670,659,648,637
2,703,13,703,690,677,664,651,638,625
2,703,17,703,686,669,652,635,618,601
2,703,19,703,684,665,646,627,608,589
2,704,2,704,702,700,698,696,694,692
2,704,3,704,701,698,695,692,689,686
2,704,5,704,699,694,689,684,679,674
2,704,7,704,697,690,683,676,669,662
2,704,11,704,693,682,671,660,649,638
2,704,13,704,691,678,665,652,639,626
2,704,17,704,687,670,653,636,619,602
2,704,19,704,685,666,647,628,609,590
2,705,2,705,703,701,699,697,695,693
2,705,3,705,702,699,696,693,690,687
2,705,5,705,700,695,690,685,680,675
2,705,7,705,698,691,684,677,670,663
2,705,11,705,694,683,672,661,650,639
2,705,13,705,692,679,666,653,640,627
2,705,17,705,688,671,654,637,620,603
2,705,19,705,686,667,648,629,610,591
2,706,2,706,704,702,700,698,696,694
2,706,3,706,703,700,697,694,691,688
2,706,5,706,701,696,691,686,681,676
2,706,7,706,699,692,685,678,671,664
2,706,11,706,695,684,673,662,651,640
2,706,13,706,693,680,667,654,641,628
2,706,17,706,689,672,655,638,621,604
2,706,19,706,687,668,649,630,611,592
2,707,2,707,705,703,701,699,697,695
2,707,3,707,704,701,698,695,692,689
2,707,5,707,702,697,692,687,682,677
2,707,7,707,700,693,686,679,672,665
2,707,11,707,696,685,674,663,652,641
2,707,13,707,694,681,668,655,642,629
2,707,17,707,690,673,656,639,622,605
2,707,19,707,688,669,650,631,612,593
2,708,2,708,706,704,702,700,698,696
2,708,3,708,705,702,699,696,693,690
2,708,5,708,703,698,693,688,683,678
2,708,7,708,701,694,687,680,673,666
2,708,11,708,697,686,675,664,653,642
2,708,13,708,695,682,669,656,643,630
2,708,17,708,691,674,657,640,623,606
2,708,19,708,689,670,651,632,613,594
2,709,2,709,707,705,703,701,699,697
2,709,3,709,706,703,700,697,694,691
2,709,5,709,704,699,694,689,684,679
2,709,7,709,702,695,688,681,674,667
2,709,11,709,698,687,676,665,654,643
2,709,13,709,696,683,670,657,644,631
2,709,17,709,692,675,658,641,624,607
2,709,19,709,690,671,652,633,614,595
2,710,2,710,708,706,704,702,700,698
2,710,3,710,707,704,701,698,695,692
2,710,5,710,705,700,695,690,685,680
2,710,7,710,703,696,689,682,675,668
2,710,11,710,699,688,677,666,655,644
2,710,13,710,697,684,671,658,645,632
2,710,17,710,693,676,659,642,625,608
2,710,19,710,691,672,653,634,615,596
2,711,2,711,709,707,705,703,701,699
2,711,3,711,708,705,702,699,696,693
2,711,5,711,706,701,696,691,686,681
2,711,7,711,704,697,690,683,676,669
2,711,11,711,700,689,678,667,656,645
2,711,13,711,698,685,672,659,646,633
2,711,17,711,694,677,660,643,626,609
2,711,19,711,692,673,654,635,616,597
2,712,2,712,710,708,706,704,702,700
2,712,3,712,709,706,703,700,697,694
2,712,5,712,707,702,697,692,687,682
2,712,7,712,705,698,691,684,677,670
2,712,11,712,701,690,679,668,657,646
2,712,13,712,699,686,673,660,647,634
2,712,17,712,695,678,661,644,627,610
2,712,19,712,693,674,655,636,617,598
2,713,2,713,711,709,707,705,703,701
2,713,3,713,710,707,704,701,698,695
2,713,5,713,708,703,698,693,688,683
2,713,7,713,706,699,692,685,678,671
2,713,11,713,702,691,680,669,658,647
2,713,13,713,700,687,674,661,648,635
2,713,17,713,696,679,662,645,628,611
2,713,19,713,694,675,656,637,618,599
2,714,2,714,712,710,708,706,704,702
2,714,3,714,711,708,705,702,699,696
2,714,5,714,709,704,699,694,689,684
2,714,7,714,707,700,693,686,679,672
2,714,11,714,703,692,681,670,659,648
2,714,13,714,701,688,675,662,649,636
2,714,17,714,697,680,663,646,629,612
2,714,19,714,695,676,657,638,619,600
2,715,2,715,713,711,709,707,705,703
2,715,3,715,712,709,706,703,700,697
2,715,5,715,710,705,700,695,690,685
2,715,7,715,708,701,694,687,680,673
2,715,11,715,704,693,682,671,660,649
2,715,13,715,702,689,676,663,650,637
2,715,17,715,698,681,664,647,630,613
2,715,19,715,696,677,658,639,620,601
2,716,2,716,714,712,710,708,706,704
2,716,3,716,713,710,707,704,701,698
2,716,5,716,711,706,701,696,691,686
2,716,7,716,709,702,695,688,681,674
2,716,11,716,705,694,683,672,661,650
2,716,13,716,703,690,677,664,651,638
2,716,17,716,699,682,665,648,631,614
2,716,19,716,697,678,659,640,621,602
2,717,2,717,715,713,711,709,707,705
2,717,3,717,714,711,708,705,702,699
2,717,5,717,712,707,702,697,692,687
2,717,7,717,710,703,696,689,682,675
2,717,11,717,706,695,684,673,662,651
2,717,13,717,704,691,678,665,652,639
2,717,17,717,700,683,666,649,632,615
2,717,19,717,698,679,660,641,622,603
2,718,2,718,716,714,712,710,708,706
2,718,3,718,715,712,709,706,703,700
2,718,5,718,713,708,703,698,693,688
2,718,7,718,711,704,697,690,683,676
2,718,11,718,707,696,685,674,663,652
2,718,13,718,705,692,679,666,653,640
2,718,17,718,701,684,667,650,633,616
2,718,19,718,699,680,661,642,623,604
2,719,2,719,717,715,713,711,709,707
2,719,3,719,716,713,710,707,704,701
2,719,5,719,714,709,704,699,694,689
2,719,7,719,712,705,698,691,684,677
2,719,11,719,708,697,686,675,664,653
2,719,13,719,706,693,680,667,654,641
2,719,17,719,702,685,668,651,634,617
2,719,19,719,700,681,662,643,624,605
2,720,2,720,718,716,714,712,710,708
2,720,3,720,717,714,711,708,705,702
2,720,5,720,715,710,705,700,695,690
2,720,7,720,713,706,699,692,685,678
2,720,11,720,709,698,687,676,665,654
2,720,13,720,707,694,681,668,655,642
2,720,17,720,703,686,669,652,635,618
2,720,19,720,701,682,663,644,625,606
2,721,2,721,719,717,715,713,711,709
2,721,3,721,718,715,712,709,706,703
2,721,5,721,716,711,706,701,696,691
2,721,7,721,714,707,700,693,686,679
2,721,11,721,710,699,688,677,666,655
2,721,13,721,708,695,682,669,656,643
2,721,17,721,704,687,670,653,636,619
2,721,19,721,702,683,664,645,626,607
2,722,2,722,720,718,716,714,712,710
2,722,3,722,719,716,713,710,707,704
2,722,5,722,717,712,707,702,697,692
2,722,7,722,715,708,701,694,687,680
2,722,11,722,711,700,689,678,667,656
2,722,13,722,709,696,683,670,657,644
2,722,17,722,705,688,671,654,637,620
2,722,19,722,703,684,665,646,627,608
2,723,2,723,721,719,717,715,713,711
2,723,3,723,720,717,714,711,708,705
2,723,5,723,718,713,708,703,698,693
2,723,7,723,716,709,702,695,688,681
2,723,11,723,712,701,690,679,668,657
2,723,13,723,710,697,684,671,658,645
2,723,17,723,706,689,672,655,638,621
2,723,19,723,704,685,666,647,628,609
2,724,2,724,722,720,718,716,714,712
2,724,3,724,721,718,715,712,709,706
2,724,5,724,719,714,709,704,699,694
2,724,7,724,717,710,703,696,689,682
2,724,11,724,713,702,691,680,669,658
2,724,13,724,711,698,685,672,659,646
2,724,17,724,707,690,673,656,639,622
2,724,19,724,705,686,667,648,629,610
2,725,2,725,723,721,719,717,715,713
2,725,3,725,722,719,716,713,710,707
2,725,5,725,720,715,710,705,700,695
2,725,7,725,718,711,704,697,690,683
2,725,11,725,714,703,692,681,670,659
2,725,13,725,712,699,686,673,660,647
2,725,17,725,708,691,674,657,640,623
2,725,19,725,706,687,668,649,630,611
2,726,2,726,724,722,720,718,716,714
2,726,3,726,723,720,717,714,711,708
2,726,5,726,721,716,711,706,701,696
2,726,7,726,719,712,705,698,691,684
2,726,11,726,715,704,693,682,671,660
2,726,13,726,713,700,687,674,661,648
2,726,17,726,709,692,675,658,641,624
2,726,19,726,707,688,669,650,631,612
2,727,2,727,725,723,721,719,717,715
2,727,3,727,724,721,718,715,712,709
2,727,5,727,722,717,712,707,702,697
2,727,7,727,720,713,706,699,692,685
2,727,11,727,716,705,694,683,672,661
2,727,13,727,714,701,688,675,662,649
2,727,17,727,710,693,676,659,642,625
2,727,19,727,708,689,670,651,632,613
2,728,2,728,726,724,722,720,718,716
2,728,3,728,725,722,719,716,713,710
2,728,5,728,723,718,713,708,703,698
2,728,7,728,721,714,707,700,693,686
2,728,11,728,717,706,695,684,673,662
2,728,13,728,715,702,689,676,663,650
2,728,17,728,711,694,677,660,643,626
2,728,19,728,709,690,671,652,633,614
2,729,2,729,727,725,723,721,719,717
2,729,3,729,726,723,720,717,714,711
2,729,5,729,724,719,714,709,704,699
2,729,7,729,722,715,708,701,694,687
2,729,11,729,718,707,696,685,674,663
2,729,13,729,716,703,690,677,664,651
2,729,17,729,712,695,678,661,644,627
2,729,19,729,710,691,672,653,634,615
2,730,2,730,728,726,724,722,720,718
2,730,3,730,727,724,721,718,715,712
2,730,5,730,725,720,715,710,705,700
2,730,7,730,723,716,709,702,695,688
2,730,11,730,719,708,697,686,675,664
2,730,13,730,717,704,691,678,665,652
2,730,17,730,713,696,679,662,645,628
2,730,19,730,711,692,673,654,635,616
2,731,2,731,729,727,725,723,721,719
2,731,3,731,728,725,722,719,716,713
2,731,5,731,726,721,716,711,706,701
2,731,7,731,724,717,710,703,696,689
2,731,11,731,720,709,698,687,676,665
2,731,13,731,718,705,692,679,666,653
2,731,17,731,714,697,680,663,646,629
2,731,19,731,712,693,674,655,636,617
2,732,2,732,730,728,726,724,722,720
2,732,3,732,729,726,723,720,717,714
2,732,5,732,727,722,717,712,707,702
2,732,7,732,725,718,711,704,697,690
2,732,11,732,721,710,699,688,677,666
2,732,13,732,719,706,693,680,667,654
2,732,17,732,715,698,681,664,647,630
2,732,19,732,713,694,675,656,637,618
2,733,2,733,731,729,727,725,723,721
2,733,3,733,730,727,724,721,718,715
2,733,5,733,728,723,718,713,708,703
2,733,7,733,726,719,712,705,698,691
2,733,11,733,722,711,700,689,678,667
2,733,13,733,720,707,694,681,668,655
2,733,17,733,716,699,682,665,648,631
2,733,19,733,714,695,676,657,638,619
2,734,2,734,732,730,728,726,724,722
2,734,3,734,731,728,725,722,719,716
2,734,5,734,729,724,719,714,709,704
2,734,7,734,727,720,713,706,699,692
2,734,11,734,723,712,701,690,679,668
2,734,13,734,721,708,695,682,669,656
2,734,17,734,717,700,683,666,649,632
2,734,19,734,715,696,677,658,639,620
2,735,2,735,733,731,729,727,725,723
2,735,3,735,732,729,726,723,720,717
2,735,5,735,730,725,720,715,710,705
2,735,7,735,728,721,714,707,700,693
2,735,11,735,724,713,702,691,680,669
2,735,13,735,722,709,696,683,670,657
2,735,17,735,718,701,684,667,650,633
2,735,19,735,716,697,678,659,640,621
2,736,2,736,734,732,730,728,726,724
2,736,3,736,733,730,727,724,721,718
2,736,5,736,731,726,721,716,711,706
2,736,7,736,729,722,715,708,701,694
2,736,11,736,725,714,703,692,681,670
2,736,13,736,723,710,697,684,671,658
2,736,17,736,719,702,685,668,651,634
2,736,19,736,717,698,679,660,641,622
2,737,2,737,735,733,731,729,727,725
2,737,3,737,734,731,728,725,722,719
2,737,5,737,732,727,722,717,712,707
2,737,7,737,730,723,716,709,702,695
2,737,11,737,726,715,704,693,682,671
2,737,13,737,724,711,698,685,672,659
2,737,17,737,720,703,686,669,652,635
2,737,19,737,718,699,680,661,642,623
2,738,2,738,736,734,732,730,728,726
2,738,3,738,735,732,729,726,723,720
2,738,5,738,733,728,723,718,713,708
2,738,7,738,731,724,717,710,703,696
2,738,11,738,727,716,705,694,683,672
2,738,13,738,725,712,699,686,673,660
2,738,17,738,721,704,687,670,653,636
2,738,19,738,719,700,681,662,643,624
2,739,2,739,737,735,733,731,729,727
2,739,3,739,736,733,730,727,724,721
2,739,5,739,734,729,724,719,714,709
2,739,7,739,732,725,718,711,704,697
2,739,11,739,728,717,706,695,684,673
2,739,13,739,726,713,700,687,674,661
2,739,17,739,722,705,688,671,654,637
2,739,19,739,720,701,682,663,644,625
2,740,2,740,738,736,734,732,730,728
2,740,3,740,737,734,731,728,725,722
2,740,5,740,735,730,725,720,715,710
2,740,7,740,733,726,719,712,705,698
2,740,11,740,729,718,707,696,685,674
2,740,13,740,727,714,701,688,675,662
2,740,17,740,723,706,689,672,655,638
2,740,19,740,721,702,683,664,645,626
2,741,2,741,739,737,735,733,731,729
2,741,3,741,738,735,732,729,726,723
2,741,5,741,736,731,726,721,716,711
2,741,7,741,734,727,720,713,706,699
2,741,11,741,730,719,708,697,686,675
2,741,13,741,728,715,702,689,676,663
2,741,17,741,724,707,690,673,656,639
2,741,19,741,722,703,684,665,646,627
2,742,2,742,740,738,736,734,732,730
2,742,3,742,739,736,733,730,727,724
2,742,5,742,737,732,727,722,717,712
2,742,7,742,735,728,721,714,707,700
2,742,11,742,731,720,709,698,687,676
2,742,13,742,729,716,703,690,677,664
2,742,17,742,725,708,691,674,657,640
2,742,19,742,723,704,685,666,647,628
2,743,2,743,741,739,737,735,733,731
2,743,3,743,740,737,734,731,728,725
2,743,5,743,738,733,728,723,718,713
2,743,7,743,736,729,722,715,708,701
2,743,11,743,732,721,710,699,688,677
2,743,13,743,730,717,704,691,678,665
2,743,17,743,726,709,692,675,658,641
2,743,19,743,724,705,686,667,648,629
2,744,2,744,742,740,738,736,734,732
2,744,3,744,741,738,735,732,729,726
2,744,5,744,739,734,729,724,719,714
2,744,7,744,737,730,723,716,709,702
2,744,11,744,733,722,711,700,689,678
2,744,13,744,731,718,705,692,679,666
2,744,17,744,727,710,693,676,659,642
2,744,19,744,725,706,687,668,649,630
2,745,2,745,743,741,739,737,735,733
2,745,3,745,742,739,736,733,730,727
2,745,5,745,740,735,730,725,720,715
2,745,7,745,738,731,724,717,710,703
2,745,11,745,734,723,712,701,690,679
2,745,13,745,732,719,706,693,680,667
2,745,17,745,728,711,694,677,660,643
2,745,19,745,726,707,688,669,650,631
2,746,2,746,744,742,740,738,736,734
2,746,3,746,743,740,737,734,731,728
2,746,5,746,741,736,731,726,721,716
2,746,7,746,739,732,725,718,711,704
2,746,11,746,735,724,713,702,691,680
2,746,13,746,733,720,707,694,681,668
2,746,17,746,729,712,695,678,661,644
2,746,19,746,727,708,689,670,651,632
2,747,2,747,745,743,741,739,737,735
2,747,3,747,744,741,738,735,732,729
2,747,5,747,742,737,732,727,722,717
2,747,7,747,740,733,726,719,712,705
2,747,11,747,736,725,714,703,692,681
2,747,13,747,734,721,708,695,682,669
2,747,17,747,730,713,696,679,662,645
2,747,19,747,728,709,690,671,652,633
2,748,2,748,746,744,742,740,738,736
2,748,3,748,745,742,739,736,733,730
2,748,5,748,743,738,733,728,723,718
2,748,7,748,741,734,727,720,713,706
2,748,11,748,737,726,715,704,693,682
2,748,13,748,735,722,709,696,683,670
2,748,17,748,731,714,697,680,663,646
2,748,19,748,729,710,691,672,653,634
2,749,2,749,747,745,743,741,739,737
2,749,3,749,746,743,740,737,734,731
2,749,5,749,744,739,734,729,724,719
2,749,7,749,742,735,728,721,714,707
2,749,11,749,738,727,716,705,694,683
2,749,13,749,736,723,710,697,684,671
2,749,17,749,732,715,698,681,664,647
2,749,19,749,730,711,692,673,654,635
2,750,2,750,748,746,744,742,740,738
2,750,3,750,747,744,741,738,735,732
2,750,5,750,745,740,735,730,725,720
2,750,7,750,743,736,729,722,715,708
2,750,11,750,739,728,717,706,695,684
2,750,13,750,737,724,711,698,685,672
2,750,17,750,733,716,699,682,665,648
2,750,19,750,731,712,693,674,655,636
2,751,2,751,749,747,745,743,741,739
2,751,3,751,748,745,742,739,736,733
2,751,5,751,746,741,736,731,726,721
2,751,7,751,744,737,730,723,716,709
2,751,11,751,740,729,718,707,696,685
2,751,13,751,738,725,712,699,686,673
2,751,17,751,734,717,700,683,666,649
2,751,19,751,732,713,694,675,656,637
2,752,2,752,750,748,746,744,742,740
2,752,3,752,749,746,743,740,737,734
2,752,5,752,747,742,737,732,727,722
2,752,7,752,745,738,731,724,717,710
2,752,11,752,741,730,719,708,697,686
2,752,13,752,739,726,713,700,687,674
2,752,17,752,735,718,701,684,667,650
2,752,19,752,733,714,695,676,657,638
2,753,2,753,751,749,747,745,743,741
2,753,3,753,750,747,744,741,738,735
2,753,5,753,748,743,738,733,728,723
2,753,7,753,746,739,732,725,718,711
2,753,11,753,742,731,720,709,698,687
2,753,13,753,740,727,714,701,688,675
2,753,17,753,736,719,702,685,668,651
2,753,19,753,734,715,696,677,658,639
2,754,2,754,752,750,748,746,744,742
2,754,3,754,751,748,745,742,739,736
2,754,5,754,749,744,739,734,729,724
2,754,7,754,747,740,733,726,719,712
2,754,11,754,743,732,721,710,699,688
2,754,13,754,741,728,715,702,689,676
2,754,17,754,737,720,703,686,669,652
2,754,19,754,735,716,697,678,659,640
2,755,2,755,753,751,749,747,745,743
2,755,3,755,752,749,746,743,740,737
2,755,5,755,750,745,740,735,730,725
2,755,7,755,748,741,734,727,720,713
2,755,11,755,744,733,722,711,700,689
2,755,13,755,742,729,716,703,690,677
2,755,17,755,738,721,704,687,670,653
2,755,19,755,736,717,698,679,660,641
2,756,2,756,754,752,750,748,746,744
2,756,3,756,753,750,747,744,741,738
2,756,5,756,751,746,741,736,731,726
2,756,7,756,749,742,735,728,721,714
2,756,11,756,745,734,723,712,701,690
2,756,13,756,743,730,717,704,691,678
2,756,17,756,739,722,705,688,671,654
2,756,19,756,737,718,699,680,661,642
2,757,2,757,755,753,751,749,747,745
2,757,3,757,754,751,748,745,742,739
2,757,5,757,752,747,742,737,732,727
2,757,7,757,750,743,736,729,722,715
2,757,11,757,746,735,724,713,702,691
2,757,13,757,744,731,718,705,692,679
2,757,17,757,740,723,706,689,672,655
2,757,19,757,738,719,700,681,662,643
2,758,2,758,756,754,752,750,748,746
2,758,3,758,755,752,749,746,743,740
2,758,5,758,753,748,743,738,733,728
2,758,7,758,751,744,737,730,723,716
2,758,11,758,747,736,725,714,703,692
2,758,13,758,745,732,719,706,693,680
2,758,17,758,741,724,707,690,673,656
2,758,19,758,739,720,701,682,663,644
2,759,2,759,757,755,753,751,749,747
2,759,3,759,756,753,750,747,744,741
2,759,5,759,754,749,744,739,734,729
2,759,7,759,752,745,738,731,724,717
2,759,11,759,748,737,726,715,704,693
2,759,13,759,746,733,720,707,694,681
2,759,17,759,742,725,708,691,674,657
2,759,19,759,740,721,702,683,664,645
2,760,2,760,758,756,754,752,750,748
2,760,3,760,757,754,751,748,745,742
2,760,5,760,755,750,745,740,735,730
2,760,7,760,753,746,739,732,725,718
2,760,11,760,749,738,727,716,705,694
2,760,13,760,747,734,721,708,695,682
2,760,17,760,743,726,709,692,675,658
2,760,19,760,741,722,703,684,665,646
2,761,2,761,759,757,755,753,751,749
2,761,3,761,758,755,752,749,746,743
2,761,5,761,756,751,746,741,736,731
2,761,7,761,754,747,740,733,726,719
2,761,11,761,750,739,728,717,706,695
2,761,13,761,748,735,722,709,696,683
2,761,17,761,744,727,710,693,676,659
2,761,19,761,742,723,704,685,666,647
2,762,2,762,760,758,756,754,752,750
2,762,3,762,759,756,753,750,747,744
2,762,5,762,757,752,747,742,737,732
2,762,7,762,755,748,741,734,727,720
2,762,11,762,751,740,729,718,707,696
2,762,13,762,749,736,723,710,697,684
2,762,17,762,745,728,711,694,677,660
2,762,19,762,743,724,705,686,667,648
2,763,2,763,761,759,757,755,753,751
2,763,3,763,760,757,754,751,748,745
2,763,5,763,758,753,748,743,738,733
2,763,7,763,756,749,742,735,728,721
2,763,11,763,752,741,730,719,708,697
2,763,13,763,750,737,724,711,698,685
2,763,17,763,746,729,712,695,678,661
2,763,19,763,744,725,706,687,668,649
2,764,2,764,762,760,758,756,754,752
2,764,3,764,761,758,755,752,749,746
2,764,5,764,759,754,749,744,739,734
2,764,7,764,757,750,743,736,729,722
2,764,11,764,753,742,731,720,709,698
2,764,13,764,751,738,725,712,699,686
2,764,17,764,747,730,713,696,679,662
2,764,19,764,745,726,707,688,669,650
2,765,2,765,763,761,759,757,755,753
2,765,3,765,762,759,756,753,750,747
2,765,5,765,760,755,750,745,740,735
2,765,7,765,758,751,744,737,730,723
2,765,11,765,754,743,732,721,710,699
2,765,13,765,752,739,726,713,700,687
2,765,17,765,748,731,714,697,680,663
2,765,19,765,746,727,708,689,670,651
2,766,2,766,764,762,760,758,756,754
2,766,3,766,763,760,757,754,751,748
2,766,5,766,761,756,751,746,741,736
2,766,7,766,759,752,745,738,731,724
2,766,11,766,755,744,733,722,711,700
2,766,13,766,753,740,727,714,701,688
2,766,17,766,749,732,715,698,681,664
2,766,19,766,747,728,709,690,671,652
2,767,2,767,765,763,761,759,757,755
2,767,3,767,764,761,758,755,752,749
2,767,5,767,762,757,752,747,742,737
2,767,7,767,760,753,746,739,732,725
2,767,11,767,756,745,734,723,712,701
2,767,13,767,754,741,728,715,702,689
2,767,17,767,750,733,716,699,682,665
2,767,19,767,748,729,710,691,672,653
2,768,2,768,766,764,762,760,758,756
2,768,3,768,765,762,759,756,753,750
2,768,5,768,763,758,753,748,743,738
2,768,7,768,761,754,747,740,733,726
2,768,11,768,757,746,735,724,713,702
2,768,13,768,755,742,729,716,703,690
2,768,17,768,751,734,717,700,683,666
2,768,19,768,749,730,711,692,673,654
2,769,2,769,767,765,763,761,759,757
2,769,3,769,766,763,760,757,754,751
2,769,5,769,764,759,754,749,744,739
2,769,7,769,762,755,748,741,734,727
2,769,11,769,758,747,736,725,714,703
2,769,13,769,756,743,730,717,704,691
2,769,17,769,752,735,718,701,684,667
2,769,19,769,750,731,712,693,674,655
2,770,2,770,768,766,764,762,760,758
2,770,3,770,767,764,761,758,755,752
2,770,5,770,765,760,755,750,745,740
2,770,7,770,763,756,749,742,735,728
2,770,11,770,759,748,737,726,715,704
2,770,13,770,757,744,731,718,705,692
2,770,17,770,753,736,719,702,685,668
2,770,19,770,751,732,713,694,675,656
2,771,2,771,769,767,765,763,761,759
2,771,3,771,768,765,762,759,756,753
2,771,5,771,766,761,756,751,746,741
2,771,7,771,764,757,750,743,736,729
2,771,11,771,760,749,738,727,716,705
2,771,13,771,758,745,732,719,706,693
2,771,17,771,754,737,720,703,686,669
2,771,19,771,752,733,714,695,676,657
2,772,2,772,770,768,766,764,762,760
2,772,3,772,769,766,763,760,757,754
2,772,5,772,767,762,757,752,747,742
2,772,7,772,765,758,751,744,737,730
2,772,11,772,761,750,739,728,717,706
2,772,13,772,759,746,733,720,707,694
2,772,17,772,755,738,721,704,687,670
2,772,19,772,753,734,715,696,677,658
2,773,2,773,771,769,767,765,763,761
2,773,3,773,770,767,764,761,758,755
2,773,5,773,768,763,758,753,748,743
2,773,7,773,766,759,752,745,738,731
2,773,11,773,762,751,740,729,718,707
2,773,13,773,760,747,734,721,708,695
2,773,17,773,756,739,722,705,688,671
2,773,19,773,754,735,716,697,678,659
2,774,2,774,772,770,768,766,764,762
2,774,3,774,771,768,765,762,759,756
2,774,5,774,769,764,759,754,749,744
2,774,7,774,767,760,753,746,739,732
2,774,11,774,763,752,741,730,719,708
2,774,13,774,761,748,735,722,709,696
2,774,17,774,757,740,723,706,689,672
2,774,19,774,755,736,717,698,679,660
2,775,2,775,773,771,769,767,765,763
2,775,3,775,772,769,766,763,760,757
2,775,5,775,770,765,760,755,750,745
2,775,7,775,768,761,754,747,740,733
2,775,11,775,764,753,742,731,720,709
2,775,13,775,762,749,736,723,710,697
2,775,17,775,758,741,724,707,690,673
2,775,19,775,756,737,718,699,680,661
2,776,2,776,774,772,770,768,766,764
2,776,3,776,773,770,767,764,761,758
2,776,5,776,771,766,761,756,751,746
2,776,7,776,769,762,755,748,741,734
2,776,11,776,765,754,743,732,721,710
2,776,13,776,763,750,737,724,711,698
2,776,17,776,759,742,725,708,691,674
2,776,19,776,757,738,719,700,681,662
2,777,2,777,775,773,771,769,767,765
2,777,3,777,774,771,768,765,762,759
2,777,5,777,772,767,762,757,752,747
2,777,7,777,770,763,756,749,742,735
2,777,11,777,766,755,744,733,722,711
2,777,13,777,764,751,738,725,712,699
2,777,17,777,760,743,726,709,692,675
2,777,19,777,758,739,720,701,682,663
2,778,2,778,776,774,772,770,768,766
2,778,3,778,775,772,769,766,763,760
2,778,5,778,773,768,763,758,753,748
2,778,7,778,771,764,757,750,743,736
2,778,11,778,767,756,745,734,723,712
2,778,13,778,765,752,739,726,713,700
2,778,17,778,761,744,727,710,693,676
2,778,19,778,759,740,721,702,683,664
2,779,2,779,777,775,773,771,769,767
2,779,3,779,776,773,770,767,764,761
2,779,5,779,774,769,764,759,754,749
2,779,7,779,772,765,758,751,744,737
2,779,11,779,768,757,746,735,724,713
2,779,13,779,766,753,740,727,714,701
2,779,17,779,762,745,728,711,694,677
2,779,19,779,760,741,722,703,684,665
2,780,2,780,778,776,774,772,770,768
2,780,3,780,777,774,771,768,765,762
2,780,5,780,775,770,765,760,755,750
2,780,7,780,773,766,759,752,745,738
2,780,11,780,769,758,747,736,725,714
2,780,13,780,767,754,741,728,715,702
2,780,17,780,763,746,729,712,695,678
2,780,19,780,761,742,723,704,685,666
2,781,2,781,779,777,775,773,771,769
2,781,3,781,778,775,772,769,766,763
2,781,5,781,776,771,766,761,756,751
2,781,7,781,774,767,760,753,746,739
2,781,11,781,770,759,748,737,726,715
2,781,13,781,768,755,742,729,716,703
2,781,17,781,764,747,730,713,696,679
2,781,19,781,762,743,724,705,686,667
2,782,2,782,780,778,776,774,772,770
2,782,3,782,779,776,773,770,767,764
2,782,5,782,777,772,767,762,757,752
2,782,7,782,775,768,761,754,747,740
2,782,11,782,771,760,749,738,727,716
2,782,13,782,769,756,743,730,717,704
2,782,17,782,765,748,731,714,697,680
2,782,19,782,763,744,725,706,687,668
2,783,2,783,781,779,777,775,773,771
2,783,3,783,780,777,774,771,768,765
2,783,5,783,778,773,768,763,758,753
2,783,7,783,776,769,762,755,748,741
2,783,11,783,772,761,750,739,728,717
2,783,13,783,770,757,744,731,718,705
2,783,17,783,766,749,732,715,698,681
2,783,19,783,764,745,726,707,688,669
2,784,2,784,782,780,778,776,774,772
2,784,3,784,781,778,775,772,769,766
2,784,5,784,779,774,769,764,759,754
2,784,7,784,777,770,763,756,749,742
2,784,11,784,773,762,751,740,729,718
2,784,13,784,771,758,745,732,719,706
2,784,17,784,767,750,733,716,699,682
2,784,19,784,765,746,727,708,689,670
2,785,2,785,783,781,779,777,775,773
2,785,3,785,782,779,776,773,770,767
2,785,5,785,780,775,770,765,760,755
2,785,7,785,778,771,764,757,750,743
2,785,11,785,774,763,752,741,730,719
2,785,13,785,772,759,746,733,720,707
2,785,17,785,768,751,734,717,700,683
2,785,19,785,766,747,728,709,690,671
2,786,2,786,784,782,780,778,776,774
2,786,3,786,783,780,777,774,771,768
2,786,5,786,781,776,771,766,761,756
2,786,7,786,779,772,765,758,751,744
2,786,11,786,775,764,753,742,731,720
2,786,13,786,773,760,747,734,721,708
2,786,17,786,769,752,735,718,701,684
2,786,19,786,767,748,729,710,691,672
2,787,2,787,785,783,781,779,777,775
2,787,3,787,784,781,778,775,772,769
2,787,5,787,782,777,772,767,762,757
2,787,7,787,780,773,766,759,752,745
2,787,11,787,776,765,754,743,732,721
2,787,13,787,774,761,748,735,722,709
2,787,17,787,770,753,736,719,702,685
2,787,19,787,768,749,730,711,692,673
2,788,2,788,786,784,782,780,778,776
2,788,3,788,785,782,779,776,773,770
2,788,5,788,783,778,773,768,763,758
2,788,7,788,781,774,767,760,753,746
2,788,11,788,777,766,755,744,733,722
2,788,13,788,775,762,749,736,723,710
2,788,17,788,771,754,737,720,703,686
2,788,19,788,769,750,731,712,693,674
2,789,2,789,787,785,783,781,779,777
2,789,3,789,786,783,780,777,774,771
2,789,5,789,784,779,774,769,764,759
2,789,7,789,782,775,768,761,754,747
2,789,11,789,778,767,756,745,734,723
2,789,13,789,776,763,750,737,724,711
2,789,17,789,772,755,738,721,704,687
2,789,19,789,770,751,732,713,694,675
2,790,2,790,788,786,784,782,780,778
2,790,3,790,787,784,781,778,775,772
2,790,5,790,785,780,775,770,765,760
2,790,7,790,783,776,769,762,755,748
2,790,11,790,779,768,757,746,735,724
2,790,13,790,777,764,751,738,725,712
2,790,17,790,773,756,739,722,705,688
2,790,19,790,771,752,733,714,695,676
2,791,2,791,789,787,785,783,781,779
2,791,3,791,788,785,782,779,776,773
2,791,5,791,786,781,776,771,766,761
2,791,7,791,784,777,770,763,756,749
2,791,11,791,780,769,758,747,736,725
2,791,13,791,778,765,752,739,726,713
2,791,17,791,774,757,740,723,706,689
2,791,19,791,772,753,734,715,696,677
2,792,2,792,790,788,786,784,782,780
2,792,3,792,789,786,783,780,777,774
2,792,5,792,787,782,777,772,767,762
2,792,7,792,785,778,771,764,757,750
2,792,11,792,781,770,759,748,737,726
2,792,13,792,779,766,753,740,727,714
2,792,17,792,775,758,741,724,707,690
2,792,19,792,773,754,735,716,697,678
2,793,2,793,791,789,787,785,783,781
2,793,3,793,790,787,784,781,778,775
2,793,5,793,788,783,778,773,768,763
2,793,7,793,786,779,772,765,758,751
2,793,11,793,782,771,760,749,738,727
2,793,13,793,780,767,754,741,728,715
2,793,17,793,776,759,742,725,708,691
2,793,19,793,774,755,736,717,698,679
2,794,2,794,792,790,788,786,784,782
2,794,3,794,791,788,785,782,779,776
2,794,5,794,789,784,779,774,769,764
2,794,7,794,787,780,773,766,759,752
2,794,11,794,783,772,761,750,739,728
2,794,13,794,781,768,755,742,729,716
2,794,17,794,777,760,743,726,709,692
2,794,19,794,775,756,737,718,699,680
2,795,2,795,793,791,789,787,785,783
2,795,3,795,792,789,786,783,780,777
2,795,5,795,790,785,780,775,770,765
2,795,7,795,788,781,774,767,760,753
2,795,11,795,784,773,762,751,740,729
2,795,13,795,782,769,756,743,730,717
2,795,17,795,778,761,744,727,710,693
2,795,19,795,776,757,738,719,700,681
2,796,2,796,794,792,790,788,786,784
2,796,3,796,793,790,787,784,781,778
2,796,5,796,791,786,781,776,771,766
2,796,7,796,789,782,775,768,761,754
2,796,11,796,785,774,763,752,741,730
2,796,13,796,783,770,757,744,731,718
2,796,17,796,779,762,745,728,711,694
2,796,19,796,777,758,739,720,701,682
2,797,2,797,795,793,791,789,787,785
2,797,3,797,794,791,788,785,782,779
2,797,5,797,792,787,782,777,772,767
2,797,7,797,790,783,776,769,762,755
2,797,11,797,786,775,764,753,742,731
2,797,13,797,784,771,758,745,732,719
2,797,17,797,780,763,746,729,712,695
2,797,19,797,778,759,740,721,702,683
2,798,2,798,796,794,792,790,788,786
2,798,3,798,795,792,789,786,783,780
2,798,5,798,793,788,783,778,773,768
2,798,7,798,791,784,777,770,763,756
2,798,11,798,787,776,765,754,743,732
2,798,13,798,785,772,759,746,733,720
2,798,17,798,781,764,747,730,713,696
2,798,19,798,779,760,741,722,703,684
2,799,2,799,797,795,793,791,789,787
2,799,3,799,796,793,790,787,784,781
2,799,5,799,794,789,784,779,774,769
2,799,7,799,792,785,778,771,764,757
2,799,11,799,788,777,766,755,744,733
2,799,13,799,786,773,760,747,734,721
2,799,17,799,782,765,748,731,714,697
2,799,19,799,780,761,742,723,704,685
2,800,2,800,798,796,794,792,790,788
2,800,3,800,797,794,791,788,785,782
2,800,5,800,795,790,785,780,775,770
2,800,7,800,793,786,779,772,765,758
2,800,11,800,789,778,767,756,745,734
2,800,13,800,787,774,761,748,735,722
2,800,17,800,783,766,749,732,715,698
2,800,19,800,781,762,743,724,705,686
3,801,2,801,799,797,795,793,791,789
3,801,3,801,798,795,792,789,786,783
3,801,5,801,796,791,786,781,776,771
3,801,7,801,794,787,780,773,766,759
3,801,11,801,790,779,768,757,746,735
3,801,13,801,788,775,762,749,736,723
3,801,17,801,784,767,750,733,716,699
3,801,19,801,782,763,744,725,706,687
3,802,2,802,800,798,796,794,792,790
3,802,3,802,799,796,793,790,787,784
3,802,5,802,797,792,787,782,777,772
3,802,7,802,795,788,781,774,767,760
3,802,11,802,791,780,769,758,747,736
3,802,13,802,789,776,763,750,737,724
3,802,17,802,785,768,751,734,717,700
3,802,19,802,783,764,745,726,707,688
3,803,2,803,801,799,797,795,793,791
3,803,3,803,800,797,794,791,788,785
3,803,5,803,798,793,788,783,778,773
3,803,7,803,796,789,782,775,768,761
3,803,11,803,792,781,770,759,748,737
3,803,13,803,790,777,764,751,738,725
3,803,17,803,786,769,752,735,718,701
3,803,19,803,784,765,746,727,708,689
3,804,2,804,802,800,798,796,794,792
3,804,3,804,801,798,795,792,789,786
3,804,5,804,799,794,789,784,779,774
3,804,7,804,797,790,783,776,769,762
3,804,11,804,793,782,771,760,749,738
3,804,13,804,791,778,765,752,739,726
3,804,17,804,787,770,753,736,719,702
3,804,19,804,785,766,747,728,709,690
3,805,2,805,803,801,799,797,795,793
3,805,3,805,802,799,796,793,790,787
3,805,5,805,800,795,790,785,780,775
3,805,7,805,798,791,784,777,770,763
3,805,11,805,794,783,772,761,750,739
3,805,13,805,792,779,766,753,740,727
3,805,17,805,788,771,754,737,720,703
3,805,19,805,786,767,748,729,710,691
3,806,2,806,804,802,800,798,796,794
3,806,3,806,803,800,797,794,791,788
3,806,5,806,801,796,791,786,781,776
3,806,7,806,799,792,785,778,771,764
3,806,11,806,795,784,773,762,751,740
3,806,13,806,793,780,767,754,741,728
3,806,17,806,789,772,755,738,721,704
3,806,19,806,787,768,749,730,711,692
3,807,2,807,805,803,801,799,797,795
3,807,3,807,804,801,798,795,792,789
3,807,5,807,802,797,792,787,782,777
3,807,7,807,800,793,786,779,772,765
3,807,11,807,796,785,774,763,752,741
3,807,13,807,794,781,768,755,742,729
3,807,17,807,790,773,756,739,722,705
3,807,19,807,788,769,750,731,712,693
3,808,2,808,806,804,802,800,798,796
3,808,3,808,805,802,799,796,793,790
3,808,5,808,803,798,793,788,783,778
3,808,7,808,801,794,787,780,773,766
3,808,11,808,797,786,775,764,753,742
3,808,13,808,795,782,769,756,743,730
3,808,17,808,791,774,757,740,723,706
3,808,19,808,789,770,751,732,713,694
3,809,2,809,807,805,803,801,799,797
3,809,3,809,806,803,800,797,794,791
3,809,5,809,804,799,794,789,784,779
3,809,7,809,802,795,788,781,774,767
3,809,11,809,798,787,776,765,754,743
3,809,13,809,796,783,770,757,744,731
3,809,17,809,792,775,758,741,724,707
3,809,19,809,790,771,752,733,714,695
3,810,2,810,808,806,804,802,800,798
3,810,3,810,807,804,801,798,795,792
3,810,5,810,805,800,795,790,785,780
3,810,7,810,803,796,789,782,775,768
3,810,11,810,799,788,777,766,755,744
3,810,13,810,797,784,771,758,745,732
3,810,17,810,793,776,759,742,725,708
3,810,19,810,791,772,753,734,715,696
3,811,2,811,809,807,805,803,801,799
3,811,3,811,808,805,802,799,796,793
3,811,5,811,806,801,796,791,786,781
3,811,7,811,804,797,790,783,776,769
3,811,11,811,800,789,778,767,756,745
3,811,13,811,798,785,772,759,746,733
3,811,17,811,794,777,760,743,726,709
3,811,19,811,792,773,754,735,716,697
3,812,2,812,810,808,806,804,802,800
3,812,3,812,809,806,803,800,797,794
3,812,5,812,807,802,797,792,787,782
3,812,7,812,805,798,791,784,777,770
3,812,11,812,801,790,779,768,757,746
3,812,13,812,799,786,773,760,747,734
3,812,17,812,795,778,761,744,727,710
3,812,19,812,793,774,755,736,717,698
3,813,2,813,811,809,807,805,803,801
3,813,3,813,810,807,804,801,798,795
3,813,5,813,808,803,798,793,788,783
3,813,7,813,806,799,792,785,778,771
3,813,11,813,802,791,780,769,758,747
3,813,13,813,800,787,774,761,748,735
3,813,17,813,796,779,762,745,728,711
3,813,19,813,794,775,756,737,718,699
3,814,2,814,812,810,808,806,804,802
3,814,3,814,811,808,805,802,799,796
3,814,5,814,809,804,799,794,789,784
3,814,7,814,807,800,793,786,779,772
3,814,11,814,803,792,781,770,759,748
3,814,13,814,801,788,775,762,749,736
3,814,17,814,797,780,763,746,729,712
3,814,19,814,795,776,757,738,719,700
3,815,2,815,813,811,809,807,805,803
3,815,3,815,812,809,806,803,800,797
3,815,5,815,810,805,800,795,790,785
3,815,7,815,808,801,794,787,780,773
3,815,11,815,804,793,782,771,760,749
3,815,13,815,802,789,776,763,750,737
3,815,17,815,798,781,764,747,730,713
3,815,19,815,796,777,758,739,720,701
3,816,2,816,814,812,810,808,806,804
3,816,3,816,813,810,807,804,801,798
3,816,5,816,811,806,801,796,791,786
3,816,7,816,809,802,795,788,781,774
3,816,11,816,805,794,783,772,761,750
3,816,13,816,803,790,777,764,751,738
3,816,17,816,799,782,765,748,731,714
3,816,19,816,797,778,759,740,721,702
3,817,2,817,815,813,811,809,807,805
3,817,3,817,814,811,808,805,802,799
3,817,5,817,812,807,802,797,792,787
3,817,7,817,810,803,796,789,782,775
3,817,11,817,806,795,784,773,762,751
3,817,13,817,804,791,778,765,752,739
3,817,17,817,800,783,766,749,732,715
3,817,19,817,798,779,760,741,722,703
3,818,2,818,816,814,812,810,808,806
3,818,3,818,815,812,809,806,803,800
3,818,5,818,813,808,803,798,793,788
3,818,7,818,811,804,797,790,783,776
3,818,11,818,807,796,785,774,763,752
3,818,13,818,805,792,779,766,753,740
3,818,17,818,801,784,767,750,733,716
3,818,19,818,799,780,761,742,723,704
3,819,2,819,817,815,813,811,809,807
3,819,3,819,816,813,810,807,804,801
3,819,5,819,814,809,804,799,794,789
3,819,7,819,812,805,798,791,784,777
3,819,11,819,808,797,786,775,764,753
3,819,13,819,806,793,780,767,754,741
3,819,17,819,802,785,768,751,734,717
3,819,19,819,800,781,762,743,724,705
3,820,2,820,818,816,814,812,810,808
3,820,3,820,817,814,811,808,805,802
3,820,5,820,815,810,805,800,795,790
3,820,7,820,813,806,799,792,785,778
3,820,11,820,809,798,787,776,765,754
3,820,13,820,807,794,781,768,755,742
3,820,17,820,803,786,769,752,735,718
3,820,19,820,801,782,763,744,725,706
3,821,2,821,819,817,815,813,811,809
3,821,3,821,818,815,812,809,806,803
3,821,5,821,816,811,806,801,796,791
3,821,7,821,814,807,800,793,786,779
3,821,11,821,810,799,788,777,766,755
3,821,13,821,808,795,782,769,756,743
3,821,17,821,804,787,770,753,736,719
3,821,19,821,802,783,764,745,726,707
3,822,2,822,820,818,816,814,812,810
3,822,3,822,819,816,813,810,807,804
3,822,5,822,817,812,807,802,797,792
3,822,7,822,815,808,801,794,787,780
3,822,11,822,811,800,789,778,767,756
3,822,13,822,809,796,783,770,757,744
3,822,17,822,805,788,771,754,737,720
3,822,19,822,803,784,765,746,727,708
3,823,2,823,821,819,817,815,813,811
3,823,3,823,820,817,814,811,808,805
3,823,5,823,818,813,808,803,798,793
3,823,7,823,816,809,802,795,788,781
3,823,11,823,812,801,790,779,768,757
3,823,13,823,810,797,784,771,758,745
3,823,17,823,806,789,772,755,738,721
3,823,19,823,804,785,766,747,728,709
3,824,2,824,822,820,818,816,814,812
3,824,3,824,821,818,815,812,809,806
3,824,5,824,819,814,809,804,799,794
3,824,7,824,817,810,803,796,789,782
3,824,11,824,813,802,791,780,769,758
3,824,13,824,811,798,785,772,759,746
3,824,17,824,807,790,773,756,739,722
3,824,19,824,805,786,767,748,729,710
3,825,2,825,823,821,819,817,815,813
3,825,3,825,822,819,816,813,810,807
3,825,5,825,820,815,810,805,800,795
3,825,7,825,818,811,804,797,790,783
3,825,11,825,814,803,792,781,770,759
3,825,13,825,812,799,786,773,760,747
3,825,17,825,808,791,774,757,740,723
3,825,19,825,806,787,768,749,730,711
3,826,2,826,824,822,820,818,816,814
3,826,3,826,823,820,817,814,811,808
3,826,5,826,821,816,811,806,801,796
3,826,7,826,819,812,805,798,791,784
3,826,11,826,815,804,793,782,771,760
3,826,13,826,813,800,787,774,761,748
3,826,17,826,809,792,775,758,741,724
3,826,19,826,807,788,769,750,731,712
3,827,2,827,825,823,821,819,817,815
3,827,3,827,824,821,818,815,812,809
3,827,5,827,822,817,812,807,802,797
3,827,7,827,820,813,806,799,792,785
3,827,11,827,816,805,794,783,772,761
3,827,13,827,814,801,788,775,762,749
3,827,17,827,810,793,776,759,742,725
3,827,19,827,808,789,770,751,732,713
3,828,2,828,826,824,822,820,818,816
3,828,3,828,825,822,819,816,813,810
3,828,5,828,823,818,813,808,803,798
3,828,7,828,821,814,807,800,793,786
3,828,11,828,817,806,795,784,773,762
3,828,13,828,815,802,789,776,763,750
3,828,17,828,811,794,777,760,743,726
3,828,19,828,809,790,771,752,733,714
3,829,2,829,827,825,823,821,819,817
3,829,3,829,826,823,820,817,814,811
3,829,5,829,824,819,814,809,804,799
3,829,7,829,822,815,808,801,794,787
3,829,11,829,818,807,796,785,774,763
3,829,13,829,816,803,790,777,764,751
3,829,17,829,812,795,778,761,744,727
3,829,19,829,810,791,772,753,734,715
3,830,2,830,828,826,824,822,820,818
3,830,3,830,827,824,821,818,815,812
3,830,5,830,825,820,815,810,805,800
3,830,7,830,823,816,809,802,795,788
3,830,11,830,819,808,797,786,775,764
3,830,13,830,817,804,791,778,765,752
3,830,17,830,813,796,779,762,745,728
3,830,19,830,811,792,773,754,735,716
3,831,2,831,829,827,825,823,821,819
3,831,3,831,828,825,822,819,816,813
3,831,5,831,826,821,816,811,806,801
3,831,7,831,824,817,810,803,796,789
3,831,11,831,820,809,798,787,776,765
3,831,13,831,818,805,792,779,766,753
3,831,17,831,814,797,780,763,746,729
3,831,19,831,812,793,774,755,736,717
3,832,2,832,830,828,826,824,822,820
3,832,3,832,829,826,823,820,817,814
3,832,5,832,827,822,817,812,807,802
3,832,7,832,825,818,811,804,797,790
3,832,11,832,821,810,799,788,777,766
3,832,13,832,819,806,793,780,767,754
3,832,17,832,815,798,781,764,747,730
3,832,19,832,813,794,775,756,737,718
3,833,2,833,831,829,827,825,823,821
3,833,3,833,830,827,824,821,818,815
3,833,5,833,828,823,818,813,808,803
3,833,7,833,826,819,812,805,798,791
3,833,11,833,822,811,800,789,778,767
3,833,13,833,820,807,794,781,768,755
3,833,17,833,816,799,782,765,748,731
3,833,19,833,814,795,776,757,738,719
3,834,2,834,832,830,828,826,824,822
3,834,3,834,831,828,825,822,819,816
3,834,5,834,829,824,819,814,809,804
3,834,7,834,827,820,813,806,799,792
3,834,11,834,823,812,801,790,779,768
3,834,13,834,821,808,795,782,769,756
3,834,17,834,817,800,783,766,749,732
3,834,19,834,815,796,777,758,739,720
3,835,2,835,833,831,829,827,825,823
3,835,3,835,832,829,826,823,820,817
3,835,5,835,830,825,820,815,810,805
3,835,7,835,828,821,814,807,800,793
3,835,11,835,824,813,802,791,780,769
3,835,13,835,822,809,796,783,770,757
3,835,17,835,818,801,784,767,750,733
3,835,19,835,816,797,778,759,740,721
3,836,2,836,834,832,830,828,826,824
3,836,3,836,833,830,827,824,821,818
3,836,5,836,831,826,821,816,811,806
3,836,7,836,829,822,815,808,801,794
3,836,11,836,825,814,803,792,781,770
3,836,13,836,823,810,797,784,771,758
3,836,17,836,819,802,785,768,751,734
3,836,19,836,817,798,779,760,741,722
3,837,2,837,835,833,831,829,827,825
3,837,3,837,834,831,828,825,822,819
3,837,5,837,832,827,822,817,812,807
3,837,7,837,830,823,816,809,802,795
3,837,11,837,826,815,804,793,782,771
3,837,13,837,824,811,798,785,772,759
3,837,17,837,820,803,786,769,752,735
3,837,19,837,818,799,780,761,742,723
3,838,2,838,836,834,832,830,828,826
3,838,3,838,835,832,829,826,823,820
3,838,5,838,833,828,823,818,813,808
3,838,7,838,831,824,817,810,803,796
3,838,11,838,827,816,805,794,783,772
3,838,13,838,825,812,799,786,773,760
3,838,17,838,821,804,787,770,753,736
3,838,19,838,819,800,781,762,743,724
3,839,2,839,837,835,833,831,829,827
3,839,3,839,836,833,830,827,824,821
3,839,5,839,834,829,824,819,814,809
3,839,7,839,832,825,818,811,804,797
3,839,11,839,828,817,806,795,784,773
3,839,13,839,826,813,800,787,774,761
3,839,17,839,822,805,788,771,754,737
3,839,19,839,820,801,782,763,744,725
3,840,2,840,838,836,834,832,830,828
3,840,3,840,837,834,831,828,825,822
3,840,5,840,835,830,825,820,815,810
3,840,7,840,833,826,819,812,805,798
3,840,11,840,829,818,807,796,785,774
3,840,13,840,827,814,801,788,775,762
3,840,17,840,823,806,789,772,755,738
3,840,19,840,821,802,783,764,745,726
3,841,2,841,839,837,835,833,831,829
3,841,3,841,838,835,832,829,826,823
3,841,5,841,836,831,826,821,816,811
3,841,7,841,834,827,820,813,806,799
3,841,11,841,830,819,808,797,786,775
3,841,13,841,828,815,802,789,776,763
3,841,17,841,824,807,790,773,756,739
3,841,19,841,822,803,784,765,746,727
3,842,2,842,840,838,836,834,832,830
3,842,3,842,839,836,833,830,827,824
3,842,5,842,837,832,827,822,817,812
3,842,7,842,835,828,821,814,807,800
3,842,11,842,831,820,809,798,787,776
3,842,13,842,829,816,803,790,777,764
3,842,17,842,825,808,791,774,757,740
3,842,19,842,823,804,785,766,747,728
3,843,2,843,841,839,837,835,833,831
3,843,3,843,840,837,834,831,828,825
3,843,5,843,838,833,828,823,818,813
3,843,7,843,836,829,822,815,808,801
3,843,11,843,832,821,810,799,788,777
3,843,13,843,830,817,804,791,778,765
3,843,17,843,826,809,792,775,758,741
3,843,19,843,824,805,786,767,748,729
3,844,2,844,842,840,838,836,834,832
3,844,3,844,841,838,835,832,829,826
3,844,5,844,839,834,829,824,819,814
3,844,7,844,837,830,823,816,809,802
3,844,11,844,833,822,811,800,789,778
3,844,13,844,831,818,805,792,779,766
3,844,17,844,827,810,793,776,759,742
3,844,19,844,825,806,787,768,749,730
3,845,2,845,843,841,839,837,835,833
3,845,3,845,842,839,836,833,830,827
3,845,5,845,840,835,830,825,820,815
3,845,7,845,838,831,824,817,810,803
3,845,11,845,834,823,812,801,790,779
3,845,13,845,832,819,806,793,780,767
3,845,17,845,828,811,794,777,760,743
3,845,19,845,826,807,788,769,750,731
3,846,2,846,844,842,840,838,836,834
3,846,3,846,843,840,837,834,831,828
3,846,5,846,841,836,831,826,821,816
3,846,7,846,839,832,825,818,811,804
3,846,11,846,835,824,813,802,791,780
3,846,13,846,833,820,807,794,781,768
3,846,17,846,829,812,795,778,761,744
3,846,19,846,827,808,789,770,751,732
3,847,2,847,845,843,841,839,837,835
3,847,3,847,844,841,838,835,832,829
3,847,5,847,842,837,832,827,822,817
3,847,7,847,840,833,826,819,812,805
3,847,11,847,836,825,814,803,792,781
3,847,13,847,834,821,808,795,782,769
3,847,17,847,830,813,796,779,762,745
3,847,19,847,828,809,790,771,752,733
3,848,2,848,846,844,842,840,838,836
3,848,3,848,845,842,839,836,833,830
3,848,5,848,843,838,833,828,823,818
3,848,7,848,841,834,827,820,813,806
3,848,11,848,837,826,815,804,793,782
3,848,13,848,835,822,809,796,783,770
3,848,17,848,831,814,797,780,763,746
3,848,19,848,829,810,791,772,753,734
3,849,2,849,847,845,843,841,839,837
3,849,3,849,846,843,840,837,834,831
3,849,5,849,844,839,834,829,824,819
3,849,7,849,842,835,828,821,814,807
3,849,11,849,838,827,816,805,794,783
3,849,13,849,836,823,810,797,784,771
3,849,17,849,832,815,798,781,764,747
3,849,19,849,830,811,792,773,754,735
3,850,2,850,848,846,844,842,840,838
3,850,3,850,847,844,841,838,835,832
3,850,5,850,845,840,835,830,825,820
3,850,7,850,843,836,829,822,815,808
3,850,11,850,839,828,817,806,795,784
3,850,13,850,837,824,811,798,785,772
3,850,17,850,833,816,799,782,765,748
3,850,19,850,831,812,793,774,755,736
3,851,2,851,849,847,845,843,841,839
3,851,3,851,848,845,842,839,836,833
3,851,5,851,846,841,836,831,826,821
3,851,7,851,844,837,830,823,816,809
3,851,11,851,840,829,818,807,796,785
3,851,13,851,838,825,812,799,786,773
3,851,17,851,834,817,800,783,766,749
3,851,19,851,832,813,794,775,756,737
3,852,2,852,850,848,846,844,842,840
3,852,3,852,849,846,843,840,837,834
3,852,5,852,847,842,837,832,827,822
3,852,7,852,845,838,831,824,817,810
3,852,11,852,841,830,819,808,797,786
3,852,13,852,839,826,813,800,787,774
3,852,17,852,835,818,801,784,767,750
3,852,19,852,833,814,795,776,757,738
3,853,2,853,851,849,847,845,843,841
3,853,3,853,850,847,844,841,838,835
3,853,5,853,848,843,838,833,828,823
3,853,7,853,846,839,832,825,818,811
3,853,11,853,842,831,820,809,798,787
3,853,13,853,840,827,814,801,788,775
3,853,17,853,836,819,802,785,768,751
3,853,19,853,834,815,796,777,758,739
3,854,2,854,852,850,848,846,844,842
3,854,3,854,851,848,845,842,839,836
3,854,5,854,849,844,839,834,829,824
3,854,7,854,847,840,833,826,819,812
3,854,11,854,843,832,821,810,799,788
3,854,13,854,841,828,815,802,789,776
3,854,17,854,837,820,803,786,769,752
3,854,19,854,835,816,797,778,759,740
3,855,2,855,853,851,849,847,845,843
3,855,3,855,852,849,846,843,840,837
3,855,5,855,850,845,840,835,830,825
3,855,7,855,848,841,834,827,820,813
3,855,11,855,844,833,822,811,800,789
3,855,13,855,842,829,816,803,790,777
3,855,17,855,838,821,804,787,770,753
3,855,19,855,836,817,798,779,760,741
3,856,2,856,854,852,850,848,846,844
3,856,3,856,853,850,847,844,841,838
3,856,5,856,851,846,841,836,831,826
3,856,7,856,849,842,835,828,821,814
3,856,11,856,845,834,823,812,801,790
3,856,13,856,843,830,817,804,791,778
3,856,17,856,839,822,805,788,771,754
3,856,19,856,837,818,799,780,761,742
3,857,2,857,855,853,851,849,847,845
3,857,3,857,854,851,848,845,842,839
3,857,5,857,852,847,842,837,832,827
3,857,7,857,850,843,836,829,822,815
3,857,11,857,846,835,824,813,802,791
3,857,13,857,844,831,818,805,792,779
3,857,17,857,840,823,806,789,772,755
3,857,19,857,838,819,800,781,762,743
3,858,2,858,856,854,852,850,848,846
3,858,3,858,855,852,849,846,843,840
3,858,5,858,853,848,843,838,833,828
3,858,7,858,851,844,837,830,823,816
3,858,11,858,847,836,825,814,803,792
3,858,13,858,845,832,819,806,793,780
3,858,17,858,841,824,807,790,773,756
3,858,19,858,839,820,801,782,763,744
3,859,2,859,857,855,853,851,849,847
3,859,3,859,856,853,850,847,844,841
3,859,5,859,854,849,844,839,834,829
3,859,7,859,852,845,838,831,824,817
3,859,11,859,848,837,826,815,804,793
3,859,13,859,846,833,820,807,794,781
3,859,17,859,842,825,808,791,774,757
3,859,19,859,840,821,802,783,764,745
3,860,2,860,858,856,854,852,850,848
3,860,3,860,857,854,851,848,845,842
3,860,5,860,855,850,845,840,835,830
3,860,7,860,853,846,839,832,825,818
3,860,11,860,849,838,827,816,805,794
3,860,13,860,847,834,821,808,795,782
3,860,17,860,843,826,809,792,775,758
3,860,19,860,841,822,803,784,765,746
3,861,2,861,859,857,855,853,851,849
3,861,3,861,858,855,852,849,846,843
3,861,5,861,856,851,846,841,836,831
3,861,7,861,854,847,840,833,826,819
3,861,11,861,850,839,828,817,806,795
3,861,13,861,848,835,822,809,796,783
3,861,17,861,844,827,810,793,776,759
3,861,19,861,842,823,804,785,766,747
3,862,2,862,860,858,856,854,852,850
3,862,3,862,859,856,853,850,847,844
3,862,5,862,857,852,847,842,837,832
3,862,7,862,855,848,841,834,827,820
3,862,11,862,851,840,829,818,807,796
3,862,13,862,849,836,823,810,797,784
3,862,17,862,845,828,811,794,777,760
3,862,19,862,843,824,805,786,767,748
3,863,2,863,861,859,857,855,853,851
3,863,3,863,860,857,854,851,848,845
3,863,5,863,858,853,848,843,838,833
3,863,7,863,856,849,842,835,828,821
3,863,11,863,852,841,830,819,808,797
3,863,13,863,850,837,824,811,798,785
3,863,17,863,846,829,812,795,778,761
3,863,19,863,844,825,806,787,768,749
3,864,2,864,862,860,858,856,854,852
3,864,3,864,861,858,855,852,849,846
3,864,5,864,859,854,849,844,839,834
3,864,7,864,857,850,843,836,829,822
3,864,11,864,853,842,831,820,809,798
3,864,13,864,851,838,825,812,799,786
3,864,17,864,847,830,813,796,779,762
3,864,19,864,845,826,807,788,769,750
3,865,2,865,863,861,859,857,855,853
3,865,3,865,862,859,856,853,850,847
3,865,5,865,860,855,850,845,840,835
3,865,7,865,858,851,844,837,830,823
3,865,11,865,854,843,832,821,810,799
3,865,13,865,852,839,826,813,800,787
3,865,17,865,848,831,814,797,780,763
3,865,19,865,846,827,808,789,770,751
3,866,2,866,864,862,860,858,856,854
3,866,3,866,863,860,857,854,851,848
3,866,5,866,861,856,851,846,841,836
3,866,7,866,859,852,845,838,831,824
3,866,11,866,855,844,833,822,811,800
3,866,13,866,853,840,827,814,801,788
3,866,17,866,849,832,815,798,781,764
3,866,19,866,847,828,809,790,771,752
3,867,2,867,865,863,861,859,857,855
3,867,3,867,864,861,858,855,852,849
3,867,5,867,862,857,852,847,842,837
3,867,7,867,860,853,846,839,832,825
3,867,11,867,856,845,834,823,812,801
3,867,13,867,854,841,828,815,802,789
3,867,17,867,850,833,816,799,782,765
3,867,19,867,848,829,810,791,772,753
3,868,2,868,866,864,862,860,858,856
3,868,3,868,865,862,859,856,853,850
3,868,5,868,863,858,853,848,843,838
3,868,7,868,861,854,847,840,833,826
3,868,11,868,857,846,835,824,813,802
3,868,13,868,855,842,829,816,803,790
3,868,17,868,851,834,817,800,783,766
3,868,19,868,849,830,811,792,773,754
3,869,2,869,867,865,863,861,859,857
3,869,3,869,866,863,860,857,854,851
3,869,5,869,864,859,854,849,844,839
3,869,7,869,862,855,848,841,834,827
3,869,11,869,858,847,836,825,814,803
3,869,13,869,856,843,830,817,804,791
3,869,17,869,852,835,818,801,784,767
3,869,19,869,850,831,812,793,774,755
3,870,2,870,868,866,864,862,860,858
3,870,3,870,867,864,861,858,855,852
3,870,5,870,865,860,855,850,845,840
3,870,7,870,863,856,849,842,835,828
3,870,11,870,859,848,837,826,815,804
3,870,13,870,857,844,831,818,805,792
3,870,17,870,853,836,819,802,785,768
3,870,19,870,851,832,813,794,775,756
3,871,2,871,869,867,865,863,861,859
3,871,3,871,868,865,862,859,856,853
3,871,5,871,866,861,856,851,846,841
3,871,7,871,864,857,850,843,836,829
3,871,11,871,860,849,838,827,816,805
3,871,13,871,858,845,832,819,806,793
3,871,17,871,854,837,820,803,786,769
3,871,19,871,852,833,814,795,776,757
3,872,2,872,870,868,866,864,862,860
3,872,3,872,869,866,863,860,857,854
3,872,5,872,867,862,857,852,847,842
3,872,7,872,865,858,851,844,837,830
3,872,11,872,861,850,839,828,817,806
3,872,13,872,859,846,833,820,807,794
3,872,17,872,855,838,821,804,787,770
3,872,19,872,853,834,815,796,777,758
3,873,2,873,871,869,867,865,863,861
3,873,3,873,870,867,864,861,858,855
3,873,5,873,868,863,858,853,848,843
3,873,7,873,866,859,852,845,838,831
3,873,11,873,862,851,840,829,818,807
3,873,13,873,860,847,834,821,808,795
3,873,17,873,856,839,822,805,788,771
3,873,19,873,854,835,816,797,778,759
3,874,2,874,872,870,868,866,864,862
3,874,3,874,871,868,865,862,859,856
3,874,5,874,869,864,859,854,849,844
3,874,7,874,867,860,853,846,839,832
3,874,11,874,863,852,841,830,819,808
3,874,13,874,861,848,835,822,809,796
3,874,17,874,857,840,823,806,789,772
3,874,19,874,855,836,817,798,779,760
3,875,2,875,873,871,869,867,865,863
3,875,3,875,872,869,866,863,860,857
3,875,5,875,870,865,860,855,850,845
3,875,7,875,868,861,854,847,840,833
3,875,11,875,864,853,842,831,820,809
3,875,13,875,862,849,836,823,810,797
3,875,17,875,858,841,824,807,790,773
3,875,19,875,856,837,818,799,780,761
3,876,2,876,874,872,870,868,866,864
3,876,3,876,873,870,867,864,861,858
3,876,5,876,871,866,861,856,851,846
3,876,7,876,869,862,855,848,841,834
3,876,11,876,865,854,843,832,821,810
3,876,13,876,863,850,837,824,811,798
3,876,17,876,859,842,825,808,791,774
3,876,19,876,857,838,819,800,781,762
3,877,2,877,875,873,871,869,867,865
3,877,3,877,874,871,868,865,862,859
3,877,5,877,872,867,862,857,852,847
3,877,7,877,870,863,856,849,842,835
3,877,11,877,866,855,844,833,822,811
3,877,13,877,864,851,838,825,812,799
3,877,17,877,860,843,826,809,792,775
3,877,19,877,858,839,820,801,782,763
3,878,2,878,876,874,872,870,868,866
3,878,3,878,875,872,869,866,863,860
3,878,5,878,873,868,863,858,853,848
3,878,7,878,871,864,857,850,843,836
3,878,11,878,867,856,845,834,823,812
3,878,13,878,865,852,839,826,813,800
3,878,17,878,861,844,827,810,793,776
3,878,19,878,859,840,821,802,783,764
3,879,2,879,877,875,873,871,869,867
3,879,3,879,876,873,870,867,864,861
3,879,5,879,874,869,864,859,854,849
3,879,7,879,872,865,858,851,844,837
3,879,11,879,868,857,846,835,824,813
3,879,13,879,866,853,840,827,814,801
3,879,17,879,862,845,828,811,794,777
3,879,19,879,860,841,822,803,784,765
3,880,2,880,878,876,874,872,870,868
3,880,3,880,877,874,871,868,865,862
3,880,5,880,875,870,865,860,855,850
3,880,7,880,873,866,859,852,845,838
3,880,11,880,869,858,847,836,825,814
3,880,13,880,867,854,841,828,815,802
3,880,17,880,863,846,829,812,795,778
3,880,19,880,861,842,823,804,785,766
3,881,2,881,879,877,875,873,871,869
3,881,3,881,878,875,872,869,866,863
3,881,5,881,876,871,866,861,856,851
3,881,7,881,874,867,860,853,846,839
3,881,11,881,870,859,848,837,826,815
3,881,13,881,868,855,842,829,816,803
3,881,17,881,864,847,830,813,796,779
3,881,19,881,862,843,824,805,786,767
3,882,2,882,880,878,876,874,872,870
3,882,3,882,879,876,873,870,867,864
3,882,5,882,877,872,867,862,857,852
3,882,7,882,875,868,861,854,847,840
3,882,11,882,871,860,849,838,827,816
3,882,13,882,869,856,843,830,817,804
3,882,17,882,865,848,831,814,797,780
3,882,19,882,863,844,825,806,787,768
3,883,2,883,881,879,877,875,873,871
3,883,3,883,880,877,874,871,868,865
3,883,5,883,878,873,868,863,858,853
3,883,7,883,876,869,862,855,848,841
3,883,11,883,872,861,850,839,828,817
3,883,13,883,870,857,844,831,818,805
3,883,17,883,866,849,832,815,798,781
3,883,19,883,864,845,826,807,788,769
3,884,2,884,882,880,878,876,874,872
3,884,3,884,881,878,875,872,869,866
3,884,5,884,879,874,869,864,859,854
3,884,7,884,877,870,863,856,849,842
3,884,11,884,873,862,851,840,829,818
3,884,13,884,871,858,845,832,819,806
3,884,17,884,867,850,833,816,799,782
3,884,19,884,865,846,827,808,789,770
3,885,2,885,883,881,879,877,875,873
3,885,3,885,882,879,876,873,870,867
3,885,5,885,880,875,870,865,860,855
3,885,7,885,878,871,864,857,850,843
3,885,11,885,874,863,852,841,830,819
3,885,13,885,872,859,846,833,820,807
3,885,17,885,868,851,834,817,800,783
3,885,19,885,866,847,828,809,790,771
3,886,2,886,884,882,880,878,876,874
3,886,3,886,883,880,877,874,871,868
3,886,5,886,881,876,871,866,861,856
3,886,7,886,879,872,865,858,851,844
3,886,11,886,875,864,853,842,831,820
3,886,13,886,873,860,847,834,821,808
3,886,17,886,869,852,835,818,801,784
3,886,19,886,867,848,829,810,791,772
3,887,2,887,885,883,881,879,877,875
3,887,3,887,884,881,878,875,872,869
3,887,5,887,882,877,872,867,862,857
3,887,7,887,880,873,866,859,852,845
3,887,11,887,876,865,854,843,832,821
3,887,13,887,874,861,848,835,822,809
3,887,17,887,870,853,836,819,802,785
3,887,19,887,868,849,830,811,792,773
3,888,2,888,886,884,882,880,878,876
3,888,3,888,885,882,879,876,873,870
3,888,5,888,883,878,873,868,863,858
3,888,7,888,881,874,867,860,853,846
3,888,11,888,877,866,855,844,833,822
3,888,13,888,875,862,849,836,823,810
3,888,17,888,871,854,837,820,803,786
3,888,19,888,869,850,831,812,793,774
3,889,2,889,887,885,883,881,879,877
3,889,3,889,886,883,880,877,874,871
3,889,5,889,884,879,874,869,864,859
3,889,7,889,882,875,868,861,854,847
3,889,11,889,878,867,856,845,834,823
3,889,13,889,876,863,850,837,824,811
3,889,17,889,872,855,838,821,804,787
3,889,19,889,870,851,832,813,794,775
3,890,2,890,888,886,884,882,880,878
3,890,3,890,887,884,881,878,875,872
3,890,5,890,885,880,875,870,865,860
3,890,7,890,883,876,869,862,855,848
3,890,11,890,879,868,857,846,835,824
3,890,13,890,877,864,851,838,825,812
3,890,17,890,873,856,839,822,805,788
3,890,19,890,871,852,833,814,795,776
3,891,2,891,889,887,885,883,881,879
3,891,3,891,888,885,882,879,876,873
3,891,5,891,886,881,876,871,866,861
3,891,7,891,884,877,870,863,856,849
3,891,11,891,880,869,858,847,836,825
3,891,13,891,878,865,852,839,826,813
3,891,17,891,874,857,840,823,806,789
3,891,19,891,872,853,834,815,796,777
3,892,2,892,890,888,886,884,882,880
3,892,3,892,889,886,883,880,877,874
3,892,5,892,887,882,877,872,867,862
3,892,7,892,885,878,871,864,857,850
3,892,11,892,881,870,859,848,837,826
3,892,13,892,879,866,853,840,827,814
3,892,17,892,875,858,841,824,807,790
3,892,19,892,873,854,835,816,797,778
3,893,2,893,891,889,887,885,883,881
3,893,3,893,890,887,884,881,878,875
3,893,5,893,888,883,878,873,868,863
3,893,7,893,886,879,872,865,858,851
3,893,11,893,882,871,860,849,838,827
3,893,13,893,880,867,854,841,828,815
3,893,17,893,876,859,842,825,808,791
3,893,19,893,874,855,836,817,798,779
3,894,2,894,892,890,888,886,884,882
3,894,3,894,891,888,885,882,879,876
3,894,5,894,889,884,879,874,869,864
3,894,7,894,887,880,873,866,859,852
3,894,11,894,883,872,861,850,839,828
3,894,13,894,881,868,855,842,829,816
3,894,17,894,877,860,843,826,809,792
3,894,19,894,875,856,837,818,799,780
3,895,2,895,893,891,889,887,885,883
3,895,3,895,892,889,886,883,880,877
3,895,5,895,890,885,880,875,870,865
3,895,7,895,888,881,874,867,860,853
3,895,11,895,884,873,862,851,840,829
3,895,13,895,882,869,856,843,830,817
3,895,17,895,878,861,844,827,810,793
3,895,19,895,876,857,838,819,800,781
3,896,2,896,894,892,890,888,886,884
3,896,3,896,893,890,887,884,881,878
3,896,5,896,891,886,881,876,871,866
3,896,7,896,889,882,875,868,861,854
3,896,11,896,885,874,863,852,841,830
3,896,13,896,883,870,857,844,831,818
3,896,17,896,879,862,845,828,811,794
3,896,19,896,877,858,839,820,801,782
3,897,2,897,895,893,891,889,887,885
3,897,3,897,894,891,888,885,882,879
3,897,5,897,892,887,882,877,872,867
3,897,7,897,890,883,876,869,862,855
3,897,11,897,886,875,864,853,842,831
3,897,13,897,884,871,858,845,832,819
3,897,17,897,880,863,846,829,812,795
3,897,19,897,878,859,840,821,802,783
3,898,2,898,896,894,892,890,888,886
3,898,3,898,895,892,889,886,883,880
3,898,5,898,893,888,883,878,873,868
3,898,7,898,891,884,877,870,863,856
3,898,11,898,887,876,865,854,843,832
3,898,13,898,885,872,859,846,833,820
3,898,17,898,881,864,847,830,813,796
3,898,19,898,879,860,841,822,803,784
3,899,2,899,897,895,893,891,889,887
3,899,3,899,896,893,890,887,884,881
3,899,5,899,894,889,884,879,874,869
3,899,7,899,892,885,878,871,864,857
3,899,11,899,888,877,866,855,844,833
3,899,13,899,886,873,860,847,834,821
3,899,17,899,882,865,848,831,814,797
3,899,19,899,880,861,842,823,804,785
3,900,2,900,898,896,894,892,890,888
3,900,3,900,897,894,891,888,885,882
3,900,5,900,895,890,885,880,875,870
3,900,7,900,893,886,879,872,865,858
3,900,11,900,889,878,867,856,845,834
3,900,13,900,887,874,861,848,835,822
3,900,17,900,883,866,849,832,815,798
3,900,19,900,881,862,843,824,805,786
3,901,2,901,899,897,895,893,891,889
3,901,3,901,898,895,892,889,886,883
3,901,5,901,896,891,886,881,876,871
3,901,7,901,894,887,880,873,866,859
3,901,11,901,890,879,868,857,846,835
3,901,13,901,888,875,862,849,836,823
3,901,17,901,884,867,850,833,816,799
3,901,19,901,882,863,844,825,806,787
3,902,2,902,900,898,896,894,892,890
3,902,3,902,899,896,893,890,887,884
3,902,5,902,897,892,887,882,877,872
3,902,7,902,895,888,881,874,867,860
3,902,11,902,891,880,869,858,847,836
3,902,13,902,889,876,863,850,837,824
3,902,17,902,885,868,851,834,817,800
3,902,19,902,883,864,845,826,807,788
3,903,2,903,901,899,897,895,893,891
3,903,3,903,900,897,894,891,888,885
3,903,5,903,898,893,888,883,878,873
3,903,7,903,896,889,882,875,868,861
3,903,11,903,892,881,870,859,848,837
3,903,13,903,890,877,864,851,838,825
3,903,17,903,886,869,852,835,818,801
3,903,19,903,884,865,846,827,808,789
3,904,2,904,902,900,898,896,894,892
3,904,3,904,901,898,895,892,889,886
3,904,5,904,899,894,889,884,879,874
3,904,7,904,897,890,883,876,869,862
3,904,11,904,893,882,871,860,849,838
3,904,13,904,891,878,865,852,839,826
3,904,17,904,887,870,853,836,819,802
3,904,19,904,885,866,847,828,809,790
3,905,2,905,903,901,899,897,895,893
3,905,3,905,902,899,896,893,890,887
3,905,5,905,900,895,890,885,880,875
3,905,7,905,898,891,884,877,870,863
3,905,11,905,894,883,872,861,850,839
3,905,13,905,892,879,866,853,840,827
3,905,17,905,888,871,854,837,820,803
3,905,19,905,886,867,848,829,810,791
3,906,2,906,904,902,900,898,896,894
3,906,3,906,903,900,897,894,891,888
3,906,5,906,901,896,891,886,881,876
3,906,7,906,899,892,885,878,871,864
3,906,11,906,895,884,873,862,851,840
3,906,13,906,893,880,867,854,841,828
3,906,17,906,889,872,855,838,821,804
3,906,19,906,887,868,849,830,811,792
3,907,2,907,905,903,901,899,897,895
3,907,3,907,904,901,898,895,892,889
3,907,5,907,902,897,892,887,882,877
3,907,7,907,900,893,886,879,872,865
3,907,11,907,896,885,874,863,852,841
3,907,13,907,894,881,868,855,842,829
3,907,17,907,890,873,856,839,822,805
3,907,19,907,888,869,850,831,812,793
3,908,2,908,906,904,902,900,898,896
3,908,3,908,905,902,899,896,893,890
3,908,5,908,903,898,893,888,883,878
3,908,7,908,901,894,887,880,873,866
3,908,11,908,897,886,875,864,853,842
3,908,13,908,895,882,869,856,843,830
3,908,17,908,891,874,857,840,823,806
3,908,19,908,889,870,851,832,813,794
3,909,2,909,907,905,903,901,899,897
3,909,3,909,906,903,900,897,894,891
3,909,5,909,904,899,894,889,884,879
3,909,7,909,902,895,888,881,874,867
3,909,11,909,898,887,876,865,854,843
3,909,13,909,896,883,870,857,844,831
3,909,17,909,892,875,858,841,824,807
3,909,19,909,890,871,852,833,814,795
3,910,2,910,908,906,904,902,900,898
3,910,3,910,907,904,901,898,895,892
3,910,5,910,905,900,895,890,885,880
3,910,7,910,903,896,889,882,875,868
3,910,11,910,899,888,877,866,855,844
3,910,13,910,897,884,871,858,845,832
3,910,17,910,893,876,859,842,825,808
3,910,19,910,891,872,853,834,815,796
3,911,2,911,909,907,905,903,901,899
3,911,3,911,908,905,902,899,896,893
3,911,5,911,906,901,896,891,886,881
3,911,7,911,904,897,890,883,876,869
3,911,11,911,900,889,878,867,856,845
3,911,13,911,898,885,872,859,846,833
3,911,17,911,894,877,860,843,826,809
3,911,19,911,892,873,854,835,816,797
3,912,2,912,910,908,906,904,902,900
3,912,3,912,909,906,903,900,897,894
3,912,5,912,907,902,897,892,887,882
3,912,7,912,905,898,891,884,877,870
3,912,11,912,901,890,879,868,857,846
3,912,13,912,899,886,873,860,847,834
3,912,17,912,895,878,861,844,827,810
3,912,19,912,893,874,855,836,817,798
3,913,2,913,911,909,907,905,903,901
3,913,3,913,910,907,904,901,898,895
3,913,5,913,908,903,898,893,888,883
3,913,7,913,906,899,892,885,878,871
3,913,11,913,902,891,880,869,858,847
3,913,13,913,900,887,874,861,848,835
3,913,17,913,896,879,862,845,828,811
3,913,19,913,894,875,856,837,818,799
3,914,2,914,912,910,908,906,904,902
3,914,3,914,911,908,905,902,899,896
3,914,5,914,909,904,899,894,889,884
3,914,7,914,907,900,893,886,879,872
3,914,11,914,903,892,881,870,859,848
3,914,13,914,901,888,875,862,849,836
3,914,17,914,897,880,863,846,829,812
3,914,19,914,895,876,857,838,819,800
3,915,2,915,913,911,909,907,905,903
3,915,3,915,912,909,906,903,900,897
3,915,5,915,910,905,900,895,890,885
3,915,7,915,908,901,894,887,880,873
3,915,11,915,904,893,882,871,860,849
3,915,13,915,902,889,876,863,850,837
3,915,17,915,898,881,864,847,830,813
3,915,19,915,896,877,858,839,820,801
3,916,2,916,914,912,910,908,906,904
3,916,3,916,913,910,907,904,901,898
3,916,5,916,911,906,901,896,891,886
3,916,7,916,909,902,895,888,881,874
3,916,11,916,905,894,883,872,861,850
3,916,13,916,903,890,877,864,851,838
3,916,17,916,899,882,865,848,831,814
3,916,19,916,897,878,859,840,821,802
3,917,2,917,915,913,911,909,907,905
3,917,3,917,914,911,908,905,902,899
3,917,5,917,912,907,902,897,892,887
3,917,7,917,910,903,896,889,882,875
3,917,11,917,906,895,884,873,862,851
3,917,13,917,904,891,878,865,852,839
3,917,17,917,900,883,866,849,832,815
3,917,19,917,898,879,860,841,822,803
3,918,2,918,916,914,912,910,908,906
3,918,3,918,915,912,909,906,903,900
3,918,5,918,913,908,903,898,893,888
3,918,7,918,911,904,897,890,883,876
3,918,11,918,907,896,885,874,863,852
3,918,13,918,905,892,879,866,853,840
3,918,17,918,901,884,867,850,833,816
3,918,19,918,899,880,861,842,823,804
3,919,2,919,917,915,913,911,909,907
3,919,3,919,916,913,910,907,904,901
3,919,5,919,914,909,904,899,894,889
3,919,7,919,912,905,898,891,884,877
3,919,11,919,908,897,886,875,864,853
3,919,13,919,906,893,880,867,854,841
3,919,17,919,902,885,868,851,834,817
3,919,19,919,900,881,862,843,824,805
3,920,2,920,918,916,914,912,910,908
3,920,3,920,917,914,911,908,905,902
3,920,5,920,915,910,905,900,895,890
3,920,7,920,913,906,899,892,885,878
3,920,11,920,909,898,887,876,865,854
3,920,13,920,907,894,881,868,855,842
3,920,17,920,903,886,869,852,835,818
3,920,19,920,901,882,863,844,825,806
3,921,2,921,919,917,915,913,911,909
3,921,3,921,918,915,912,909,906,903
3,921,5,921,916,911,906,901,896,891
3,921,7,921,914,907,900,893,886,879
3,921,11,921,910,899,888,877,866,855
3,921,13,921,908,895,882,869,856,843
3,921,17,921,904,887,870,853,836,819
3,921,19,921,902,883,864,845,826,807
3,922,2,922,920,918,916,914,912,910
3,922,3,922,919,916,913,910,907,904
3,922,5,922,917,912,907,902,897,892
3,922,7,922,915,908,901,894,887,880
3,922,11,922,911,900,889,878,867,856
3,922,13,922,909,896,883,870,857,844
3,922,17,922,905,888,871,854,837,820
3,922,19,922,903,884,865,846,827,808
3,923,2,923,921,919,917,915,913,911
3,923,3,923,920,917,914,911,908,905
3,923,5,923,918,913,908,903,898,893
3,923,7,923,916,909,902,895,888,881
3,923,11,923,912,901,890,879,868,857
3,923,13,923,910,897,884,871,858,845
3,923,17,923,906,889,872,855,838,821
3,923,19,923,904,885,866,847,828,809
3,924,2,924,922,920,918,916,914,912
3,924,3,924,921,918,915,912,909,906
3,924,5,924,919,914,909,904,899,894
3,924,7,924,917,910,903,896,889,882
3,924,11,924,913,902,891,880,869,858
3,924,13,924,911,898,885,872,859,846
3,924,17,924,907,890,873,856,839,822
3,924,19,924,905,886,867,848,829,810
3,925,2,925,923,921,919,917,915,913
3,925,3,925,922,919,916,913,910,907
3,925,5,925,920,915,910,905,900,895
3,925,7,925,918,911,904,897,890,883
3,925,11,925,914,903,892,881,870,859
3,925,13,925,912,899,886,873,860,847
3,925,17,925,908,891,874,857,840,823
3,925,19,925,906,887,868,849,830,811
3,926,2,926,924,922,920,918,916,914
3,926,3,926,923,920,917,914,911,908
3,926,5,926,921,916,911,906,901,896
3,926,7,926,919,912,905,898,891,884
3,926,11,926,915,904,893,882,871,860
3,926,13,926,913,900,887,874,861,848
3,926,17,926,909,892,875,858,841,824
3,926,19,926,907,888,869,850,831,812
3,927,2,927,925,923,921,919,917,915
3,927,3,927,924,921,918,915,912,909
3,927,5,927,922,917,912,907,902,897
3,927,7,927,920,913,906,899,892,885
3,927,11,927,916,905,894,883,872,861
3,927,13,927,914,901,888,875,862,849
3,927,17,927,910,893,876,859,842,825
3,927,19,927,908,889,870,851,832,813
3,928,2,928,926,924,922,920,918,916
3,928,3,928,925,922,919,916,913,910
3,928,5,928,923,918,913,908,903,898
3,928,7,928,921,914,907,900,893,886
3,928,11,928,917,906,895,884,873,862
3,928,13,928,915,902,889,876,863,850
3,928,17,928,911,894,877,860,843,826
3,928,19,928,909,890,871,852,833,814
3,929,2,929,927,925,923,921,919,917
3,929,3,929,926,923,920,917,914,911
3,929,5,929,924,919,914,909,904,899
3,929,7,929,922,915,908,901,894,887
3,929,11,929,918,907,896,885,874,863
3,929,13,929,916,903,890,877,864,851
3,929,17,929,912,895,878,861,844,827
3,929,19,929,910,891,872,853,834,815
3,930,2,930,928,926,924,922,920,918
3,930,3,930,927,924,921,918,915,912
3,930,5,930,925,920,915,910,905,900
3,930,7,930,923,916,909,902,895,888
3,930,11,930,919,908,897,886,875,864
3,930,13,930,917,904,891,878,865,852
3,930,17,930,913,896,879,862,845,828
3,930,19,930,911,892,873,854,835,816
3,931,2,931,929,927,925,923,921,919
3,931,3,931,928,925,922,919,916,913
3,931,5,931,926,921,916,911,906,901
3,931,7,931,924,917,910,903,896,889
3,931,11,931,920,909,898,887,876,865
3,931,13,931,918,905,892,879,866,853
3,931,17,931,914,897,880,863,846,829
3,931,19,931,912,893,874,855,836,817
3,932,2,932,930,928,926,924,922,920
3,932,3,932,929,926,923,920,917,914
3,932,5,932,927,922,917,912,907,902
3,932,7,932,925,918,911,904,897,890
3,932,11,932,921,910,899,888,877,866
3,932,13,932,919,906,893,880,867,854
3,932,17,932,915,898,881,864,847,830
3,932,19,932,913,894,875,856,837,818
3,933,2,933,931,929,927,925,923,921
3,933,3,933,930,927,924,921,918,915
3,933,5,933,928,923,918,913,908,903
3,933,7,933,926,919,912,905,898,891
3,933,11,933,922,911,900,889,878,867
3,933,13,933,920,907,894,881,868,855
3,933,17,933,916,899,882,865,848,831
3,933,19,933,914,895,876,857,838,819
3,934,2,934,932,930,928,926,924,922
3,934,3,934,931,928,925,922,919,916
3,934,5,934,929,924,919,914,909,904
3,934,7,934,927,920,913,906,899,892
3,934,11,934,923,912,901,890,879,868
3,934,13,934,921,908,895,882,869,856
3,934,17,934,917,900,883,866,849,832
3,934,19,934,915,896,877,858,839,820
3,935,2,935,933,931,929,927,925,923
3,935,3,935,932,929,926,923,920,917
3,935,5,935,930,925,920,915,910,905
3,935,7,935,928,921,914,907,900,893
3,935,11,935,924,913,902,891,880,869
3,935,13,935,922,909,896,883,870,857
3,935,17,935,918,901,884,867,850,833
3,935,19,935,916,897,878,859,840,821
3,936,2,936,934,932,930,928,926,924
3,936,3,936,933,930,927,924,921,918
3,936,5,936,931,926,921,916,911,906
3,936,7,936,929,922,915,908,901,894
3,936,11,936,925,914,903,892,881,870
3,936,13,936,923,910,897,884,871,858
3,936,17,936,919,902,885,868,851,834
3,936,19,936,917,898,879,860,841,822
3,937,2,937,935,933,931,929,927,925
3,937,3,937,934,931,928,925,922,919
3,937,5,937,932,927,922,917,912,907
3,937,7,937,930,923,916,909,902,895
3,937,11,937,926,915,904,893,882,871
3,937,13,937,924,911,898,885,872,859
3,937,17,937,920,903,886,869,852,835
3,937,19,937,918,899,880,861,842,823
3,938,2,938,936,934,932,930,928,926
3,938,3,938,935,932,929,926,923,920
3,938,5,938,933,928,923,918,913,908
3,938,7,938,931,924,917,910,903,896
3,938,11,938,927,916,905,894,883,872
3,938,13,938,925,912,899,886,873,860
3,938,17,938,921,904,887,870,853,836
3,938,19,938,919,900,881,862,843,824
3,939,2,939,937,935,933,931,929,927
3,939,3,939,936,933,930,927,924,921
3,939,5,939,934,929,924,919,914,909
3,939,7,939,932,925,918,911,904,897
3,939,11,939,928,917,906,895,884,873
3,939,13,939,926,913,900,887,874,861
3,939,17,939,922,905,888,871,854,837
3,939,19,939,920,901,882,863,844,825
3,940,2,940,938,936,934,932,930,928
3,940,3,940,937,934,931,928,925,922
3,940,5,940,935,930,925,920,915,910
3,940,7,940,933,926,919,912,905,898
3,940,11,940,929,918,907,896,885,874
3,940,13,940,927,914,901,888,875,862
3,940,17,940,923,906,889,872,855,838
3,940,19,940,921,902,883,864,845,826
3,941,2,941,939,937,935,933,931,929
3,941,3,941,938,935,932,929,926,923
3,941,5,941,936,931,926,921,916,911
3,941,7,941,934,927,920,913,906,899
3,941,11,941,930,919,908,897,886,875
3,941,13,941,928,915,902,889,876,863
3,941,17,941,924,907,890,873,856,839
3,941,19,941,922,903,884,865,846,827
3,942,2,942,940,938,936,934,932,930
3,942,3,942,939,936,933,930,927,924
3,942,5,942,937,932,927,922,917,912
3,942,7,942,935,928,921,914,907,900
3,942,11,942,931,920,909,898,887,876
3,942,13,942,929,916,903,890,877,864
3,942,17,942,925,908,891,874,857,840
3,942,19,942,923,904,885,866,847,828
3,943,2,943,941,939,937,935,933,931
3,943,3,943,940,937,934,931,928,925
3,943,5,943,938,933,928,923,918,913
3,943,7,943,936,929,922,915,908,901
3,943,11,943,932,921,910,899,888,877
3,943,13,943,930,917,904,891,878,865
3,943,17,943,926,909,892,875,858,841
3,943,19,943,924,905,886,867,848,829
3,944,2,944,942,940,938,936,934,932
3,944,3,944,941,938,935,932,929,926
3,944,5,944,939,934,929,924,919,914
3,944,7,944,937,930,923,916,909,902
3,944,11,944,933,922,911,900,889,878
3,944,13,944,931,918,905,892,879,866
3,944,17,944,927,910,893,876,859,842
3,944,19,944,925,906,887,868,849,830
3,945,2,945,943,941,939,937,935,933
3,945,3,945,942,939,936,933,930,927
3,945,5,945,940,935,930,925,920,915
3,945,7,945,938,931,924,917,910,903
3,945,11,945,934,923,912,901,890,879
3,945,13,945,932,919,906,893,880,867
3,945,17,945,928,911,894,877,860,843
3,945,19,945,926,907,888,869,850,831
3,946,2,946,944,942,940,938,936,934
3,946,3,946,943,940,937,934,931,928
3,946,5,946,941,936,931,926,921,916
3,946,7,946,939,932,925,918,911,904
3,946,11,946,935,924,913,902,891,880
3,946,13,946,933,920,907,894,881,868
3,946,17,946,929,912,895,878,861,844
3,946,19,946,927,908,889,870,851,832
3,947,2,947,945,943,941,939,937,935
3,947,3,947,944,941,938,935,932,929
3,947,5,947,942,937,932,927,922,917
3,947,7,947,940,933,926,919,912,905
3,947,11,947,936,925,914,903,892,881
3,947,13,947,934,921,908,895,882,869
3,947,17,947,930,913,896,879,862,845
3,947,19,947,928,909,890,871,852,833
3,948,2,948,946,944,942,940,938,936
3,948,3,948,945,942,939,936,933,930
3,948,5,948,943,938,933,928,923,918
3,948,7,948,941,934,927,920,913,906
3,948,11,948,937,926,915,904,893,882
3,948,13,948,935,922,909,896,883,870
3,948,17,948,931,914,897,880,863,846
3,948,19,948,929,910,891,872,853,834
3,949,2,949,947,945,943,941,939,937
3,949,3,949,946,943,940,937,934,931
3,949,5,949,944,939,934,929,924,919
3,949,7,949,942,935,928,921,914,907
3,949,11,949,938,927,916,905,894,883
3,949,13,949,936,923,910,897,884,871
3,949,17,949,932,915,898,881,864,847
3,949,19,949,930,911,892,873,854,835
3,950,2,950,948,946,944,942,940,938
3,950,3,950,947,944,941,938,935,932
3,950,5,950,945,940,935,930,925,920
3,950,7,950,943,936,929,922,915,908
3,950,11,950,939,928,917,906,895,884
3,950,13,950,937,924,911,898,885,872
3,950,17,950,933,916,899,882,865,848
3,950,19,950,931,912,893,874,855,836
3,951,2,951,949,947,945,943,941,939
3,951,3,951,948,945,942,939,936,933
3,951,5,951,946,941,936,931,926,921
3,951,7,951,944,937,930,923,916,909
3,951,11,951,940,929,918,907,896,885
3,951,13,951,938,925,912,899,886,873
3,951,17,951,934,917,900,883,866,849
3,951,19,951,932,913,894,875,856,837
3,952,2,952,950,948,946,944,942,940
3,952,3,952,949,946,943,940,937,934
3,952,5,952,947,942,937,932,927,922
3,952,7,952,945,938,931,924,917,910
3,952,11,952,941,930,919,908,897,886
3,952,13,952,939,926,913,900,887,874
3,952,17,952,935,918,901,884,867,850
3,952,19,952,933,914,895,876,857,838
3,953,2,953,951,949,947,945,943,941
3,953,3,953,950,947,944,941,938,935
3,953,5,953,948,943,938,933,928,923
3,953,7,953,946,939,932,925,918,911
3,953,11,953,942,931,920,909,898,887
3,953,13,953,940,927,914,901,888,875
3,953,17,953,936,919,902,885,868,851
3,953,19,953,934,915,896,877,858,839
3,954,2,954,952,950,948,946,944,942
3,954,3,954,951,948,945,942,939,936
3,954,5,954,949,944,939,934,929,924
3,954,7,954,947,940,933,926,919,912
3,954,11,954,943,932,921,910,899,888
3,954,13,954,941,928,915,902,889,876
3,954,17,954,937,920,903,886,869,852
3,954,19,954,935,916,897,878,859,840
3,955,2,955,953,951,949,947,945,943
3,955,3,955,952,949,946,943,940,937
3,955,5,955,950,945,940,935,930,925
3,955,7,955,948,941,934,927,920,913
3,955,11,955,944,933,922,911,900,889
3,955,13,955,942,929,916,903,890,877
3,955,17,955,938,921,904,887,870,853
3,955,19,955,936,917,898,879,860,841
3,956,2,956,954,952,950,948,946,944
3,956,3,956,953,950,947,944,941,938
3,956,5,956,951,946,941,936,931,926
3,956,7,956,949,942,935,928,921,914
3,956,11,956,945,934,923,912,901,890
3,956,13,956,943,930,917,904,891,878
3,956,17,956,939,922,905,888,871,854
3,956,19,956,937,918,899,880,861,842
3,957,2,957,955,953,951,949,947,945
3,957,3,957,954,951,948,945,942,939
3,957,5,957,952,947,942,937,932,927
3,957,7,957,950,943,936,929,922,915
3,957,11,957,946,935,924,913,902,891
3,957,13,957,944,931,918,905,892,879
3,957,17,957,940,923,906,889,872,855
3,957,19,957,938,919,900,881,862,843
3,958,2,958,956,954,952,950,948,946
3,958,3,958,955,952,949,946,943,940
3,958,5,958,953,948,943,938,933,928
3,958,7,958,951,944,937,930,923,916
3,958,11,958,947,936,925,914,903,892
3,958,13,958,945,932,919,906,893,880
3,958,17,958,941,924,907,890,873,856
3,958,19,958,939,920,901,882,863,844
3,959,2,959,957,955,953,951,949,947
3,959,3,959,956,953,950,947,944,941
3,959,5,959,954,949,944,939,934,929
3,959,7,959,952,945,938,931,924,917
3,959,11,959,948,937,926,915,904,893
3,959,13,959,946,933,920,907,894,881
3,959,17,959,942,925,908,891,874,857
3,959,19,959,940,921,902,883,864,845
3,960,2,960,958,956,954,952,950,948
3,960,3,960,957,954,951,948,945,942
3,960,5,960,955,950,945,940,935,930
3,960,7,960,953,946,939,932,925,918
3,960,11,960,949,938,927,916,905,894
3,960,13,960,947,934,921,908,895,882
3,960,17,960,943,926,909,892,875,858
3,960,19,960,941,922,903,884,865,846
3,961,2,961,959,957,955,953,951,949
3,961,3,961,958,955,952,949,946,943
3,961,5,961,956,951,946,941,936,931
3,961,7,961,954,947,940,933,926,919
3,961,11,961,950,939,928,917,906,895
3,961,13,961,948,935,922,909,896,883
3,961,17,961,944,927,910,893,876,859
3,961,19,961,942,923,904,885,866,847
3,962,2,962,960,958,956,954,952,950
3,962,3,962,959,956,953,950,947,944
3,962,5,962,957,952,947,942,937,932
3,962,7,962,955,948,941,934,927,920
3,962,11,962,951,940,929,918,907,896
3,962,13,962,949,936,923,910,897,884
3,962,17,962,945,928,911,894,877,860
3,962,19,962,943,924,905,886,867,848
3,963,2,963,961,959,957,955,953,951
3,963,3,963,960,957,954,951,948,945
3,963,5,963,958,953,948,943,938,933
3,963,7,963,956,949,942,935,928,921
3,963,11,963,952,941,930,919,908,897
3,963,13,963,950,937,924,911,898,885
3,963,17,963,946,929,912,895,878,861
3,963,19,963,944,925,906,887,868,849
3,964,2,964,962,960,958,956,954,952
3,964,3,964,961,958,955,952,949,946
3,964,5,964,959,954,949,944,939,934
3,964,7,964,957,950,943,936,929,922
3,964,11,964,953,942,931,920,909,898
3,964,13,964,951,938,925,912,899,886
3,964,17,964,947,930,913,896,879,862
3,964,19,964,945,926,907,888,869,850
3,965,2,965,963,961,959,957,955,953
3,965,3,965,962,959,956,953,950,947
3,965,5,965,960,955,950,945,940,935
3,965,7,965,958,951,944,937,930,923
3,965,11,965,954,943,932,921,910,899
3,965,13,965,952,939,926,913,900,887
3,965,17,965,948,931,914,897,880,863
3,965,19,965,946,927,908,889,870,851
3,966,2,966,964,962,960,958,956,954
3,966,3,966,963,960,957,954,951,948
3,966,5,966,961,956,951,946,941,936
3,966,7,966,959,952,945,938,931,924
3,966,11,966,955,944,933,922,911,900
3,966,13,966,953,940,927,914,901,888
3,966,17,966,949,932,915,898,881,864
3,966,19,966,947,928,909,890,871,852
3,967,2,967,965,963,961,959,957,955
3,967,3,967,964,961,958,955,952,949
3,967,5,967,962,957,952,947,942,937
3,967,7,967,960,953,946,939,932,925
3,967,11,967,956,945,934,923,912,901
3,967,13,967,954,941,928,915,902,889
3,967,17,967,950,933,916,899,882,865
3,967,19,967,948,929,910,891,872,853
3,968,2,968,966,964,962,960,958,956
3,968,3,968,965,962,959,956,953,950
3,968,5,968,963,958,953,948,943,938
3,968,7,968,961,954,947,940,933,926
3,968,11,968,957,946,935,924,913,902
3,968,13,968,955,942,929,916,903,890
3,968,17,968,951,934,917,900,883,866
3,968,19,968,949,930,911,892,873,854
3,969,2,969,967,965,963,961,959,957
3,969,3,969,966,963,960,957,954,951
3,969,5,969,964,959,954,949,944,939
3,969,7,969,962,955,948,941,934,927
3,969,11,969,958,947,936,925,914,903
3,969,13,969,956,943,930,917,904,891
3,969,17,969,952,935,918,901,884,867
3,969,19,969,950,931,912,893,874,855
3,970,2,970,968,966,964,962,960,958
3,970,3,970,967,964,961,958,955,952
3,970,5,970,965,960,955,950,945,940
3,970,7,970,963,956,949,942,935,928
3,970,11,970,959,948,937,926,915,904
3,970,13,970,957,944,931,918,905,892
3,970,17,970,953,936,919,902,885,868
3,970,19,970,951,932,913,894,875,856
3,971,2,971,969,967,965,963,961,959
3,971,3,971,968,965,962,959,956,953
3,971,5,971,966,961,956,951,946,941
3,971,7,971,964,957,950,943,936,929
3,971,11,971,960,949,938,927,916,905
3,971,13,971,958,945,932,919,906,893
3,971,17,971,954,937,920,903,886,869
3,971,19,971,952,933,914,895,876,857
3,972,2,972,970,968,966,964,962,960
3,972,3,972,969,966,963,960,957,954
3,972,5,972,967,962,957,952,947,942
3,972,7,972,965,958,951,944,937,930
3,972,11,972,961,950,939,928,917,906
3,972,13,972,959,946,933,920,907,894
3,972,17,972,955,938,921,904,887,870
3,972,19,972,953,934,915,896,877,858
3,973,2,973,971,969,967,965,963,961
3,973,3,973,970,967,964,961,958,955
3,973,5,973,968,963,958,953,948,943
3,973,7,973,966,959,952,945,938,931
3,973,11,973,962,951,940,929,918,907
3,973,13,973,960,947,934,921,908,895
3,973,17,973,956,939,922,905,888,871
3,973,19,973,954,935,916,897,878,859
3,974,2,974,972,970,968,966,964,962
3,974,3,974,971,968,965,962,959,956
3,974,5,974,969,964,959,954,949,944
3,974,7,974,967,960,953,946,939,932
3,974,11,974,963,952,941,930,919,908
3,974,13,974,961,948,935,922,909,896
3,974,17,974,957,940,923,906,889,872
3,974,19,974,955,936,917,898,879,860
3,975,2,975,973,971,969,967,965,963
3,975,3,975,972,969,966,963,960,957
3,975,5,975,970,965,960,955,950,945
3,975,7,975,968,961,954,947,940,933
3,975,11,975,964,953,942,931,920,909
3,975,13,975,962,949,936,923,910,897
3,975,17,975,958,941,924,907,890,873
3,975,19,975,956,937,918,899,880,861
3,976,2,976,974,972,970,968,966,964
3,976,3,976,973,970,967,964,961,958
3,976,5,976,971,966,961,956,951,946
3,976,7,976,969,962,955,948,941,934
3,976,11,976,965,954,943,932,921,910
3,976,13,976,963,950,937,924,911,898
3,976,17,976,959,942,925,908,891,874
3,976,19,976,957,938,919,900,881,862
3,977,2,977,975,973,971,969,967,965
3,977,3,977,974,971,968,965,962,959
3,977,5,977,972,967,962,957,952,947
3,977,7,977,970,963,956,949,942,935
3,977,11,977,966,955,944,933,922,911
3,977,13,977,964,951,938,925,912,899
3,977,17,977,960,943,926,909,892,875
3,977,19,977,958,939,920,901,882,863
3,978,2,978,976,974,972,970,968,966
3,978,3,978,975,972,969,966,963,960
3,978,5,978,973,968,963,958,953,948
3,978,7,978,971,964,957,950,943,936
3,978,11,978,967,956,945,934,923,912
3,978,13,978,965,952,939,926,913,900
3,978,17,978,961,944,927,910,893,876
3,978,19,978,959,940,921,902,883,864
3,979,2,979,977,975,973,971,969,967
3,979,3,979,976,973,970,967,964,961
3,979,5,979,974,969,964,959,954,949
3,979,7,979,972,965,958,951,944,937
3,979,11,979,968,957,946,935,924,913
3,979,13,979,966,953,940,927,914,901
3,979,17,979,962,945,928,911,894,877
3,979,19,979,960,941,922,903,884,865
3,980,2,980,978,976,974,972,970,968
3,980,3,980,977,974,971,968,965,962
3,980,5,980,975,970,965,960,955,950
3,980,7,980,973,966,959,952,945,938
3,980,11,980,969,958,947,936,925,914
3,980,13,980,967,954,941,928,915,902
3,980,17,980,963,946,929,912,895,878
3,980,19,980,961,942,923,904,885,866
3,981,2,981,979,977,975,973,971,969
3,981,3,981,978,975,972,969,966,963
3,981,5,981,976,971,966,961,956,951
3,981,7,981,974,967,960,953,946,939
3,981,11,981,970,959,948,937,926,915
3,981,13,981,968,955,942,929,916,903
3,981,17,981,964,947,930,913,896,879
3,981,19,981,962,943,924,905,886,867
3,982,2,982,980,978,976,974,972,970
3,982,3,982,979,976,973,970,967,964
3,982,5,982,977,972,967,962,957,952
3,982,7,982,975,968,961,954,947,940
3,982,11,982,971,960,949,938,927,916
3,982,13,982,969,956,943,930,917,904
3,982,17,982,965,948,931,914,897,880
3,982,19,982,963,944,925,906,887,868
3,983,2,983,981,979,977,975,973,971
3,983,3,983,980,977,974,971,968,965
3,983,5,983,978,973,968,963,958,953
3,983,7,983,976,969,962,955,948,941
3,983,11,983,972,961,950,939,928,917
3,983,13,983,970,957,944,931,918,905
3,983,17,983,966,949,932,915,898,881
3,983,19,983,964,945,926,907,888,869
3,984,2,984,982,980,978,976,974,972
3,984,3,984,981,978,975,972,969,966
3,984,5,984,979,974,969,964,959,954
3,984,7,984,977,970,963,956,949,942
3,984,11,984,973,962,951,940,929,918
3,984,13,984,971,958,945,932,919,906
3,984,17,984,967,950,933,916,899,882
3,984,19,984,965,946,927,908,889,870
3,985,2,985,983,981,979,977,975,973
3,985,3,985,982,979,976,973,970,967
3,985,5,985,980,975,970,965,960,955
3,985,7,985,978,971,964,957,950,943
3,985,11,985,974,963,952,941,930,919
3,985,13,985,972,959,946,933,920,907
3,985,17,985,968,951,934,917,900,883
3,985,19,985,966,947,928,909,890,871
3,986,2,986,984,982,980,978,976,974
3,986,3,986,983,980,977,974,971,968
3,986,5,986,981,976,971,966,961,956
3,986,7,986,979,972,965,958,951,944
3,986,11,986,975,964,953,942,931,920
3,986,13,986,973,960,947,934,921,908
3,986,17,986,969,952,935,918,901,884
3,986,19,986,967,948,929,910,891,872
3,987,2,987,985,983,981,979,977,975
3,987,3,987,984,981,978,975,972,969
3,987,5,987,982,977,972,967,962,957
3,987,7,987,980,973,966,959,952,945
3,987,11,987,976,965,954,943,932,921
3,987,13,987,974,961,948,935,922,909
3,987,17,987,970,953,936,919,902,885
3,987,19,987,968,949,930,911,892,873
3,988,2,988,986,984,982,980,978,976
3,988,3,988,985,982,979,976,973,970
3,988,5,988,983,978,973,968,963,958
3,988,7,988,981,974,967,960,953,946
3,988,11,988,977,966,955,944,933,922
3,988,13,988,975,962,949,936,923,910
3,988,17,988,971,954,937,920,903,886
3,988,19,988,969,950,931,912,893,874
3,989,2,989,987,985,983,981,979,977
3,989,3,989,986,983,980,977,974,971
3,989,5,989,984,979,974,969,964,959
3,989,7,989,982,975,968,961,954,947
3,989,11,989,978,967,956,945,934,923
3,989,13,989,976,963,950,937,924,911
3,989,17,989,972,955,938,921,904,887
3,989,19,989,970,951,932,913,894,875
3,990,2,990,988,986,984,982,980,978
3,990,3,990,987,984,981,978,975,972
3,990,5,990,985,980,975,970,965,960
3,990,7,990,983,976,969,962,955,948
3,990,11,990,979,968,957,946,935,924
3,990,13,990,977,964,951,938,925,912
3,990,17,990,973,956,939,922,905,888
3,990,19,990,971,952,933,914,895,876
3,991,2,991,989,987,985,983,981,979
3,991,3,991,988,985,982,979,976,973
3,991,5,991,986,981,976,971,966,961
3,991,7,991,984,977,970,963,956,949
3,991,11,991,980,969,958,947,936,925
3,991,13,991,978,965,952,939,926,913
3,991,17,991,974,957,940,923,906,889
3,991,19,991,972,953,934,915,896,877
3,992,2,992,990,988,986,984,982,980
3,992,3,992,989,986,983,980,977,974
3,992,5,992,987,982,977,972,967,962
3,992,7,992,985,978,971,964,957,950
3,992,11,992,981,970,959,948,937,926
3,992,13,992,979,966,953,940,927,914
3,992,17,992,975,958,941,924,907,890
3,992,19,992,973,954,935,916,897,878
3,993,2,993,991,989,987,985,983,981
3,993,3,993,990,987,984,981,978,975
3,993,5,993,988,983,978,973,968,963
3,993,7,993,986,979,972,965,958,951
3,993,11,993,982,971,960,949,938,927
3,993,13,993,980,967,954,941,928,915
3,993,17,993,976,959,942,925,908,891
3,993,19,993,974,955,936,917,898,879
3,994,2,994,992,990,988,986,984,982
3,994,3,994,991,988,985,982,979,976
3,994,5,994,989,984,979,974,969,964
3,994,7,994,987,980,973,966,959,952
3,994,11,994,983,972,961,950,939,928
3,994,13,994,981,968,955,942,929,916
3,994,17,994,977,960,943,926,909,892
3,994,19,994,975,956,937,918,899,880
3,995,2,995,993,991,989,987,985,983
3,995,3,995,992,989,986,983,980,977
3,995,5,995,990,985,980,975,970,965
3,995,7,995,988,981,974,967,960,953
3,995,11,995,984,973,962,951,940,929
3,995,13,995,982,969,956,943,930,917
3,995,17,995,978,961,944,927,910,893
3,995,19,995,976,957,938,919,900,881
3,996,2,996,994,992,990,988,986,984
3,996,3,996,993,990,987,984,981,978
3,996,5,996,991,986,981,976,971,966
3,996,7,996,989,982,975,968,961,954
3,996,11,996,985,974,963,952,941,930
3,996,13,996,983,970,957,944,931,918
3,996,17,996,979,962,945,928,911,894
3,996,19,996,977,958,939,920,901,882
3,997,2,997,995,993,991,989,987,985
3,997,3,997,994,991,988,985,982,979
3,997,5,997,992,987,982,977,972,967
3,997,7,997,990,983,976,969,962,955
3,997,11,997,986,975,964,953,942,931
3,997,13,997,984,971,958,945,932,919
3,997,17,997,980,963,946,929,912,895
3,997,19,997,978,959,940,921,902,883
3,998,2,998,996,994,992,990,988,986
3,998,3,998,995,992,989,986,983,980
3,998,5,998,993,988,983,978,973,968
3,998,7,998,991,984,977,970,963,956
3,998,11,998,987,976,965,954,943,932
3,998,13,998,985,972,959,946,933,920
3,998,17,998,981,964,947,930,913,896
3,998,19,998,979,960,941,922,903,884
