1,101,2,101,2,103,3,106,4,110
1,101,3,101,3,104,4,108,5,113
1,101,5,101,5,106,6,112,7,119
1,101,7,101,7,108,8,116,9,125
1,101,11,101,11,112,12,124,13,137
1,101,13,101,13,114,14,128,15,143
1,101,17,101,17,118,18,136,19,155
1,101,19,101,19,120,20,140,21,161
1,102,2,102,2,104,3,107,4,111
1,102,3,102,3,105,4,109,5,114
1,102,5,102,5,107,6,113,7,120
1,102,7,102,7,109,8,117,9,126
1,102,11,102,11,113,12,125,13,138
1,102,13,102,13,115,14,129,15,144
1,102,17,102,17,119,18,137,19,156
1,102,19,102,19,121,20,141,21,162
1,103,2,103,2,105,3,108,4,112
1,103,3,103,3,106,4,110,5,115
1,103,5,103,5,108,6,114,7,121
1,103,7,103,7,110,8,118,9,127
1,103,11,103,11,114,12,126,13,139
1,103,13,103,13,116,14,130,15,145
1,103,17,103,17,120,18,138,19,157
1,103,19,103,19,122,20,142,21,163
1,104,2,104,2,106,3,109,4,113
1,104,3,104,3,107,4,111,5,116
1,104,5,104,5,109,6,115,7,122
1,104,7,104,7,111,8,119,9,128
1,104,11,104,11,115,12,127,13,140
1,104,13,104,13,117,14,131,15,146
1,104,17,104,17,121,18,139,19,158
1,104,19,104,19,123,20,143,21,164
1,105,2,105,2,107,3,110,4,114
1,105,3,105,3,108,4,112,5,117
1,105,5,105,5,110,6,116,7,123
1,105,7,105,7,112,8,120,9,129
1,105,11,105,11,116,12,128,13,141
1,105,13,105,13,118,14,132,15,147
1,105,17,105,17,122,18,140,19,159
1,105,19,105,19,124,20,144,21,165
1,106,2,106,2,108,3,111,4,115
1,106,3,106,3,109,4,113,5,118
1,106,5,106,5,111,6,117,7,124
1,106,7,106,7,113,8,121,9,130
1,106,11,106,11,117,12,129,13,142
1,106,13,106,13,119,14,133,15,148
1,106,17,106,17,123,18,141,19,160
1,106,19,106,19,125,20,145,21,166
1,107,2,107,2,109,3,112,4,116
1,107,3,107,3,110,4,114,5,119
1,107,5,107,5,112,6,118,7,125
1,107,7,107,7,114,8,122,9,131
1,107,11,107,11,118,12,130,13,143
1,107,13,107,13,120,14,134,15,149
1,107,17,107,17,124,18,142,19,161
1,107,19,107,19,126,20,146,21,167
1,108,2,108,2,110,3,113,4,117
1,108,3,108,3,111,4,115,5,120
1,108,5,108,5,113,6,119,7,126
1,108,7,108,7,115,8,123,9,132
1,108,11,108,11,119,12,131,13,144
1,108,13,108,13,121,14,135,15,150
1,108,17,108,17,125,18,143,19,162
1,108,19,108,19,127,20,147,21,168
1,109,2,109,2,111,3,114,4,118
1,109,3,109,3,112,4,116,5,121
1,109,5,109,5,114,6,120,7,127
1,109,7,109,7,116,8,124,9,133
1,109,11,109,11,120,12,132,13,145
1,109,13,109,13,122,14,136,15,151
1,109,17,109,17,126,18,144,19,163
1,109,19,109,19,128,20,148,21,169
1,110,2,110,2,112,3,115,4,119
1,110,3,110,3,113,4,117,5,122
1,110,5,110,5,115,6,121,7,128
1,110,7,110,7,117,8,125,9,134
1,110,11,110,11,121,12,133,13,146
1,110,13,110,13,123,14,137,15,152
1,110,17,110,17,127,18,145,19,164
1,110,19,110,19,129,20,149,21,170
1,111,2,111,2,113,3,116,4,120
1,111,3,111,3,114,4,118,5,123
1,111,5,111,5,116,6,122,7,129
1,111,7,111,7,118,8,126,9,135
1,111,11,111,11,122,12,134,13,147
1,111,13,111,13,124,14,138,15,153
1,111,17,111,17,128,18,146,19,165
1,111,19,111,19,130,20,150,21,171
1,112,2,112,2,114,3,117,4,121
1,112,3,112,3,115,4,119,5,124
1,112,5,112,5,117,6,123,7,130
1,112,7,112,7,119,8,127,9,136
1,112,11,112,11,123,12,135,13,148
1,112,13,112,13,125,14,139,15,154
1,112,17,112,17,129,18,147,19,166
1,112,19,112,19,131,20,151,21,172
1,113,2,113,2,115,3,118,4,122
1,113,3,113,3,116,4,120,5,125
1,113,5,113,5,118,6,124,7,131
1,113,7,113,7,120,8,128,9,137
1,113,11,113,11,124,12,136,13,149
1,113,13,113,13,126,14,140,15,155
1,113,17,113,17,130,18,148,19,167
1,113,19,113,19,132,20,152,21,173
1,114,2,114,2,116,3,119,4,123
1,114,3,114,3,117,4,121,5,126
1,114,5,114,5,119,6,125,7,132
1,114,7,114,7,121,8,129,9,138
1,114,11,114,11,125,12,137,13,150
1,114,13,114,13,127,14,141,15,156
1,114,17,114,17,131,18,149,19,168
1,114,19,114,19,133,20,153,21,174
1,115,2,115,2,117,3,120,4,124
1,115,3,115,3,118,4,122,5,127
1,115,5,115,5,120,6,126,7,133
1,115,7,115,7,122,8,130,9,139
1,115,11,115,11,126,12,138,13,151
1,115,13,115,13,128,14,142,15,157
1,115,17,115,17,132,18,150,19,169
1,115,19,115,19,134,20,154,21,175
1,116,2,116,2,118,3,121,4,125
1,116,3,116,3,119,4,123,5,128
1,116,5,116,5,121,6,127,7,134
1,116,7,116,7,123,8,131,9,140
1,116,11,116,11,127,12,139,13,152
1,116,13,116,13,129,14,143,15,158
1,116,17,116,17,133,18,151,19,170
1,116,19,116,19,135,20,155,21,176
1,117,2,117,2,119,3,122,4,126
1,117,3,117,3,120,4,124,5,129
1,117,5,117,5,122,6,128,7,135
1,117,7,117,7,124,8,132,9,141
1,117,11,117,11,128,12,140,13,153
1,117,13,117,13,130,14,144,15,159
1,117,17,117,17,134,18,152,19,171
1,117,19,117,19,136,20,156,21,177
1,118,2,118,2,120,3,123,4,127
1,118,3,118,3,121,4,125,5,130
1,118,5,118,5,123,6,129,7,136
1,118,7,118,7,125,8,133,9,142
1,118,11,118,11,129,12,141,13,154
1,118,13,118,13,131,14,145,15,160
1,118,17,118,17,135,18,153,19,172
1,118,19,118,19,137,20,157,21,178
1,119,2,119,2,121,3,124,4,128
1,119,3,119,3,122,4,126,5,131
1,119,5,119,5,124,6,130,7,137
1,119,7,119,7,126,8,134,9,143
1,119,11,119,11,130,12,142,13,155
1,119,13,119,13,132,14,146,15,161
1,119,17,119,17,136,18,154,19,173
1,119,19,119,19,138,20,158,21,179
1,120,2,120,2,122,3,125,4,129
1,120,3,120,3,123,4,127,5,132
1,120,5,120,5,125,6,131,7,138
1,120,7,120,7,127,8,135,9,144
1,120,11,120,11,131,12,143,13,156
1,120,13,120,13,133,14,147,15,162
1,120,17,120,17,137,18,155,19,174
1,120,19,120,19,139,20,159,21,180
1,121,2,121,2,123,3,126,4,130
1,121,3,121,3,124,4,128,5,133
1,121,5,121,5,126,6,132,7,139
1,121,7,121,7,128,8,136,9,145
1,121,11,121,11,132,12,144,13,157
1,121,13,121,13,134,14,148,15,163
1,121,17,121,17,138,18,156,19,175
1,121,19,121,19,140,20,160,21,181
1,122,2,122,2,124,3,127,4,131
1,122,3,122,3,125,4,129,5,134
1,122,5,122,5,127,6,133,7,140
1,122,7,122,7,129,8,137,9,146
1,122,11,122,11,133,12,145,13,158
1,122,13,122,13,135,14,149,15,164
1,122,17,122,17,139,18,157,19,176
1,122,19,122,19,141,20,161,21,182
1,123,2,123,2,125,3,128,4,132
1,123,3,123,3,126,4,130,5,135
1,123,5,123,5,128,6,134,7,141
1,123,7,123,7,130,8,138,9,147
1,123,11,123,11,134,12,146,13,159
1,123,13,123,13,136,14,150,15,165
1,123,17,123,17,140,18,158,19,177
1,123,19,123,19,142,20,162,21,183
1,124,2,124,2,126,3,129,4,133
1,124,3,124,3,127,4,131,5,136
1,124,5,124,5,129,6,135,7,142
1,124,7,124,7,131,8,139,9,148
1,124,11,124,11,135,12,147,13,160
1,124,13,124,13,137,14,151,15,166
1,124,17,124,17,141,18,159,19,178
1,124,19,124,19,143,20,163,21,184
1,125,2,125,2,127,3,130,4,134
1,125,3,125,3,128,4,132,5,137
1,125,5,125,5,130,6,136,7,143
1,125,7,125,7,132,8,140,9,149
1,125,11,125,11,136,12,148,13,161
1,125,13,125,13,138,14,152,15,167
1,125,17,125,17,142,18,160,19,179
1,125,19,125,19,144,20,164,21,185
1,126,2,126,2,128,3,131,4,135
1,126,3,126,3,129,4,133,5,138
1,126,5,126,5,131,6,137,7,144
1,126,7,126,7,133,8,141,9,150
1,126,11,126,11,137,12,149,13,162
1,126,13,126,13,139,14,153,15,168
1,126,17,126,17,143,18,161,19,180
1,126,19,126,19,145,20,165,21,186
1,127,2,127,2,129,3,132,4,136
1,127,3,127,3,130,4,134,5,139
1,127,5,127,5,132,6,138,7,145
1,127,7,127,7,134,8,142,9,151
1,127,11,127,11,138,12,150,13,163
1,127,13,127,13,140,14,154,15,169
1,127,17,127,17,144,18,162,19,181
1,127,19,127,19,146,20,166,21,187
1,128,2,128,2,130,3,133,4,137
1,128,3,128,3,131,4,135,5,140
1,128,5,128,5,133,6,139,7,146
1,128,7,128,7,135,8,143,9,152
1,128,11,128,11,139,12,151,13,164
1,128,13,128,13,141,14,155,15,170
1,128,17,128,17,145,18,163,19,182
1,128,19,128,19,147,20,167,21,188
1,129,2,129,2,131,3,134,4,138
1,129,3,129,3,132,4,136,5,141
1,129,5,129,5,134,6,140,7,147
1,129,7,129,7,136,8,144,9,153
1,129,11,129,11,140,12,152,13,165
1,129,13,129,13,142,14,156,15,171
1,129,17,129,17,146,18,164,19,183
1,129,19,129,19,148,20,168,21,189
1,130,2,130,2,132,3,135,4,139
1,130,3,130,3,133,4,137,5,142
1,130,5,130,5,135,6,141,7,148
1,130,7,130,7,137,8,145,9,154
1,130,11,130,11,141,12,153,13,166
1,130,13,130,13,143,14,157,15,172
1,130,17,130,17,147,18,165,19,184
1,130,19,130,19,149,20,169,21,190
1,131,2,131,2,133,3,136,4,140
1,131,3,131,3,134,4,138,5,143
1,131,5,131,5,136,6,142,7,149
1,131,7,131,7,138,8,146,9,155
1,131,11,131,11,142,12,154,13,167
1,131,13,131,13,144,14,158,15,173
1,131,17,131,17,148,18,166,19,185
1,131,19,131,19,150,20,170,21,191
1,132,2,132,2,134,3,137,4,141
1,132,3,132,3,135,4,139,5,144
1,132,5,132,5,137,6,143,7,150
1,132,7,132,7,139,8,147,9,156
1,132,11,132,11,143,12,155,13,168
1,132,13,132,13,145,14,159,15,174
1,132,17,132,17,149,18,167,19,186
1,132,19,132,19,151,20,171,21,192
1,133,2,133,2,135,3,138,4,142
1,133,3,133,3,136,4,140,5,145
1,133,5,133,5,138,6,144,7,151
1,133,7,133,7,140,8,148,9,157
1,133,11,133,11,144,12,156,13,169
1,133,13,133,13,146,14,160,15,175
1,133,17,133,17,150,18,168,19,187
1,133,19,133,19,152,20,172,21,193
1,134,2,134,2,136,3,139,4,143
1,134,3,134,3,137,4,141,5,146
1,134,5,134,5,139,6,145,7,152
1,134,7,134,7,141,8,149,9,158
1,134,11,134,11,145,12,157,13,170
1,134,13,134,13,147,14,161,15,176
1,134,17,134,17,151,18,169,19,188
1,134,19,134,19,153,20,173,21,194
1,135,2,135,2,137,3,140,4,144
1,135,3,135,3,138,4,142,5,147
1,135,5,135,5,140,6,146,7,153
1,135,7,135,7,142,8,150,9,159
1,135,11,135,11,146,12,158,13,171
1,135,13,135,13,148,14,162,15,177
1,135,17,135,17,152,18,170,19,189
1,135,19,135,19,154,20,174,21,195
1,136,2,136,2,138,3,141,4,145
1,136,3,136,3,139,4,143,5,148
1,136,5,136,5,141,6,147,7,154
1,136,7,136,7,143,8,151,9,160
1,136,11,136,11,147,12,159,13,172
1,136,13,136,13,149,14,163,15,178
1,136,17,136,17,153,18,171,19,190
1,136,19,136,19,155,20,175,21,196
1,137,2,137,2,139,3,142,4,146
1,137,3,137,3,140,4,144,5,149
1,137,5,137,5,142,6,148,7,155
1,137,7,137,7,144,8,152,9,161
1,137,11,137,11,148,12,160,13,173
1,137,13,137,13,150,14,164,15,179
1,137,17,137,17,154,18,172,19,191
1,137,19,137,19,156,20,176,21,197
1,138,2,138,2,140,3,143,4,147
1,138,3,138,3,141,4,145,5,150
1,138,5,138,5,143,6,149,7,156
1,138,7,138,7,145,8,153,9,162
1,138,11,138,11,149,12,161,13,174
1,138,13,138,13,151,14,165,15,180
1,138,17,138,17,155,18,173,19,192
1,138,19,138,19,157,20,177,21,198
1,139,2,139,2,141,3,144,4,148
1,139,3,139,3,142,4,146,5,151
1,139,5,139,5,144,6,150,7,157
1,139,7,139,7,146,8,154,9,163
1,139,11,139,11,150,12,162,13,175
1,139,13,139,13,152,14,166,15,181
1,139,17,139,17,156,18,174,19,193
1,139,19,139,19,158,20,178,21,199
1,140,2,140,2,142,3,145,4,149
1,140,3,140,3,143,4,147,5,152
1,140,5,140,5,145,6,151,7,158
1,140,7,140,7,147,8,155,9,164
1,140,11,140,11,151,12,163,13,176
1,140,13,140,13,153,14,167,15,182
1,140,17,140,17,157,18,175,19,194
1,140,19,140,19,159,20,179,21,200
1,141,2,141,2,143,3,146,4,150
1,141,3,141,3,144,4,148,5,153
1,141,5,141,5,146,6,152,7,159
1,141,7,141,7,148,8,156,9,165
1,141,11,141,11,152,12,164,13,177
1,141,13,141,13,154,14,168,15,183
1,141,17,141,17,158,18,176,19,195
1,141,19,141,19,160,20,180,21,201
1,142,2,142,2,144,3,147,4,151
1,142,3,142,3,145,4,149,5,154
1,142,5,142,5,147,6,153,7,160
1,142,7,142,7,149,8,157,9,166
1,142,11,142,11,153,12,165,13,178
1,142,13,142,13,155,14,169,15,184
1,142,17,142,17,159,18,177,19,196
1,142,19,142,19,161,20,181,21,202
1,143,2,143,2,145,3,148,4,152
1,143,3,143,3,146,4,150,5,155
1,143,5,143,5,148,6,154,7,161
1,143,7,143,7,150,8,158,9,167
1,143,11,143,11,154,12,166,13,179
1,143,13,143,13,156,14,170,15,185
1,143,17,143,17,160,18,178,19,197
1,143,19,143,19,162,20,182,21,203
1,144,2,144,2,146,3,149,4,153
1,144,3,144,3,147,4,151,5,156
1,144,5,144,5,149,6,155,7,162
1,144,7,144,7,151,8,159,9,168
1,144,11,144,11,155,12,167,13,180
1,144,13,144,13,157,14,171,15,186
1,144,17,144,17,161,18,179,19,198
1,144,19,144,19,163,20,183,21,204
1,145,2,145,2,147,3,150,4,154
1,145,3,145,3,148,4,152,5,157
1,145,5,145,5,150,6,156,7,163
1,145,7,145,7,152,8,160,9,169
1,145,11,145,11,156,12,168,13,181
1,145,13,145,13,158,14,172,15,187
1,145,17,145,17,162,18,180,19,199
1,145,19,145,19,164,20,184,21,205
1,146,2,146,2,148,3,151,4,155
1,146,3,146,3,149,4,153,5,158
1,146,5,146,5,151,6,157,7,164
1,146,7,146,7,153,8,161,9,170
1,146,11,146,11,157,12,169,13,182
1,146,13,146,13,159,14,173,15,188
1,146,17,146,17,163,18,181,19,200
1,146,19,146,19,165,20,185,21,206
1,147,2,147,2,149,3,152,4,156
1,147,3,147,3,150,4,154,5,159
1,147,5,147,5,152,6,158,7,165
1,147,7,147,7,154,8,162,9,171
1,147,11,147,11,158,12,170,13,183
1,147,13,147,13,160,14,174,15,189
1,147,17,147,17,164,18,182,19,201
1,147,19,147,19,166,20,186,21,207
1,148,2,148,2,150,3,153,4,157
1,148,3,148,3,151,4,155,5,160
1,148,5,148,5,153,6,159,7,166
1,148,7,148,7,155,8,163,9,172
1,148,11,148,11,159,12,171,13,184
1,148,13,148,13,161,14,175,15,190
1,148,17,148,17,165,18,183,19,202
1,148,19,148,19,167,20,187,21,208
1,149,2,149,2,151,3,154,4,158
1,149,3,149,3,152,4,156,5,161
1,149,5,149,5,154,6,160,7,167
1,149,7,149,7,156,8,164,9,173
1,149,11,149,11,160,12,172,13,185
1,149,13,149,13,162,14,176,15,191
1,149,17,149,17,166,18,184,19,203
1,149,19,149,19,168,20,188,21,209
1,150,2,150,2,152,3,155,4,159
1,150,3,150,3,153,4,157,5,162
1,150,5,150,5,155,6,161,7,168
1,150,7,150,7,157,8,165,9,174
1,150,11,150,11,161,12,173,13,186
1,150,13,150,13,163,14,177,15,192
1,150,17,150,17,167,18,185,19,204
1,150,19,150,19,169,20,189,21,210
1,151,2,151,2,153,3,156,4,160
1,151,3,151,3,154,4,158,5,163
1,151,5,151,5,156,6,162,7,169
1,151,7,151,7,158,8,166,9,175
1,151,11,151,11,162,12,174,13,187
1,151,13,151,13,164,14,178,15,193
1,151,17,151,17,168,18,186,19,205
1,151,19,151,19,170,20,190,21,211
1,152,2,152,2,154,3,157,4,161
1,152,3,152,3,155,4,159,5,164
1,152,5,152,5,157,6,163,7,170
1,152,7,152,7,159,8,167,9,176
1,152,11,152,11,163,12,175,13,188
1,152,13,152,13,165,14,179,15,194
1,152,17,152,17,169,18,187,19,206
1,152,19,152,19,171,20,191,21,212
1,153,2,153,2,155,3,158,4,162
1,153,3,153,3,156,4,160,5,165
1,153,5,153,5,158,6,164,7,171
1,153,7,153,7,160,8,168,9,177
1,153,11,153,11,164,12,176,13,189
1,153,13,153,13,166,14,180,15,195
1,153,17,153,17,170,18,188,19,207
1,153,19,153,19,172,20,192,21,213
1,154,2,154,2,156,3,159,4,163
1,154,3,154,3,157,4,161,5,166
1,154,5,154,5,159,6,165,7,172
1,154,7,154,7,161,8,169,9,178
1,154,11,154,11,165,12,177,13,190
1,154,13,154,13,167,14,181,15,196
1,154,17,154,17,171,18,189,19,208
1,154,19,154,19,173,20,193,21,214
1,155,2,155,2,157,3,160,4,164
1,155,3,155,3,158,4,162,5,167
1,155,5,155,5,160,6,166,7,173
1,155,7,155,7,162,8,170,9,179
1,155,11,155,11,166,12,178,13,191
1,155,13,155,13,168,14,182,15,197
1,155,17,155,17,172,18,190,19,209
1,155,19,155,19,174,20,194,21,215
1,156,2,156,2,158,3,161,4,165
1,156,3,156,3,159,4,163,5,168
1,156,5,156,5,161,6,167,7,174
1,156,7,156,7,163,8,171,9,180
1,156,11,156,11,167,12,179,13,192
1,156,13,156,13,169,14,183,15,198
1,156,17,156,17,173,18,191,19,210
1,156,19,156,19,175,20,195,21,216
1,157,2,157,2,159,3,162,4,166
1,157,3,157,3,160,4,164,5,169
1,157,5,157,5,162,6,168,7,175
1,157,7,157,7,164,8,172,9,181
1,157,11,157,11,168,12,180,13,193
1,157,13,157,13,170,14,184,15,199
1,157,17,157,17,174,18,192,19,211
1,157,19,157,19,176,20,196,21,217
1,158,2,158,2,160,3,163,4,167
1,158,3,158,3,161,4,165,5,170
1,158,5,158,5,163,6,169,7,176
1,158,7,158,7,165,8,173,9,182
1,158,11,158,11,169,12,181,13,194
1,158,13,158,13,171,14,185,15,200
1,158,17,158,17,175,18,193,19,212
1,158,19,158,19,177,20,197,21,218
1,159,2,159,2,161,3,164,4,168
1,159,3,159,3,162,4,166,5,171
1,159,5,159,5,164,6,170,7,177
1,159,7,159,7,166,8,174,9,183
1,159,11,159,11,170,12,182,13,195
1,159,13,159,13,172,14,186,15,201
1,159,17,159,17,176,18,194,19,213
1,159,19,159,19,178,20,198,21,219
1,160,2,160,2,162,3,165,4,169
1,160,3,160,3,163,4,167,5,172
1,160,5,160,5,165,6,171,7,178
1,160,7,160,7,167,8,175,9,184
1,160,11,160,11,171,12,183,13,196
1,160,13,160,13,173,14,187,15,202
1,160,17,160,17,177,18,195,19,214
1,160,19,160,19,179,20,199,21,220
1,161,2,161,2,163,3,166,4,170
1,161,3,161,3,164,4,168,5,173
1,161,5,161,5,166,6,172,7,179
1,161,7,161,7,168,8,176,9,185
1,161,11,161,11,172,12,184,13,197
1,161,13,161,13,174,14,188,15,203
1,161,17,161,17,178,18,196,19,215
1,161,19,161,19,180,20,200,21,221
1,162,2,162,2,164,3,167,4,171
1,162,3,162,3,165,4,169,5,174
1,162,5,162,5,167,6,173,7,180
1,162,7,162,7,169,8,177,9,186
1,162,11,162,11,173,12,185,13,198
1,162,13,162,13,175,14,189,15,204
1,162,17,162,17,179,18,197,19,216
1,162,19,162,19,181,20,201,21,222
1,163,2,163,2,165,3,168,4,172
1,163,3,163,3,166,4,170,5,175
1,163,5,163,5,168,6,174,7,181
1,163,7,163,7,170,8,178,9,187
1,163,11,163,11,174,12,186,13,199
1,163,13,163,13,176,14,190,15,205
1,163,17,163,17,180,18,198,19,217
1,163,19,163,19,182,20,202,21,223
1,164,2,164,2,166,3,169,4,173
1,164,3,164,3,167,4,171,5,176
1,164,5,164,5,169,6,175,7,182
1,164,7,164,7,171,8,179,9,188
1,164,11,164,11,175,12,187,13,200
1,164,13,164,13,177,14,191,15,206
1,164,17,164,17,181,18,199,19,218
1,164,19,164,19,183,20,203,21,224
1,165,2,165,2,167,3,170,4,174
1,165,3,165,3,168,4,172,5,177
1,165,5,165,5,170,6,176,7,183
1,165,7,165,7,172,8,180,9,189
1,165,11,165,11,176,12,188,13,201
1,165,13,165,13,178,14,192,15,207
1,165,17,165,17,182,18,200,19,219
1,165,19,165,19,184,20,204,21,225
1,166,2,166,2,168,3,171,4,175
1,166,3,166,3,169,4,173,5,178
1,166,5,166,5,171,6,177,7,184
1,166,7,166,7,173,8,181,9,190
1,166,11,166,11,177,12,189,13,202
1,166,13,166,13,179,14,193,15,208
1,166,17,166,17,183,18,201,19,220
1,166,19,166,19,185,20,205,21,226
1,167,2,167,2,169,3,172,4,176
1,167,3,167,3,170,4,174,5,179
1,167,5,167,5,172,6,178,7,185
1,167,7,167,7,174,8,182,9,191
1,167,11,167,11,178,12,190,13,203
1,167,13,167,13,180,14,194,15,209
1,167,17,167,17,184,18,202,19,221
1,167,19,167,19,186,20,206,21,227
1,168,2,168,2,170,3,173,4,177
1,168,3,168,3,171,4,175,5,180
1,168,5,168,5,173,6,179,7,186
1,168,7,168,7,175,8,183,9,192
1,168,11,168,11,179,12,191,13,204
1,168,13,168,13,181,14,195,15,210
1,168,17,168,17,185,18,203,19,222
1,168,19,168,19,187,20,207,21,228
1,169,2,169,2,171,3,174,4,178
1,169,3,169,3,172,4,176,5,181
1,169,5,169,5,174,6,180,7,187
1,169,7,169,7,176,8,184,9,193
1,169,11,169,11,180,12,192,13,205
1,169,13,169,13,182,14,196,15,211
1,169,17,169,17,186,18,204,19,223
1,169,19,169,19,188,20,208,21,229
1,170,2,170,2,172,3,175,4,179
1,170,3,170,3,173,4,177,5,182
1,170,5,170,5,175,6,181,7,188
1,170,7,170,7,177,8,185,9,194
1,170,11,170,11,181,12,193,13,206
1,170,13,170,13,183,14,197,15,212
1,170,17,170,17,187,18,205,19,224
1,170,19,170,19,189,20,209,21,230
1,171,2,171,2,173,3,176,4,180
1,171,3,171,3,174,4,178,5,183
1,171,5,171,5,176,6,182,7,189
1,171,7,171,7,178,8,186,9,195
1,171,11,171,11,182,12,194,13,207
1,171,13,171,13,184,14,198,15,213
1,171,17,171,17,188,18,206,19,225
1,171,19,171,19,190,20,210,21,231
1,172,2,172,2,174,3,177,4,181
1,172,3,172,3,175,4,179,5,184
1,172,5,172,5,177,6,183,7,190
1,172,7,172,7,179,8,187,9,196
1,172,11,172,11,183,12,195,13,208
1,172,13,172,13,185,14,199,15,214
1,172,17,172,17,189,18,207,19,226
1,172,19,172,19,191,20,211,21,232
1,173,2,173,2,175,3,178,4,182
1,173,3,173,3,176,4,180,5,185
1,173,5,173,5,178,6,184,7,191
1,173,7,173,7,180,8,188,9,197
1,173,11,173,11,184,12,196,13,209
1,173,13,173,13,186,14,200,15,215
1,173,17,173,17,190,18,208,19,227
1,173,19,173,19,192,20,212,21,233
1,174,2,174,2,176,3,179,4,183
1,174,3,174,3,177,4,181,5,186
1,174,5,174,5,179,6,185,7,192
1,174,7,174,7,181,8,189,9,198
1,174,11,174,11,185,12,197,13,210
1,174,13,174,13,187,14,201,15,216
1,174,17,174,17,191,18,209,19,228
1,174,19,174,19,193,20,213,21,234
1,175,2,175,2,177,3,180,4,184
1,175,3,175,3,178,4,182,5,187
1,175,5,175,5,180,6,186,7,193
1,175,7,175,7,182,8,190,9,199
1,175,11,175,11,186,12,198,13,211
1,175,13,175,13,188,14,202,15,217
1,175,17,175,17,192,18,210,19,229
1,175,19,175,19,194,20,214,21,235
1,176,2,176,2,178,3,181,4,185
1,176,3,176,3,179,4,183,5,188
1,176,5,176,5,181,6,187,7,194
1,176,7,176,7,183,8,191,9,200
1,176,11,176,11,187,12,199,13,212
1,176,13,176,13,189,14,203,15,218
1,176,17,176,17,193,18,211,19,230
1,176,19,176,19,195,20,215,21,236
1,177,2,177,2,179,3,182,4,186
1,177,3,177,3,180,4,184,5,189
1,177,5,177,5,182,6,188,7,195
1,177,7,177,7,184,8,192,9,201
1,177,11,177,11,188,12,200,13,213
1,177,13,177,13,190,14,204,15,219
1,177,17,177,17,194,18,212,19,231
1,177,19,177,19,196,20,216,21,237
1,178,2,178,2,180,3,183,4,187
1,178,3,178,3,181,4,185,5,190
1,178,5,178,5,183,6,189,7,196
1,178,7,178,7,185,8,193,9,202
1,178,11,178,11,189,12,201,13,214
1,178,13,178,13,191,14,205,15,220
1,178,17,178,17,195,18,213,19,232
1,178,19,178,19,197,20,217,21,238
1,179,2,179,2,181,3,184,4,188
1,179,3,179,3,182,4,186,5,191
1,179,5,179,5,184,6,190,7,197
1,179,7,179,7,186,8,194,9,203
1,179,11,179,11,190,12,202,13,215
1,179,13,179,13,192,14,206,15,221
1,179,17,179,17,196,18,214,19,233
1,179,19,179,19,198,20,218,21,239
1,180,2,180,2,182,3,185,4,189
1,180,3,180,3,183,4,187,5,192
1,180,5,180,5,185,6,191,7,198
1,180,7,180,7,187,8,195,9,204
1,180,11,180,11,191,12,203,13,216
1,180,13,180,13,193,14,207,15,222
1,180,17,180,17,197,18,215,19,234
1,180,19,180,19,199,20,219,21,240
1,181,2,181,2,183,3,186,4,190
1,181,3,181,3,184,4,188,5,193
1,181,5,181,5,186,6,192,7,199
1,181,7,181,7,188,8,196,9,205
1,181,11,181,11,192,12,204,13,217
1,181,13,181,13,194,14,208,15,223
1,181,17,181,17,198,18,216,19,235
1,181,19,181,19,200,20,220,21,241
1,182,2,182,2,184,3,187,4,191
1,182,3,182,3,185,4,189,5,194
1,182,5,182,5,187,6,193,7,200
1,182,7,182,7,189,8,197,9,206
1,182,11,182,11,193,12,205,13,218
1,182,13,182,13,195,14,209,15,224
1,182,17,182,17,199,18,217,19,236
1,182,19,182,19,201,20,221,21,242
1,183,2,183,2,185,3,188,4,192
1,183,3,183,3,186,4,190,5,195
1,183,5,183,5,188,6,194,7,201
1,183,7,183,7,190,8,198,9,207
1,183,11,183,11,194,12,206,13,219
1,183,13,183,13,196,14,210,15,225
1,183,17,183,17,200,18,218,19,237
1,183,19,183,19,202,20,222,21,243
1,184,2,184,2,186,3,189,4,193
1,184,3,184,3,187,4,191,5,196
1,184,5,184,5,189,6,195,7,202
1,184,7,184,7,191,8,199,9,208
1,184,11,184,11,195,12,207,13,220
1,184,13,184,13,197,14,211,15,226
1,184,17,184,17,201,18,219,19,238
1,184,19,184,19,203,20,223,21,244
1,185,2,185,2,187,3,190,4,194
1,185,3,185,3,188,4,192,5,197
1,185,5,185,5,190,6,196,7,203
1,185,7,185,7,192,8,200,9,209
1,185,11,185,11,196,12,208,13,221
1,185,13,185,13,198,14,212,15,227
1,185,17,185,17,202,18,220,19,239
1,185,19,185,19,204,20,224,21,245
1,186,2,186,2,188,3,191,4,195
1,186,3,186,3,189,4,193,5,198
1,186,5,186,5,191,6,197,7,204
1,186,7,186,7,193,8,201,9,210
1,186,11,186,11,197,12,209,13,222
1,186,13,186,13,199,14,213,15,228
1,186,17,186,17,203,18,221,19,240
1,186,19,186,19,205,20,225,21,246
1,187,2,187,2,189,3,192,4,196
1,187,3,187,3,190,4,194,5,199
1,187,5,187,5,192,6,198,7,205
1,187,7,187,7,194,8,202,9,211
1,187,11,187,11,198,12,210,13,223
1,187,13,187,13,200,14,214,15,229
1,187,17,187,17,204,18,222,19,241
1,187,19,187,19,206,20,226,21,247
1,188,2,188,2,190,3,193,4,197
1,188,3,188,3,191,4,195,5,200
1,188,5,188,5,193,6,199,7,206
1,188,7,188,7,195,8,203,9,212
1,188,11,188,11,199,12,211,13,224
1,188,13,188,13,201,14,215,15,230
1,188,17,188,17,205,18,223,19,242
1,188,19,188,19,207,20,227,21,248
1,189,2,189,2,191,3,194,4,198
1,189,3,189,3,192,4,196,5,201
1,189,5,189,5,194,6,200,7,207
1,189,7,189,7,196,8,204,9,213
1,189,11,189,11,200,12,212,13,225
1,189,13,189,13,202,14,216,15,231
1,189,17,189,17,206,18,224,19,243
1,189,19,189,19,208,20,228,21,249
1,190,2,190,2,192,3,195,4,199
1,190,3,190,3,193,4,197,5,202
1,190,5,190,5,195,6,201,7,208
1,190,7,190,7,197,8,205,9,214
1,190,11,190,11,201,12,213,13,226
1,190,13,190,13,203,14,217,15,232
1,190,17,190,17,207,18,225,19,244
1,190,19,190,19,209,20,229,21,250
1,191,2,191,2,193,3,196,4,200
1,191,3,191,3,194,4,198,5,203
1,191,5,191,5,196,6,202,7,209
1,191,7,191,7,198,8,206,9,215
1,191,11,191,11,202,12,214,13,227
1,191,13,191,13,204,14,218,15,233
1,191,17,191,17,208,18,226,19,245
1,191,19,191,19,210,20,230,21,251
1,192,2,192,2,194,3,197,4,201
1,192,3,192,3,195,4,199,5,204
1,192,5,192,5,197,6,203,7,210
1,192,7,192,7,199,8,207,9,216
1,192,11,192,11,203,12,215,13,228
1,192,13,192,13,205,14,219,15,234
1,192,17,192,17,209,18,227,19,246
1,192,19,192,19,211,20,231,21,252
1,193,2,193,2,195,3,198,4,202
1,193,3,193,3,196,4,200,5,205
1,193,5,193,5,198,6,204,7,211
1,193,7,193,7,200,8,208,9,217
1,193,11,193,11,204,12,216,13,229
1,193,13,193,13,206,14,220,15,235
1,193,17,193,17,210,18,228,19,247
1,193,19,193,19,212,20,232,21,253
1,194,2,194,2,196,3,199,4,203
1,194,3,194,3,197,4,201,5,206
1,194,5,194,5,199,6,205,7,212
1,194,7,194,7,201,8,209,9,218
1,194,11,194,11,205,12,217,13,230
1,194,13,194,13,207,14,221,15,236
1,194,17,194,17,211,18,229,19,248
1,194,19,194,19,213,20,233,21,254
1,195,2,195,2,197,3,200,4,204
1,195,3,195,3,198,4,202,5,207
1,195,5,195,5,200,6,206,7,213
1,195,7,195,7,202,8,210,9,219
1,195,11,195,11,206,12,218,13,231
1,195,13,195,13,208,14,222,15,237
1,195,17,195,17,212,18,230,19,249
1,195,19,195,19,214,20,234,21,255
1,196,2,196,2,198,3,201,4,205
1,196,3,196,3,199,4,203,5,208
1,196,5,196,5,201,6,207,7,214
1,196,7,196,7,203,8,211,9,220
1,196,11,196,11,207,12,219,13,232
1,196,13,196,13,209,14,223,15,238
1,196,17,196,17,213,18,231,19,250
1,196,19,196,19,215,20,235,21,256
1,197,2,197,2,199,3,202,4,206
1,197,3,197,3,200,4,204,5,209
1,197,5,197,5,202,6,208,7,215
1,197,7,197,7,204,8,212,9,221
1,197,11,197,11,208,12,220,13,233
1,197,13,197,13,210,14,224,15,239
1,197,17,197,17,214,18,232,19,251
1,197,19,197,19,216,20,236,21,257
1,198,2,198,2,200,3,203,4,207
1,198,3,198,3,201,4,205,5,210
1,198,5,198,5,203,6,209,7,216
1,198,7,198,7,205,8,213,9,222
1,198,11,198,11,209,12,221,13,234
1,198,13,198,13,211,14,225,15,240
1,198,17,198,17,215,18,233,19,252
1,198,19,198,19,217,20,237,21,258
1,199,2,199,2,201,3,204,4,208
1,199,3,199,3,202,4,206,5,211
1,199,5,199,5,204,6,210,7,217
1,199,7,199,7,206,8,214,9,223
1,199,11,199,11,210,12,222,13,235
1,199,13,199,13,212,14,226,15,241
1,199,17,199,17,216,18,234,19,253
1,199,19,199,19,218,20,238,21,259
1,200,2,200,2,202,3,205,4,209
1,200,3,200,3,203,4,207,5,212
1,200,5,200,5,205,6,211,7,218
1,200,7,200,7,207,8,215,9,224
1,200,11,200,11,211,12,223,13,236
1,200,13,200,13,213,14,227,15,242
1,200,17,200,17,217,18,235,19,254
1,200,19,200,19,219,20,239,21,260
1,201,2,201,2,203,3,206,4,210
1,201,3,201,3,204,4,208,5,213
1,201,5,201,5,206,6,212,7,219
1,201,7,201,7,208,8,216,9,225
1,201,11,201,11,212,12,224,13,237
1,201,13,201,13,214,14,228,15,243
1,201,17,201,17,218,18,236,19,255
1,201,19,201,19,220,20,240,21,261
1,202,2,202,2,204,3,207,4,211
1,202,3,202,3,205,4,209,5,214
1,202,5,202,5,207,6,213,7,220
1,202,7,202,7,209,8,217,9,226
1,202,11,202,11,213,12,225,13,238
1,202,13,202,13,215,14,229,15,244
1,202,17,202,17,219,18,237,19,256
1,202,19,202,19,221,20,241,21,262
1,203,2,203,2,205,3,208,4,212
1,203,3,203,3,206,4,210,5,215
1,203,5,203,5,208,6,214,7,221
1,203,7,203,7,210,8,218,9,227
1,203,11,203,11,214,12,226,13,239
1,203,13,203,13,216,14,230,15,245
1,203,17,203,17,220,18,238,19,257
1,203,19,203,19,222,20,242,21,263
1,204,2,204,2,206,3,209,4,213
1,204,3,204,3,207,4,211,5,216
1,204,5,204,5,209,6,215,7,222
1,204,7,204,7,211,8,219,9,228
1,204,11,204,11,215,12,227,13,240
1,204,13,204,13,217,14,231,15,246
1,204,17,204,17,221,18,239,19,258
1,204,19,204,19,223,20,243,21,264
1,205,2,205,2,207,3,210,4,214
1,205,3,205,3,208,4,212,5,217
1,205,5,205,5,210,6,216,7,223
1,205,7,205,7,212,8,220,9,229
1,205,11,205,11,216,12,228,13,241
1,205,13,205,13,218,14,232,15,247
1,205,17,205,17,222,18,240,19,259
1,205,19,205,19,224,20,244,21,265
1,206,2,206,2,208,3,211,4,215
1,206,3,206,3,209,4,213,5,218
1,206,5,206,5,211,6,217,7,224
1,206,7,206,7,213,8,221,9,230
1,206,11,206,11,217,12,229,13,242
1,206,13,206,13,219,14,233,15,248
1,206,17,206,17,223,18,241,19,260
1,206,19,206,19,225,20,245,21,266
1,207,2,207,2,209,3,212,4,216
1,207,3,207,3,210,4,214,5,219
1,207,5,207,5,212,6,218,7,225
1,207,7,207,7,214,8,222,9,231
1,207,11,207,11,218,12,230,13,243
1,207,13,207,13,220,14,234,15,249
1,207,17,207,17,224,18,242,19,261
1,207,19,207,19,226,20,246,21,267
1,208,2,208,2,210,3,213,4,217
1,208,3,208,3,211,4,215,5,220
1,208,5,208,5,213,6,219,7,226
1,208,7,208,7,215,8,223,9,232
1,208,11,208,11,219,12,231,13,244
1,208,13,208,13,221,14,235,15,250
1,208,17,208,17,225,18,243,19,262
1,208,19,208,19,227,20,247,21,268
1,209,2,209,2,211,3,214,4,218
1,209,3,209,3,212,4,216,5,221
1,209,5,209,5,214,6,220,7,227
1,209,7,209,7,216,8,224,9,233
1,209,11,209,11,220,12,232,13,245
1,209,13,209,13,222,14,236,15,251
1,209,17,209,17,226,18,244,19,263
1,209,19,209,19,228,20,248,21,269
1,210,2,210,2,212,3,215,4,219
1,210,3,210,3,213,4,217,5,222
1,210,5,210,5,215,6,221,7,228
1,210,7,210,7,217,8,225,9,234
1,210,11,210,11,221,12,233,13,246
1,210,13,210,13,223,14,237,15,252
1,210,17,210,17,227,18,245,19,264
1,210,19,210,19,229,20,249,21,270
1,211,2,211,2,213,3,216,4,220
1,211,3,211,3,214,4,218,5,223
1,211,5,211,5,216,6,222,7,229
1,211,7,211,7,218,8,226,9,235
1,211,11,211,11,222,12,234,13,247
1,211,13,211,13,224,14,238,15,253
1,211,17,211,17,228,18,246,19,265
1,211,19,211,19,230,20,250,21,271
1,212,2,212,2,214,3,217,4,221
1,212,3,212,3,215,4,219,5,224
1,212,5,212,5,217,6,223,7,230
1,212,7,212,7,219,8,227,9,236
1,212,11,212,11,223,12,235,13,248
1,212,13,212,13,225,14,239,15,254
1,212,17,212,17,229,18,247,19,266
1,212,19,212,19,231,20,251,21,272
1,213,2,213,2,215,3,218,4,222
1,213,3,213,3,216,4,220,5,225
1,213,5,213,5,218,6,224,7,231
1,213,7,213,7,220,8,228,9,237
1,213,11,213,11,224,12,236,13,249
1,213,13,213,13,226,14,240,15,255
1,213,17,213,17,230,18,248,19,267
1,213,19,213,19,232,20,252,21,273
1,214,2,214,2,216,3,219,4,223
1,214,3,214,3,217,4,221,5,226
1,214,5,214,5,219,6,225,7,232
1,214,7,214,7,221,8,229,9,238
1,214,11,214,11,225,12,237,13,250
1,214,13,214,13,227,14,241,15,256
1,214,17,214,17,231,18,249,19,268
1,214,19,214,19,233,20,253,21,274
1,215,2,215,2,217,3,220,4,224
1,215,3,215,3,218,4,222,5,227
1,215,5,215,5,220,6,226,7,233
1,215,7,215,7,222,8,230,9,239
1,215,11,215,11,226,12,238,13,251
1,215,13,215,13,228,14,242,15,257
1,215,17,215,17,232,18,250,19,269
1,215,19,215,19,234,20,254,21,275
1,216,2,216,2,218,3,221,4,225
1,216,3,216,3,219,4,223,5,228
1,216,5,216,5,221,6,227,7,234
1,216,7,216,7,223,8,231,9,240
1,216,11,216,11,227,12,239,13,252
1,216,13,216,13,229,14,243,15,258
1,216,17,216,17,233,18,251,19,270
1,216,19,216,19,235,20,255,21,276
1,217,2,217,2,219,3,222,4,226
1,217,3,217,3,220,4,224,5,229
1,217,5,217,5,222,6,228,7,235
1,217,7,217,7,224,8,232,9,241
1,217,11,217,11,228,12,240,13,253
1,217,13,217,13,230,14,244,15,259
1,217,17,217,17,234,18,252,19,271
1,217,19,217,19,236,20,256,21,277
1,218,2,218,2,220,3,223,4,227
1,218,3,218,3,221,4,225,5,230
1,218,5,218,5,223,6,229,7,236
1,218,7,218,7,225,8,233,9,242
1,218,11,218,11,229,12,241,13,254
1,218,13,218,13,231,14,245,15,260
1,218,17,218,17,235,18,253,19,272
1,218,19,218,19,237,20,257,21,278
1,219,2,219,2,221,3,224,4,228
1,219,3,219,3,222,4,226,5,231
1,219,5,219,5,224,6,230,7,237
1,219,7,219,7,226,8,234,9,243
1,219,11,219,11,230,12,242,13,255
1,219,13,219,13,232,14,246,15,261
1,219,17,219,17,236,18,254,19,273
1,219,19,219,19,238,20,258,21,279
1,220,2,220,2,222,3,225,4,229
1,220,3,220,3,223,4,227,5,232
1,220,5,220,5,225,6,231,7,238
1,220,7,220,7,227,8,235,9,244
1,220,11,220,11,231,12,243,13,256
1,220,13,220,13,233,14,247,15,262
1,220,17,220,17,237,18,255,19,274
1,220,19,220,19,239,20,259,21,280
1,221,2,221,2,223,3,226,4,230
1,221,3,221,3,224,4,228,5,233
1,221,5,221,5,226,6,232,7,239
1,221,7,221,7,228,8,236,9,245
1,221,11,221,11,232,12,244,13,257
1,221,13,221,13,234,14,248,15,263
1,221,17,221,17,238,18,256,19,275
1,221,19,221,19,240,20,260,21,281
1,222,2,222,2,224,3,227,4,231
1,222,3,222,3,225,4,229,5,234
1,222,5,222,5,227,6,233,7,240
1,222,7,222,7,229,8,237,9,246
1,222,11,222,11,233,12,245,13,258
1,222,13,222,13,235,14,249,15,264
1,222,17,222,17,239,18,257,19,276
1,222,19,222,19,241,20,261,21,282
1,223,2,223,2,225,3,228,4,232
1,223,3,223,3,226,4,230,5,235
1,223,5,223,5,228,6,234,7,241
1,223,7,223,7,230,8,238,9,247
1,223,11,223,11,234,12,246,13,259
1,223,13,223,13,236,14,250,15,265
1,223,17,223,17,240,18,258,19,277
1,223,19,223,19,242,20,262,21,283
1,224,2,224,2,226,3,229,4,233
1,224,3,224,3,227,4,231,5,236
1,224,5,224,5,229,6,235,7,242
1,224,7,224,7,231,8,239,9,248
1,224,11,224,11,235,12,247,13,260
1,224,13,224,13,237,14,251,15,266
1,224,17,224,17,241,18,259,19,278
1,224,19,224,19,243,20,263,21,284
1,225,2,225,2,227,3,230,4,234
1,225,3,225,3,228,4,232,5,237
1,225,5,225,5,230,6,236,7,243
1,225,7,225,7,232,8,240,9,249
1,225,11,225,11,236,12,248,13,261
1,225,13,225,13,238,14,252,15,267
1,225,17,225,17,242,18,260,19,279
1,225,19,225,19,244,20,264,21,285
1,226,2,226,2,228,3,231,4,235
1,226,3,226,3,229,4,233,5,238
1,226,5,226,5,231,6,237,7,244
1,226,7,226,7,233,8,241,9,250
1,226,11,226,11,237,12,249,13,262
1,226,13,226,13,239,14,253,15,268
1,226,17,226,17,243,18,261,19,280
1,226,19,226,19,245,20,265,21,286
1,227,2,227,2,229,3,232,4,236
1,227,3,227,3,230,4,234,5,239
1,227,5,227,5,232,6,238,7,245
1,227,7,227,7,234,8,242,9,251
1,227,11,227,11,238,12,250,13,263
1,227,13,227,13,240,14,254,15,269
1,227,17,227,17,244,18,262,19,281
1,227,19,227,19,246,20,266,21,287
1,228,2,228,2,230,3,233,4,237
1,228,3,228,3,231,4,235,5,240
1,228,5,228,5,233,6,239,7,246
1,228,7,228,7,235,8,243,9,252
1,228,11,228,11,239,12,251,13,264
1,228,13,228,13,241,14,255,15,270
1,228,17,228,17,245,18,263,19,282
1,228,19,228,19,247,20,267,21,288
1,229,2,229,2,231,3,234,4,238
1,229,3,229,3,232,4,236,5,241
1,229,5,229,5,234,6,240,7,247
1,229,7,229,7,236,8,244,9,253
1,229,11,229,11,240,12,252,13,265
1,229,13,229,13,242,14,256,15,271
1,229,17,229,17,246,18,264,19,283
1,229,19,229,19,248,20,268,21,289
1,230,2,230,2,232,3,235,4,239
1,230,3,230,3,233,4,237,5,242
1,230,5,230,5,235,6,241,7,248
1,230,7,230,7,237,8,245,9,254
1,230,11,230,11,241,12,253,13,266
1,230,13,230,13,243,14,257,15,272
1,230,17,230,17,247,18,265,19,284
1,230,19,230,19,249,20,269,21,290
1,231,2,231,2,233,3,236,4,240
1,231,3,231,3,234,4,238,5,243
1,231,5,231,5,236,6,242,7,249
1,231,7,231,7,238,8,246,9,255
1,231,11,231,11,242,12,254,13,267
1,231,13,231,13,244,14,258,15,273
1,231,17,231,17,248,18,266,19,285
1,231,19,231,19,250,20,270,21,291
1,232,2,232,2,234,3,237,4,241
1,232,3,232,3,235,4,239,5,244
1,232,5,232,5,237,6,243,7,250
1,232,7,232,7,239,8,247,9,256
1,232,11,232,11,243,12,255,13,268
1,232,13,232,13,245,14,259,15,274
1,232,17,232,17,249,18,267,19,286
1,232,19,232,19,251,20,271,21,292
1,233,2,233,2,235,3,238,4,242
1,233,3,233,3,236,4,240,5,245
1,233,5,233,5,238,6,244,7,251
1,233,7,233,7,240,8,248,9,257
1,233,11,233,11,244,12,256,13,269
1,233,13,233,13,246,14,260,15,275
1,233,17,233,17,250,18,268,19,287
1,233,19,233,19,252,20,272,21,293
1,234,2,234,2,236,3,239,4,243
1,234,3,234,3,237,4,241,5,246
1,234,5,234,5,239,6,245,7,252
1,234,7,234,7,241,8,249,9,258
1,234,11,234,11,245,12,257,13,270
1,234,13,234,13,247,14,261,15,276
1,234,17,234,17,251,18,269,19,288
1,234,19,234,19,253,20,273,21,294
1,235,2,235,2,237,3,240,4,244
1,235,3,235,3,238,4,242,5,247
1,235,5,235,5,240,6,246,7,253
1,235,7,235,7,242,8,250,9,259
1,235,11,235,11,246,12,258,13,271
1,235,13,235,13,248,14,262,15,277
1,235,17,235,17,252,18,270,19,289
1,235,19,235,19,254,20,274,21,295
1,236,2,236,2,238,3,241,4,245
1,236,3,236,3,239,4,243,5,248
1,236,5,236,5,241,6,247,7,254
1,236,7,236,7,243,8,251,9,260
1,236,11,236,11,247,12,259,13,272
1,236,13,236,13,249,14,263,15,278
1,236,17,236,17,253,18,271,19,290
1,236,19,236,19,255,20,275,21,296
1,237,2,237,2,239,3,242,4,246
1,237,3,237,3,240,4,244,5,249
1,237,5,237,5,242,6,248,7,255
1,237,7,237,7,244,8,252,9,261
1,237,11,237,11,248,12,260,13,273
1,237,13,237,13,250,14,264,15,279
1,237,17,237,17,254,18,272,19,291
1,237,19,237,19,256,20,276,21,297
1,238,2,238,2,240,3,243,4,247
1,238,3,238,3,241,4,245,5,250
1,238,5,238,5,243,6,249,7,256
1,238,7,238,7,245,8,253,9,262
1,238,11,238,11,249,12,261,13,274
1,238,13,238,13,251,14,265,15,280
1,238,17,238,17,255,18,273,19,292
1,238,19,238,19,257,20,277,21,298
1,239,2,239,2,241,3,244,4,248
1,239,3,239,3,242,4,246,5,251
1,239,5,239,5,244,6,250,7,257
1,239,7,239,7,246,8,254,9,263
1,239,11,239,11,250,12,262,13,275
1,239,13,239,13,252,14,266,15,281
1,239,17,239,17,256,18,274,19,293
1,239,19,239,19,258,20,278,21,299
1,240,2,240,2,242,3,245,4,249
1,240,3,240,3,243,4,247,5,252
1,240,5,240,5,245,6,251,7,258
1,240,7,240,7,247,8,255,9,264
1,240,11,240,11,251,12,263,13,276
1,240,13,240,13,253,14,267,15,282
1,240,17,240,17,257,18,275,19,294
1,240,19,240,19,259,20,279,21,300
1,241,2,241,2,243,3,246,4,250
1,241,3,241,3,244,4,248,5,253
1,241,5,241,5,246,6,252,7,259
1,241,7,241,7,248,8,256,9,265
1,241,11,241,11,252,12,264,13,277
1,241,13,241,13,254,14,268,15,283
1,241,17,241,17,258,18,276,19,295
1,241,19,241,19,260,20,280,21,301
1,242,2,242,2,244,3,247,4,251
1,242,3,242,3,245,4,249,5,254
1,242,5,242,5,247,6,253,7,260
1,242,7,242,7,249,8,257,9,266
1,242,11,242,11,253,12,265,13,278
1,242,13,242,13,255,14,269,15,284
1,242,17,242,17,259,18,277,19,296
1,242,19,242,19,261,20,281,21,302
1,243,2,243,2,245,3,248,4,252
1,243,3,243,3,246,4,250,5,255
1,243,5,243,5,248,6,254,7,261
1,243,7,243,7,250,8,258,9,267
1,243,11,243,11,254,12,266,13,279
1,243,13,243,13,256,14,270,15,285
1,243,17,243,17,260,18,278,19,297
1,243,19,243,19,262,20,282,21,303
1,244,2,244,2,246,3,249,4,253
1,244,3,244,3,247,4,251,5,256
1,244,5,244,5,249,6,255,7,262
1,244,7,244,7,251,8,259,9,268
1,244,11,244,11,255,12,267,13,280
1,244,13,244,13,257,14,271,15,286
1,244,17,244,17,261,18,279,19,298
1,244,19,244,19,263,20,283,21,304
1,245,2,245,2,247,3,250,4,254
1,245,3,245,3,248,4,252,5,257
1,245,5,245,5,250,6,256,7,263
1,245,7,245,7,252,8,260,9,269
1,245,11,245,11,256,12,268,13,281
1,245,13,245,13,258,14,272,15,287
1,245,17,245,17,262,18,280,19,299
1,245,19,245,19,264,20,284,21,305
1,246,2,246,2,248,3,251,4,255
1,246,3,246,3,249,4,253,5,258
1,246,5,246,5,251,6,257,7,264
1,246,7,246,7,253,8,261,9,270
1,246,11,246,11,257,12,269,13,282
1,246,13,246,13,259,14,273,15,288
1,246,17,246,17,263,18,281,19,300
1,246,19,246,19,265,20,285,21,306
1,247,2,247,2,249,3,252,4,256
1,247,3,247,3,250,4,254,5,259
1,247,5,247,5,252,6,258,7,265
1,247,7,247,7,254,8,262,9,271
1,247,11,247,11,258,12,270,13,283
1,247,13,247,13,260,14,274,15,289
1,247,17,247,17,264,18,282,19,301
1,247,19,247,19,266,20,286,21,307
1,248,2,248,2,250,3,253,4,257
1,248,3,248,3,251,4,255,5,260
1,248,5,248,5,253,6,259,7,266
1,248,7,248,7,255,8,263,9,272
1,248,11,248,11,259,12,271,13,284
1,248,13,248,13,261,14,275,15,290
1,248,17,248,17,265,18,283,19,302
1,248,19,248,19,267,20,287,21,308
1,249,2,249,2,251,3,254,4,258
1,249,3,249,3,252,4,256,5,261
1,249,5,249,5,254,6,260,7,267
1,249,7,249,7,256,8,264,9,273
1,249,11,249,11,260,12,272,13,285
1,249,13,249,13,262,14,276,15,291
1,249,17,249,17,266,18,284,19,303
1,249,19,249,19,268,20,288,21,309
1,250,2,250,2,252,3,255,4,259
1,250,3,250,3,253,4,257,5,262
1,250,5,250,5,255,6,261,7,268
1,250,7,250,7,257,8,265,9,274
1,250,11,250,11,261,12,273,13,286
1,250,13,250,13,263,14,277,15,292
1,250,17,250,17,267,18,285,19,304
1,250,19,250,19,269,20,289,21,310
1,251,2,251,2,253,3,256,4,260
1,251,3,251,3,254,4,258,5,263
1,251,5,251,5,256,6,262,7,269
1,251,7,251,7,258,8,266,9,275
1,251,11,251,11,262,12,274,13,287
1,251,13,251,13,264,14,278,15,293
1,251,17,251,17,268,18,286,19,305
1,251,19,251,19,270,20,290,21,311
1,252,2,252,2,254,3,257,4,261
1,252,3,252,3,255,4,259,5,264
1,252,5,252,5,257,6,263,7,270
1,252,7,252,7,259,8,267,9,276
1,252,11,252,11,263,12,275,13,288
1,252,13,252,13,265,14,279,15,294
1,252,17,252,17,269,18,287,19,306
1,252,19,252,19,271,20,291,21,312
1,253,2,253,2,255,3,258,4,262
1,253,3,253,3,256,4,260,5,265
1,253,5,253,5,258,6,264,7,271
1,253,7,253,7,260,8,268,9,277
1,253,11,253,11,264,12,276,13,289
1,253,13,253,13,266,14,280,15,295
1,253,17,253,17,270,18,288,19,307
1,253,19,253,19,272,20,292,21,313
1,254,2,254,2,256,3,259,4,263
1,254,3,254,3,257,4,261,5,266
1,254,5,254,5,259,6,265,7,272
1,254,7,254,7,261,8,269,9,278
1,254,11,254,11,265,12,277,13,290
1,254,13,254,13,267,14,281,15,296
1,254,17,254,17,271,18,289,19,308
1,254,19,254,19,273,20,293,21,314
1,255,2,255,2,257,3,260,4,264
1,255,3,255,3,258,4,262,5,267
1,255,5,255,5,260,6,266,7,273
1,255,7,255,7,262,8,270,9,279
1,255,11,255,11,266,12,278,13,291
1,255,13,255,13,268,14,282,15,297
1,255,17,255,17,272,18,290,19,309
1,255,19,255,19,274,20,294,21,315
1,256,2,256,2,258,3,261,4,265
1,256,3,256,3,259,4,263,5,268
1,256,5,256,5,261,6,267,7,274
1,256,7,256,7,263,8,271,9,280
1,256,11,256,11,267,12,279,13,292
1,256,13,256,13,269,14,283,15,298
1,256,17,256,17,273,18,291,19,310
1,256,19,256,19,275,20,295,21,316
1,257,2,257,2,259,3,262,4,266
1,257,3,257,3,260,4,264,5,269
1,257,5,257,5,262,6,268,7,275
1,257,7,257,7,264,8,272,9,281
1,257,11,257,11,268,12,280,13,293
1,257,13,257,13,270,14,284,15,299
1,257,17,257,17,274,18,292,19,311
1,257,19,257,19,276,20,296,21,317
1,258,2,258,2,260,3,263,4,267
1,258,3,258,3,261,4,265,5,270
1,258,5,258,5,263,6,269,7,276
1,258,7,258,7,265,8,273,9,282
1,258,11,258,11,269,12,281,13,294
1,258,13,258,13,271,14,285,15,300
1,258,17,258,17,275,18,293,19,312
1,258,19,258,19,277,20,297,21,318
1,259,2,259,2,261,3,264,4,268
1,259,3,259,3,262,4,266,5,271
1,259,5,259,5,264,6,270,7,277
1,259,7,259,7,266,8,274,9,283
1,259,11,259,11,270,12,282,13,295
1,259,13,259,13,272,14,286,15,301
1,259,17,259,17,276,18,294,19,313
1,259,19,259,19,278,20,298,21,319
1,260,2,260,2,262,3,265,4,269
1,260,3,260,3,263,4,267,5,272
1,260,5,260,5,265,6,271,7,278
1,260,7,260,7,267,8,275,9,284
1,260,11,260,11,271,12,283,13,296
1,260,13,260,13,273,14,287,15,302
1,260,17,260,17,277,18,295,19,314
1,260,19,260,19,279,20,299,21,320
1,261,2,261,2,263,3,266,4,270
1,261,3,261,3,264,4,268,5,273
1,261,5,261,5,266,6,272,7,279
1,261,7,261,7,268,8,276,9,285
1,261,11,261,11,272,12,284,13,297
1,261,13,261,13,274,14,288,15,303
1,261,17,261,17,278,18,296,19,315
1,261,19,261,19,280,20,300,21,321
1,262,2,262,2,264,3,267,4,271
1,262,3,262,3,265,4,269,5,274
1,262,5,262,5,267,6,273,7,280
1,262,7,262,7,269,8,277,9,286
1,262,11,262,11,273,12,285,13,298
1,262,13,262,13,275,14,289,15,304
1,262,17,262,17,279,18,297,19,316
1,262,19,262,19,281,20,301,21,322
1,263,2,263,2,265,3,268,4,272
1,263,3,263,3,266,4,270,5,275
1,263,5,263,5,268,6,274,7,281
1,263,7,263,7,270,8,278,9,287
1,263,11,263,11,274,12,286,13,299
1,263,13,263,13,276,14,290,15,305
1,263,17,263,17,280,18,298,19,317
1,263,19,263,19,282,20,302,21,323
1,264,2,264,2,266,3,269,4,273
1,264,3,264,3,267,4,271,5,276
1,264,5,264,5,269,6,275,7,282
1,264,7,264,7,271,8,279,9,288
1,264,11,264,11,275,12,287,13,300
1,264,13,264,13,277,14,291,15,306
1,264,17,264,17,281,18,299,19,318
1,264,19,264,19,283,20,303,21,324
1,265,2,265,2,267,3,270,4,274
1,265,3,265,3,268,4,272,5,277
1,265,5,265,5,270,6,276,7,283
1,265,7,265,7,272,8,280,9,289
1,265,11,265,11,276,12,288,13,301
1,265,13,265,13,278,14,292,15,307
1,265,17,265,17,282,18,300,19,319
1,265,19,265,19,284,20,304,21,325
1,266,2,266,2,268,3,271,4,275
1,266,3,266,3,269,4,273,5,278
1,266,5,266,5,271,6,277,7,284
1,266,7,266,7,273,8,281,9,290
1,266,11,266,11,277,12,289,13,302
1,266,13,266,13,279,14,293,15,308
1,266,17,266,17,283,18,301,19,320
1,266,19,266,19,285,20,305,21,326
1,267,2,267,2,269,3,272,4,276
1,267,3,267,3,270,4,274,5,279
1,267,5,267,5,272,6,278,7,285
1,267,7,267,7,274,8,282,9,291
1,267,11,267,11,278,12,290,13,303
1,267,13,267,13,280,14,294,15,309
1,267,17,267,17,284,18,302,19,321
1,267,19,267,19,286,20,306,21,327
1,268,2,268,2,270,3,273,4,277
1,268,3,268,3,271,4,275,5,280
1,268,5,268,5,273,6,279,7,286
1,268,7,268,7,275,8,283,9,292
1,268,11,268,11,279,12,291,13,304
1,268,13,268,13,281,14,295,15,310
1,268,17,268,17,285,18,303,19,322
1,268,19,268,19,287,20,307,21,328
1,269,2,269,2,271,3,274,4,278
1,269,3,269,3,272,4,276,5,281
1,269,5,269,5,274,6,280,7,287
1,269,7,269,7,276,8,284,9,293
1,269,11,269,11,280,12,292,13,305
1,269,13,269,13,282,14,296,15,311
1,269,17,269,17,286,18,304,19,323
1,269,19,269,19,288,20,308,21,329
1,270,2,270,2,272,3,275,4,279
1,270,3,270,3,273,4,277,5,282
1,270,5,270,5,275,6,281,7,288
1,270,7,270,7,277,8,285,9,294
1,270,11,270,11,281,12,293,13,306
1,270,13,270,13,283,14,297,15,312
1,270,17,270,17,287,18,305,19,324
1,270,19,270,19,289,20,309,21,330
1,271,2,271,2,273,3,276,4,280
1,271,3,271,3,274,4,278,5,283
1,271,5,271,5,276,6,282,7,289
1,271,7,271,7,278,8,286,9,295
1,271,11,271,11,282,12,294,13,307
1,271,13,271,13,284,14,298,15,313
1,271,17,271,17,288,18,306,19,325
1,271,19,271,19,290,20,310,21,331
1,272,2,272,2,274,3,277,4,281
1,272,3,272,3,275,4,279,5,284
1,272,5,272,5,277,6,283,7,290
1,272,7,272,7,279,8,287,9,296
1,272,11,272,11,283,12,295,13,308
1,272,13,272,13,285,14,299,15,314
1,272,17,272,17,289,18,307,19,326
1,272,19,272,19,291,20,311,21,332
1,273,2,273,2,275,3,278,4,282
1,273,3,273,3,276,4,280,5,285
1,273,5,273,5,278,6,284,7,291
1,273,7,273,7,280,8,288,9,297
1,273,11,273,11,284,12,296,13,309
1,273,13,273,13,286,14,300,15,315
1,273,17,273,17,290,18,308,19,327
1,273,19,273,19,292,20,312,21,333
1,274,2,274,2,276,3,279,4,283
1,274,3,274,3,277,4,281,5,286
1,274,5,274,5,279,6,285,7,292
1,274,7,274,7,281,8,289,9,298
1,274,11,274,11,285,12,297,13,310
1,274,13,274,13,287,14,301,15,316
1,274,17,274,17,291,18,309,19,328
1,274,19,274,19,293,20,313,21,334
1,275,2,275,2,277,3,280,4,284
1,275,3,275,3,278,4,282,5,287
1,275,5,275,5,280,6,286,7,293
1,275,7,275,7,282,8,290,9,299
1,275,11,275,11,286,12,298,13,311
1,275,13,275,13,288,14,302,15,317
1,275,17,275,17,292,18,310,19,329
1,275,19,275,19,294,20,314,21,335
1,276,2,276,2,278,3,281,4,285
1,276,3,276,3,279,4,283,5,288
1,276,5,276,5,281,6,287,7,294
1,276,7,276,7,283,8,291,9,300
1,276,11,276,11,287,12,299,13,312
1,276,13,276,13,289,14,303,15,318
1,276,17,276,17,293,18,311,19,330
1,276,19,276,19,295,20,315,21,336
1,277,2,277,2,279,3,282,4,286
1,277,3,277,3,280,4,284,5,289
1,277,5,277,5,282,6,288,7,295
1,277,7,277,7,284,8,292,9,301
1,277,11,277,11,288,12,300,13,313
1,277,13,277,13,290,14,304,15,319
1,277,17,277,17,294,18,312,19,331
1,277,19,277,19,296,20,316,21,337
1,278,2,278,2,280,3,283,4,287
1,278,3,278,3,281,4,285,5,290
1,278,5,278,5,283,6,289,7,296
1,278,7,278,7,285,8,293,9,302
1,278,11,278,11,289,12,301,13,314
1,278,13,278,13,291,14,305,15,320
1,278,17,278,17,295,18,313,19,332
1,278,19,278,19,297,20,317,21,338
1,279,2,279,2,281,3,284,4,288
1,279,3,279,3,282,4,286,5,291
1,279,5,279,5,284,6,290,7,297
1,279,7,279,7,286,8,294,9,303
1,279,11,279,11,290,12,302,13,315
1,279,13,279,13,292,14,306,15,321
1,279,17,279,17,296,18,314,19,333
1,279,19,279,19,298,20,318,21,339
1,280,2,280,2,282,3,285,4,289
1,280,3,280,3,283,4,287,5,292
1,280,5,280,5,285,6,291,7,298
1,280,7,280,7,287,8,295,9,304
1,280,11,280,11,291,12,303,13,316
1,280,13,280,13,293,14,307,15,322
1,280,17,280,17,297,18,315,19,334
1,280,19,280,19,299,20,319,21,340
1,281,2,281,2,283,3,286,4,290
1,281,3,281,3,284,4,288,5,293
1,281,5,281,5,286,6,292,7,299
1,281,7,281,7,288,8,296,9,305
1,281,11,281,11,292,12,304,13,317
1,281,13,281,13,294,14,308,15,323
1,281,17,281,17,298,18,316,19,335
1,281,19,281,19,300,20,320,21,341
1,282,2,282,2,284,3,287,4,291
1,282,3,282,3,285,4,289,5,294
1,282,5,282,5,287,6,293,7,300
1,282,7,282,7,289,8,297,9,306
1,282,11,282,11,293,12,305,13,318
1,282,13,282,13,295,14,309,15,324
1,282,17,282,17,299,18,317,19,336
1,282,19,282,19,301,20,321,21,342
1,283,2,283,2,285,3,288,4,292
1,283,3,283,3,286,4,290,5,295
1,283,5,283,5,288,6,294,7,301
1,283,7,283,7,290,8,298,9,307
1,283,11,283,11,294,12,306,13,319
1,283,13,283,13,296,14,310,15,325
1,283,17,283,17,300,18,318,19,337
1,283,19,283,19,302,20,322,21,343
1,284,2,284,2,286,3,289,4,293
1,284,3,284,3,287,4,291,5,296
1,284,5,284,5,289,6,295,7,302
1,284,7,284,7,291,8,299,9,308
1,284,11,284,11,295,12,307,13,320
1,284,13,284,13,297,14,311,15,326
1,284,17,284,17,301,18,319,19,338
1,284,19,284,19,303,20,323,21,344
1,285,2,285,2,287,3,290,4,294
1,285,3,285,3,288,4,292,5,297
1,285,5,285,5,290,6,296,7,303
1,285,7,285,7,292,8,300,9,309
1,285,11,285,11,296,12,308,13,321
1,285,13,285,13,298,14,312,15,327
1,285,17,285,17,302,18,320,19,339
1,285,19,285,19,304,20,324,21,345
1,286,2,286,2,288,3,291,4,295
1,286,3,286,3,289,4,293,5,298
1,286,5,286,5,291,6,297,7,304
1,286,7,286,7,293,8,301,9,310
1,286,11,286,11,297,12,309,13,322
1,286,13,286,13,299,14,313,15,328
1,286,17,286,17,303,18,321,19,340
1,286,19,286,19,305,20,325,21,346
1,287,2,287,2,289,3,292,4,296
1,287,3,287,3,290,4,294,5,299
1,287,5,287,5,292,6,298,7,305
1,287,7,287,7,294,8,302,9,311
1,287,11,287,11,298,12,310,13,323
1,287,13,287,13,300,14,314,15,329
1,287,17,287,17,304,18,322,19,341
1,287,19,287,19,306,20,326,21,347
1,288,2,288,2,290,3,293,4,297
1,288,3,288,3,291,4,295,5,300
1,288,5,288,5,293,6,299,7,306
1,288,7,288,7,295,8,303,9,312
1,288,11,288,11,299,12,311,13,324
1,288,13,288,13,301,14,315,15,330
1,288,17,288,17,305,18,323,19,342
1,288,19,288,19,307,20,327,21,348
1,289,2,289,2,291,3,294,4,298
1,289,3,289,3,292,4,296,5,301
1,289,5,289,5,294,6,300,7,307
1,289,7,289,7,296,8,304,9,313
1,289,11,289,11,300,12,312,13,325
1,289,13,289,13,302,14,316,15,331
1,289,17,289,17,306,18,324,19,343
1,289,19,289,19,308,20,328,21,349
1,290,2,290,2,292,3,295,4,299
1,290,3,290,3,293,4,297,5,302
1,290,5,290,5,295,6,301,7,308
1,290,7,290,7,297,8,305,9,314
1,290,11,290,11,301,12,313,13,326
1,290,13,290,13,303,14,317,15,332
1,290,17,290,17,307,18,325,19,344
1,290,19,290,19,309,20,329,21,350
1,291,2,291,2,293,3,296,4,300
1,291,3,291,3,294,4,298,5,303
1,291,5,291,5,296,6,302,7,309
1,291,7,291,7,298,8,306,9,315
1,291,11,291,11,302,12,314,13,327
1,291,13,291,13,304,14,318,15,333
1,291,17,291,17,308,18,326,19,345
1,291,19,291,19,310,20,330,21,351
1,292,2,292,2,294,3,297,4,301
1,292,3,292,3,295,4,299,5,304
1,292,5,292,5,297,6,303,7,310
1,292,7,292,7,299,8,307,9,316
1,292,11,292,11,303,12,315,13,328
1,292,13,292,13,305,14,319,15,334
1,292,17,292,17,309,18,327,19,346
1,292,19,292,19,311,20,331,21,352
1,293,2,293,2,295,3,298,4,302
1,293,3,293,3,296,4,300,5,305
1,293,5,293,5,298,6,304,7,311
1,293,7,293,7,300,8,308,9,317
1,293,11,293,11,304,12,316,13,329
1,293,13,293,13,306,14,320,15,335
1,293,17,293,17,310,18,328,19,347
1,293,19,293,19,312,20,332,21,353
1,294,2,294,2,296,3,299,4,303
1,294,3,294,3,297,4,301,5,306
1,294,5,294,5,299,6,305,7,312
1,294,7,294,7,301,8,309,9,318
1,294,11,294,11,305,12,317,13,330
1,294,13,294,13,307,14,321,15,336
1,294,17,294,17,311,18,329,19,348
1,294,19,294,19,313,20,333,21,354
1,295,2,295,2,297,3,300,4,304
1,295,3,295,3,298,4,302,5,307
1,295,5,295,5,300,6,306,7,313
1,295,7,295,7,302,8,310,9,319
1,295,11,295,11,306,12,318,13,331
1,295,13,295,13,308,14,322,15,337
1,295,17,295,17,312,18,330,19,349
1,295,19,295,19,314,20,334,21,355
1,296,2,296,2,298,3,301,4,305
1,296,3,296,3,299,4,303,5,308
1,296,5,296,5,301,6,307,7,314
1,296,7,296,7,303,8,311,9,320
1,296,11,296,11,307,12,319,13,332
1,296,13,296,13,309,14,323,15,338
1,296,17,296,17,313,18,331,19,350
1,296,19,296,19,315,20,335,21,356
1,297,2,297,2,299,3,302,4,306
1,297,3,297,3,300,4,304,5,309
1,297,5,297,5,302,6,308,7,315
1,297,7,297,7,304,8,312,9,321
1,297,11,297,11,308,12,320,13,333
1,297,13,297,13,310,14,324,15,339
1,297,17,297,17,314,18,332,19,351
1,297,19,297,19,316,20,336,21,357
1,298,2,298,2,300,3,303,4,307
1,298,3,298,3,301,4,305,5,310
1,298,5,298,5,303,6,309,7,316
1,298,7,298,7,305,8,313,9,322
1,298,11,298,11,309,12,321,13,334
1,298,13,298,13,311,14,325,15,340
1,298,17,298,17,315,18,333,19,352
1,298,19,298,19,317,20,337,21,358
1,299,2,299,2,301,3,304,4,308
1,299,3,299,3,302,4,306,5,311
1,299,5,299,5,304,6,310,7,317
1,299,7,299,7,306,8,314,9,323
1,299,11,299,11,310,12,322,13,335
1,299,13,299,13,312,14,326,15,341
1,299,17,299,17,316,18,334,19,353
1,299,19,299,19,318,20,338,21,359
1,300,2,300,2,302,3,305,4,309
1,300,3,300,3,303,4,307,5,312
1,300,5,300,5,305,6,311,7,318
1,300,7,300,7,307,8,315,9,324
1,300,11,300,11,311,12,323,13,336
1,300,13,300,13,313,14,327,15,342
1,300,17,300,17,317,18,335,19,354
1,300,19,300,19,319,20,339,21,360
1,301,2,301,2,303,3,306,4,310
1,301,3,301,3,304,4,308,5,313
1,301,5,301,5,306,6,312,7,319
1,301,7,301,7,308,8,316,9,325
1,301,11,301,11,312,12,324,13,337
1,301,13,301,13,314,14,328,15,343
1,301,17,301,17,318,18,336,19,355
1,301,19,301,19,320,20,340,21,361
1,302,2,302,2,304,3,307,4,311
1,302,3,302,3,305,4,309,5,314
1,302,5,302,5,307,6,313,7,320
1,302,7,302,7,309,8,317,9,326
1,302,11,302,11,313,12,325,13,338
1,302,13,302,13,315,14,329,15,344
1,302,17,302,17,319,18,337,19,356
1,302,19,302,19,321,20,341,21,362
1,303,2,303,2,305,3,308,4,312
1,303,3,303,3,306,4,310,5,315
1,303,5,303,5,308,6,314,7,321
1,303,7,303,7,310,8,318,9,327
1,303,11,303,11,314,12,326,13,339
1,303,13,303,13,316,14,330,15,345
1,303,17,303,17,320,18,338,19,357
1,303,19,303,19,322,20,342,21,363
1,304,2,304,2,306,3,309,4,313
1,304,3,304,3,307,4,311,5,316
1,304,5,304,5,309,6,315,7,322
1,304,7,304,7,311,8,319,9,328
1,304,11,304,11,315,12,327,13,340
1,304,13,304,13,317,14,331,15,346
1,304,17,304,17,321,18,339,19,358
1,304,19,304,19,323,20,343,21,364
1,305,2,305,2,307,3,310,4,314
1,305,3,305,3,308,4,312,5,317
1,305,5,305,5,310,6,316,7,323
1,305,7,305,7,312,8,320,9,329
1,305,11,305,11,316,12,328,13,341
1,305,13,305,13,318,14,332,15,347
1,305,17,305,17,322,18,340,19,359
1,305,19,305,19,324,20,344,21,365
1,306,2,306,2,308,3,311,4,315
1,306,3,306,3,309,4,313,5,318
1,306,5,306,5,311,6,317,7,324
1,306,7,306,7,313,8,321,9,330
1,306,11,306,11,317,12,329,13,342
1,306,13,306,13,319,14,333,15,348
1,306,17,306,17,323,18,341,19,360
1,306,19,306,19,325,20,345,21,366
1,307,2,307,2,309,3,312,4,316
1,307,3,307,3,310,4,314,5,319
1,307,5,307,5,312,6,318,7,325
1,307,7,307,7,314,8,322,9,331
1,307,11,307,11,318,12,330,13,343
1,307,13,307,13,320,14,334,15,349
1,307,17,307,17,324,18,342,19,361
1,307,19,307,19,326,20,346,21,367
1,308,2,308,2,310,3,313,4,317
1,308,3,308,3,311,4,315,5,320
1,308,5,308,5,313,6,319,7,326
1,308,7,308,7,315,8,323,9,332
1,308,11,308,11,319,12,331,13,344
1,308,13,308,13,321,14,335,15,350
1,308,17,308,17,325,18,343,19,362
1,308,19,308,19,327,20,347,21,368
1,309,2,309,2,311,3,314,4,318
1,309,3,309,3,312,4,316,5,321
1,309,5,309,5,314,6,320,7,327
1,309,7,309,7,316,8,324,9,333
1,309,11,309,11,320,12,332,13,345
1,309,13,309,13,322,14,336,15,351
1,309,17,309,17,326,18,344,19,363
1,309,19,309,19,328,20,348,21,369
1,310,2,310,2,312,3,315,4,319
1,310,3,310,3,313,4,317,5,322
1,310,5,310,5,315,6,321,7,328
1,310,7,310,7,317,8,325,9,334
1,310,11,310,11,321,12,333,13,346
1,310,13,310,13,323,14,337,15,352
1,310,17,310,17,327,18,345,19,364
1,310,19,310,19,329,20,349,21,370
1,311,2,311,2,313,3,316,4,320
1,311,3,311,3,314,4,318,5,323
1,311,5,311,5,316,6,322,7,329
1,311,7,311,7,318,8,326,9,335
1,311,11,311,11,322,12,334,13,347
1,311,13,311,13,324,14,338,15,353
1,311,17,311,17,328,18,346,19,365
1,311,19,311,19,330,20,350,21,371
1,312,2,312,2,314,3,317,4,321
1,312,3,312,3,315,4,319,5,324
1,312,5,312,5,317,6,323,7,330
1,312,7,312,7,319,8,327,9,336
1,312,11,312,11,323,12,335,13,348
1,312,13,312,13,325,14,339,15,354
1,312,17,312,17,329,18,347,19,366
1,312,19,312,19,331,20,351,21,372
1,313,2,313,2,315,3,318,4,322
1,313,3,313,3,316,4,320,5,325
1,313,5,313,5,318,6,324,7,331
1,313,7,313,7,320,8,328,9,337
1,313,11,313,11,324,12,336,13,349
1,313,13,313,13,326,14,340,15,355
1,313,17,313,17,330,18,348,19,367
1,313,19,313,19,332,20,352,21,373
1,314,2,314,2,316,3,319,4,323
1,314,3,314,3,317,4,321,5,326
1,314,5,314,5,319,6,325,7,332
1,314,7,314,7,321,8,329,9,338
1,314,11,314,11,325,12,337,13,350
1,314,13,314,13,327,14,341,15,356
1,314,17,314,17,331,18,349,19,368
1,314,19,314,19,333,20,353,21,374
1,315,2,315,2,317,3,320,4,324
1,315,3,315,3,318,4,322,5,327
1,315,5,315,5,320,6,326,7,333
1,315,7,315,7,322,8,330,9,339
1,315,11,315,11,326,12,338,13,351
1,315,13,315,13,328,14,342,15,357
1,315,17,315,17,332,18,350,19,369
1,315,19,315,19,334,20,354,21,375
1,316,2,316,2,318,3,321,4,325
1,316,3,316,3,319,4,323,5,328
1,316,5,316,5,321,6,327,7,334
1,316,7,316,7,323,8,331,9,340
1,316,11,316,11,327,12,339,13,352
1,316,13,316,13,329,14,343,15,358
1,316,17,316,17,333,18,351,19,370
1,316,19,316,19,335,20,355,21,376
1,317,2,317,2,319,3,322,4,326
1,317,3,317,3,320,4,324,5,329
1,317,5,317,5,322,6,328,7,335
1,317,7,317,7,324,8,332,9,341
1,317,11,317,11,328,12,340,13,353
1,317,13,317,13,330,14,344,15,359
1,317,17,317,17,334,18,352,19,371
1,317,19,317,19,336,20,356,21,377
1,318,2,318,2,320,3,323,4,327
1,318,3,318,3,321,4,325,5,330
1,318,5,318,5,323,6,329,7,336
1,318,7,318,7,325,8,333,9,342
1,318,11,318,11,329,12,341,13,354
1,318,13,318,13,331,14,345,15,360
1,318,17,318,17,335,18,353,19,372
1,318,19,318,19,337,20,357,21,378
1,319,2,319,2,321,3,324,4,328
1,319,3,319,3,322,4,326,5,331
1,319,5,319,5,324,6,330,7,337
1,319,7,319,7,326,8,334,9,343
1,319,11,319,11,330,12,342,13,355
1,319,13,319,13,332,14,346,15,361
1,319,17,319,17,336,18,354,19,373
1,319,19,319,19,338,20,358,21,379
1,320,2,320,2,322,3,325,4,329
1,320,3,320,3,323,4,327,5,332
1,320,5,320,5,325,6,331,7,338
1,320,7,320,7,327,8,335,9,344
1,320,11,320,11,331,12,343,13,356
1,320,13,320,13,333,14,347,15,362
1,320,17,320,17,337,18,355,19,374
1,320,19,320,19,339,20,359,21,380
1,321,2,321,2,323,3,326,4,330
1,321,3,321,3,324,4,328,5,333
1,321,5,321,5,326,6,332,7,339
1,321,7,321,7,328,8,336,9,345
1,321,11,321,11,332,12,344,13,357
1,321,13,321,13,334,14,348,15,363
1,321,17,321,17,338,18,356,19,375
1,321,19,321,19,340,20,360,21,381
1,322,2,322,2,324,3,327,4,331
1,322,3,322,3,325,4,329,5,334
1,322,5,322,5,327,6,333,7,340
1,322,7,322,7,329,8,337,9,346
1,322,11,322,11,333,12,345,13,358
1,322,13,322,13,335,14,349,15,364
1,322,17,322,17,339,18,357,19,376
1,322,19,322,19,341,20,361,21,382
1,323,2,323,2,325,3,328,4,332
1,323,3,323,3,326,4,330,5,335
1,323,5,323,5,328,6,334,7,341
1,323,7,323,7,330,8,338,9,347
1,323,11,323,11,334,12,346,13,359
1,323,13,323,13,336,14,350,15,365
1,323,17,323,17,340,18,358,19,377
1,323,19,323,19,342,20,362,21,383
1,324,2,324,2,326,3,329,4,333
1,324,3,324,3,327,4,331,5,336
1,324,5,324,5,329,6,335,7,342
1,324,7,324,7,331,8,339,9,348
1,324,11,324,11,335,12,347,13,360
1,324,13,324,13,337,14,351,15,366
1,324,17,324,17,341,18,359,19,378
1,324,19,324,19,343,20,363,21,384
1,325,2,325,2,327,3,330,4,334
1,325,3,325,3,328,4,332,5,337
1,325,5,325,5,330,6,336,7,343
1,325,7,325,7,332,8,340,9,349
1,325,11,325,11,336,12,348,13,361
1,325,13,325,13,338,14,352,15,367
1,325,17,325,17,342,18,360,19,379
1,325,19,325,19,344,20,364,21,385
1,326,2,326,2,328,3,331,4,335
1,326,3,326,3,329,4,333,5,338
1,326,5,326,5,331,6,337,7,344
1,326,7,326,7,333,8,341,9,350
1,326,11,326,11,337,12,349,13,362
1,326,13,326,13,339,14,353,15,368
1,326,17,326,17,343,18,361,19,380
1,326,19,326,19,345,20,365,21,386
1,327,2,327,2,329,3,332,4,336
1,327,3,327,3,330,4,334,5,339
1,327,5,327,5,332,6,338,7,345
1,327,7,327,7,334,8,342,9,351
1,327,11,327,11,338,12,350,13,363
1,327,13,327,13,340,14,354,15,369
1,327,17,327,17,344,18,362,19,381
1,327,19,327,19,346,20,366,21,387
1,328,2,328,2,330,3,333,4,337
1,328,3,328,3,331,4,335,5,340
1,328,5,328,5,333,6,339,7,346
1,328,7,328,7,335,8,343,9,352
1,328,11,328,11,339,12,351,13,364
1,328,13,328,13,341,14,355,15,370
1,328,17,328,17,345,18,363,19,382
1,328,19,328,19,347,20,367,21,388
1,329,2,329,2,331,3,334,4,338
1,329,3,329,3,332,4,336,5,341
1,329,5,329,5,334,6,340,7,347
1,329,7,329,7,336,8,344,9,353
1,329,11,329,11,340,12,352,13,365
1,329,13,329,13,342,14,356,15,371
1,329,17,329,17,346,18,364,19,383
1,329,19,329,19,348,20,368,21,389
1,330,2,330,2,332,3,335,4,339
1,330,3,330,3,333,4,337,5,342
1,330,5,330,5,335,6,341,7,348
1,330,7,330,7,337,8,345,9,354
1,330,11,330,11,341,12,353,13,366
1,330,13,330,13,343,14,357,15,372
1,330,17,330,17,347,18,365,19,384
1,330,19,330,19,349,20,369,21,390
1,331,2,331,2,333,3,336,4,340
1,331,3,331,3,334,4,338,5,343
1,331,5,331,5,336,6,342,7,349
1,331,7,331,7,338,8,346,9,355
1,331,11,331,11,342,12,354,13,367
1,331,13,331,13,344,14,358,15,373
1,331,17,331,17,348,18,366,19,385
1,331,19,331,19,350,20,370,21,391
1,332,2,332,2,334,3,337,4,341
1,332,3,332,3,335,4,339,5,344
1,332,5,332,5,337,6,343,7,350
1,332,7,332,7,339,8,347,9,356
1,332,11,332,11,343,12,355,13,368
1,332,13,332,13,345,14,359,15,374
1,332,17,332,17,349,18,367,19,386
1,332,19,332,19,351,20,371,21,392
1,333,2,333,2,335,3,338,4,342
1,333,3,333,3,336,4,340,5,345
1,333,5,333,5,338,6,344,7,351
1,333,7,333,7,340,8,348,9,357
1,333,11,333,11,344,12,356,13,369
1,333,13,333,13,346,14,360,15,375
1,333,17,333,17,350,18,368,19,387
1,333,19,333,19,352,20,372,21,393
1,334,2,334,2,336,3,339,4,343
1,334,3,334,3,337,4,341,5,346
1,334,5,334,5,339,6,345,7,352
1,334,7,334,7,341,8,349,9,358
1,334,11,334,11,345,12,357,13,370
1,334,13,334,13,347,14,361,15,376
1,334,17,334,17,351,18,369,19,388
1,334,19,334,19,353,20,373,21,394
1,335,2,335,2,337,3,340,4,344
1,335,3,335,3,338,4,342,5,347
1,335,5,335,5,340,6,346,7,353
1,335,7,335,7,342,8,350,9,359
1,335,11,335,11,346,12,358,13,371
1,335,13,335,13,348,14,362,15,377
1,335,17,335,17,352,18,370,19,389
1,335,19,335,19,354,20,374,21,395
1,336,2,336,2,338,3,341,4,345
1,336,3,336,3,339,4,343,5,348
1,336,5,336,5,341,6,347,7,354
1,336,7,336,7,343,8,351,9,360
1,336,11,336,11,347,12,359,13,372
1,336,13,336,13,349,14,363,15,378
1,336,17,336,17,353,18,371,19,390
1,336,19,336,19,355,20,375,21,396
1,337,2,337,2,339,3,342,4,346
1,337,3,337,3,340,4,344,5,349
1,337,5,337,5,342,6,348,7,355
1,337,7,337,7,344,8,352,9,361
1,337,11,337,11,348,12,360,13,373
1,337,13,337,13,350,14,364,15,379
1,337,17,337,17,354,18,372,19,391
1,337,19,337,19,356,20,376,21,397
1,338,2,338,2,340,3,343,4,347
1,338,3,338,3,341,4,345,5,350
1,338,5,338,5,343,6,349,7,356
1,338,7,338,7,345,8,353,9,362
1,338,11,338,11,349,12,361,13,374
1,338,13,338,13,351,14,365,15,380
1,338,17,338,17,355,18,373,19,392
1,338,19,338,19,357,20,377,21,398
1,339,2,339,2,341,3,344,4,348
1,339,3,339,3,342,4,346,5,351
1,339,5,339,5,344,6,350,7,357
1,339,7,339,7,346,8,354,9,363
1,339,11,339,11,350,12,362,13,375
1,339,13,339,13,352,14,366,15,381
1,339,17,339,17,356,18,374,19,393
1,339,19,339,19,358,20,378,21,399
1,340,2,340,2,342,3,345,4,349
1,340,3,340,3,343,4,347,5,352
1,340,5,340,5,345,6,351,7,358
1,340,7,340,7,347,8,355,9,364
1,340,11,340,11,351,12,363,13,376
1,340,13,340,13,353,14,367,15,382
1,340,17,340,17,357,18,375,19,394
1,340,19,340,19,359,20,379,21,400
1,341,2,341,2,343,3,346,4,350
1,341,3,341,3,344,4,348,5,353
1,341,5,341,5,346,6,352,7,359
1,341,7,341,7,348,8,356,9,365
1,341,11,341,11,352,12,364,13,377
1,341,13,341,13,354,14,368,15,383
1,341,17,341,17,358,18,376,19,395
1,341,19,341,19,360,20,380,21,401
1,342,2,342,2,344,3,347,4,351
1,342,3,342,3,345,4,349,5,354
1,342,5,342,5,347,6,353,7,360
1,342,7,342,7,349,8,357,9,366
1,342,11,342,11,353,12,365,13,378
1,342,13,342,13,355,14,369,15,384
1,342,17,342,17,359,18,377,19,396
1,342,19,342,19,361,20,381,21,402
1,343,2,343,2,345,3,348,4,352
1,343,3,343,3,346,4,350,5,355
1,343,5,343,5,348,6,354,7,361
1,343,7,343,7,350,8,358,9,367
1,343,11,343,11,354,12,366,13,379
1,343,13,343,13,356,14,370,15,385
1,343,17,343,17,360,18,378,19,397
1,343,19,343,19,362,20,382,21,403
1,344,2,344,2,346,3,349,4,353
1,344,3,344,3,347,4,351,5,356
1,344,5,344,5,349,6,355,7,362
1,344,7,344,7,351,8,359,9,368
1,344,11,344,11,355,12,367,13,380
1,344,13,344,13,357,14,371,15,386
1,344,17,344,17,361,18,379,19,398
1,344,19,344,19,363,20,383,21,404
1,345,2,345,2,347,3,350,4,354
1,345,3,345,3,348,4,352,5,357
1,345,5,345,5,350,6,356,7,363
1,345,7,345,7,352,8,360,9,369
1,345,11,345,11,356,12,368,13,381
1,345,13,345,13,358,14,372,15,387
1,345,17,345,17,362,18,380,19,399
1,345,19,345,19,364,20,384,21,405
1,346,2,346,2,348,3,351,4,355
1,346,3,346,3,349,4,353,5,358
1,346,5,346,5,351,6,357,7,364
1,346,7,346,7,353,8,361,9,370
1,346,11,346,11,357,12,369,13,382
1,346,13,346,13,359,14,373,15,388
1,346,17,346,17,363,18,381,19,400
1,346,19,346,19,365,20,385,21,406
1,347,2,347,2,349,3,352,4,356
1,347,3,347,3,350,4,354,5,359
1,347,5,347,5,352,6,358,7,365
1,347,7,347,7,354,8,362,9,371
1,347,11,347,11,358,12,370,13,383
1,347,13,347,13,360,14,374,15,389
1,347,17,347,17,364,18,382,19,401
1,347,19,347,19,366,20,386,21,407
1,348,2,348,2,350,3,353,4,357
1,348,3,348,3,351,4,355,5,360
1,348,5,348,5,353,6,359,7,366
1,348,7,348,7,355,8,363,9,372
1,348,11,348,11,359,12,371,13,384
1,348,13,348,13,361,14,375,15,390
1,348,17,348,17,365,18,383,19,402
1,348,19,348,19,367,20,387,21,408
1,349,2,349,2,351,3,354,4,358
1,349,3,349,3,352,4,356,5,361
1,349,5,349,5,354,6,360,7,367
1,349,7,349,7,356,8,364,9,373
1,349,11,349,11,360,12,372,13,385
1,349,13,349,13,362,14,376,15,391
1,349,17,349,17,366,18,384,19,403
1,349,19,349,19,368,20,388,21,409
1,350,2,350,2,352,3,355,4,359
1,350,3,350,3,353,4,357,5,362
1,350,5,350,5,355,6,361,7,368
1,350,7,350,7,357,8,365,9,374
1,350,11,350,11,361,12,373,13,386
1,350,13,350,13,363,14,377,15,392
1,350,17,350,17,367,18,385,19,404
1,350,19,350,19,369,20,389,21,410
1,351,2,351,2,353,3,356,4,360
1,351,3,351,3,354,4,358,5,363
1,351,5,351,5,356,6,362,7,369
1,351,7,351,7,358,8,366,9,375
1,351,11,351,11,362,12,374,13,387
1,351,13,351,13,364,14,378,15,393
1,351,17,351,17,368,18,386,19,405
1,351,19,351,19,370,20,390,21,411
1,352,2,352,2,354,3,357,4,361
1,352,3,352,3,355,4,359,5,364
1,352,5,352,5,357,6,363,7,370
1,352,7,352,7,359,8,367,9,376
1,352,11,352,11,363,12,375,13,388
1,352,13,352,13,365,14,379,15,394
1,352,17,352,17,369,18,387,19,406
1,352,19,352,19,371,20,391,21,412
1,353,2,353,2,355,3,358,4,362
1,353,3,353,3,356,4,360,5,365
1,353,5,353,5,358,6,364,7,371
1,353,7,353,7,360,8,368,9,377
1,353,11,353,11,364,12,376,13,389
1,353,13,353,13,366,14,380,15,395
1,353,17,353,17,370,18,388,19,407
1,353,19,353,19,372,20,392,21,413
1,354,2,354,2,356,3,359,4,363
1,354,3,354,3,357,4,361,5,366
1,354,5,354,5,359,6,365,7,372
1,354,7,354,7,361,8,369,9,378
1,354,11,354,11,365,12,377,13,390
1,354,13,354,13,367,14,381,15,396
1,354,17,354,17,371,18,389,19,408
1,354,19,354,19,373,20,393,21,414
1,355,2,355,2,357,3,360,4,364
1,355,3,355,3,358,4,362,5,367
1,355,5,355,5,360,6,366,7,373
1,355,7,355,7,362,8,370,9,379
1,355,11,355,11,366,12,378,13,391
1,355,13,355,13,368,14,382,15,397
1,355,17,355,17,372,18,390,19,409
1,355,19,355,19,374,20,394,21,415
1,356,2,356,2,358,3,361,4,365
1,356,3,356,3,359,4,363,5,368
1,356,5,356,5,361,6,367,7,374
1,356,7,356,7,363,8,371,9,380
1,356,11,356,11,367,12,379,13,392
1,356,13,356,13,369,14,383,15,398
1,356,17,356,17,373,18,391,19,410
1,356,19,356,19,375,20,395,21,416
1,357,2,357,2,359,3,362,4,366
1,357,3,357,3,360,4,364,5,369
1,357,5,357,5,362,6,368,7,375
1,357,7,357,7,364,8,372,9,381
1,357,11,357,11,368,12,380,13,393
1,357,13,357,13,370,14,384,15,399
1,357,17,357,17,374,18,392,19,411
1,357,19,357,19,376,20,396,21,417
1,358,2,358,2,360,3,363,4,367
1,358,3,358,3,361,4,365,5,370
1,358,5,358,5,363,6,369,7,376
1,358,7,358,7,365,8,373,9,382
1,358,11,358,11,369,12,381,13,394
1,358,13,358,13,371,14,385,15,400
1,358,17,358,17,375,18,393,19,412
1,358,19,358,19,377,20,397,21,418
1,359,2,359,2,361,3,364,4,368
1,359,3,359,3,362,4,366,5,371
1,359,5,359,5,364,6,370,7,377
1,359,7,359,7,366,8,374,9,383
1,359,11,359,11,370,12,382,13,395
1,359,13,359,13,372,14,386,15,401
1,359,17,359,17,376,18,394,19,413
1,359,19,359,19,378,20,398,21,419
1,360,2,360,2,362,3,365,4,369
1,360,3,360,3,363,4,367,5,372
1,360,5,360,5,365,6,371,7,378
1,360,7,360,7,367,8,375,9,384
1,360,11,360,11,371,12,383,13,396
1,360,13,360,13,373,14,387,15,402
1,360,17,360,17,377,18,395,19,414
1,360,19,360,19,379,20,399,21,420
1,361,2,361,2,363,3,366,4,370
1,361,3,361,3,364,4,368,5,373
1,361,5,361,5,366,6,372,7,379
1,361,7,361,7,368,8,376,9,385
1,361,11,361,11,372,12,384,13,397
1,361,13,361,13,374,14,388,15,403
1,361,17,361,17,378,18,396,19,415
1,361,19,361,19,380,20,400,21,421
1,362,2,362,2,364,3,367,4,371
1,362,3,362,3,365,4,369,5,374
1,362,5,362,5,367,6,373,7,380
1,362,7,362,7,369,8,377,9,386
1,362,11,362,11,373,12,385,13,398
1,362,13,362,13,375,14,389,15,404
1,362,17,362,17,379,18,397,19,416
1,362,19,362,19,381,20,401,21,422
1,363,2,363,2,365,3,368,4,372
1,363,3,363,3,366,4,370,5,375
1,363,5,363,5,368,6,374,7,381
1,363,7,363,7,370,8,378,9,387
1,363,11,363,11,374,12,386,13,399
1,363,13,363,13,376,14,390,15,405
1,363,17,363,17,380,18,398,19,417
1,363,19,363,19,382,20,402,21,423
1,364,2,364,2,366,3,369,4,373
1,364,3,364,3,367,4,371,5,376
1,364,5,364,5,369,6,375,7,382
1,364,7,364,7,371,8,379,9,388
1,364,11,364,11,375,12,387,13,400
1,364,13,364,13,377,14,391,15,406
1,364,17,364,17,381,18,399,19,418
1,364,19,364,19,383,20,403,21,424
1,365,2,365,2,367,3,370,4,374
1,365,3,365,3,368,4,372,5,377
1,365,5,365,5,370,6,376,7,383
1,365,7,365,7,372,8,380,9,389
1,365,11,365,11,376,12,388,13,401
1,365,13,365,13,378,14,392,15,407
1,365,17,365,17,382,18,400,19,419
1,365,19,365,19,384,20,404,21,425
1,366,2,366,2,368,3,371,4,375
1,366,3,366,3,369,4,373,5,378
1,366,5,366,5,371,6,377,7,384
1,366,7,366,7,373,8,381,9,390
1,366,11,366,11,377,12,389,13,402
1,366,13,366,13,379,14,393,15,408
1,366,17,366,17,383,18,401,19,420
1,366,19,366,19,385,20,405,21,426
1,367,2,367,2,369,3,372,4,376
1,367,3,367,3,370,4,374,5,379
1,367,5,367,5,372,6,378,7,385
1,367,7,367,7,374,8,382,9,391
1,367,11,367,11,378,12,390,13,403
1,367,13,367,13,380,14,394,15,409
1,367,17,367,17,384,18,402,19,421
1,367,19,367,19,386,20,406,21,427
1,368,2,368,2,370,3,373,4,377
1,368,3,368,3,371,4,375,5,380
1,368,5,368,5,373,6,379,7,386
1,368,7,368,7,375,8,383,9,392
1,368,11,368,11,379,12,391,13,404
1,368,13,368,13,381,14,395,15,410
1,368,17,368,17,385,18,403,19,422
1,368,19,368,19,387,20,407,21,428
1,369,2,369,2,371,3,374,4,378
1,369,3,369,3,372,4,376,5,381
1,369,5,369,5,374,6,380,7,387
1,369,7,369,7,376,8,384,9,393
1,369,11,369,11,380,12,392,13,405
1,369,13,369,13,382,14,396,15,411
1,369,17,369,17,386,18,404,19,423
1,369,19,369,19,388,20,408,21,429
1,370,2,370,2,372,3,375,4,379
1,370,3,370,3,373,4,377,5,382
1,370,5,370,5,375,6,381,7,388
1,370,7,370,7,377,8,385,9,394
1,370,11,370,11,381,12,393,13,406
1,370,13,370,13,383,14,397,15,412
1,370,17,370,17,387,18,405,19,424
1,370,19,370,19,389,20,409,21,430
1,371,2,371,2,373,3,376,4,380
1,371,3,371,3,374,4,378,5,383
1,371,5,371,5,376,6,382,7,389
1,371,7,371,7,378,8,386,9,395
1,371,11,371,11,382,12,394,13,407
1,371,13,371,13,384,14,398,15,413
1,371,17,371,17,388,18,406,19,425
1,371,19,371,19,390,20,410,21,431
1,372,2,372,2,374,3,377,4,381
1,372,3,372,3,375,4,379,5,384
1,372,5,372,5,377,6,383,7,390
1,372,7,372,7,379,8,387,9,396
1,372,11,372,11,383,12,395,13,408
1,372,13,372,13,385,14,399,15,414
1,372,17,372,17,389,18,407,19,426
1,372,19,372,19,391,20,411,21,432
1,373,2,373,2,375,3,378,4,382
1,373,3,373,3,376,4,380,5,385
1,373,5,373,5,378,6,384,7,391
1,373,7,373,7,380,8,388,9,397
1,373,11,373,11,384,12,396,13,409
1,373,13,373,13,386,14,400,15,415
1,373,17,373,17,390,18,408,19,427
1,373,19,373,19,392,20,412,21,433
1,374,2,374,2,376,3,379,4,383
1,374,3,374,3,377,4,381,5,386
1,374,5,374,5,379,6,385,7,392
1,374,7,374,7,381,8,389,9,398
1,374,11,374,11,385,12,397,13,410
1,374,13,374,13,387,14,401,15,416
1,374,17,374,17,391,18,409,19,428
1,374,19,374,19,393,20,413,21,434
1,375,2,375,2,377,3,380,4,384
1,375,3,375,3,378,4,382,5,387
1,375,5,375,5,380,6,386,7,393
1,375,7,375,7,382,8,390,9,399
1,375,11,375,11,386,12,398,13,411
1,375,13,375,13,388,14,402,15,417
1,375,17,375,17,392,18,410,19,429
1,375,19,375,19,394,20,414,21,435
1,376,2,376,2,378,3,381,4,385
1,376,3,376,3,379,4,383,5,388
1,376,5,376,5,381,6,387,7,394
1,376,7,376,7,383,8,391,9,400
1,376,11,376,11,387,12,399,13,412
1,376,13,376,13,389,14,403,15,418
1,376,17,376,17,393,18,411,19,430
1,376,19,376,19,395,20,415,21,436
1,377,2,377,2,379,3,382,4,386
1,377,3,377,3,380,4,384,5,389
1,377,5,377,5,382,6,388,7,395
1,377,7,377,7,384,8,392,9,401
1,377,11,377,11,388,12,400,13,413
1,377,13,377,13,390,14,404,15,419
1,377,17,377,17,394,18,412,19,431
1,377,19,377,19,396,20,416,21,437
1,378,2,378,2,380,3,383,4,387
1,378,3,378,3,381,4,385,5,390
1,378,5,378,5,383,6,389,7,396
1,378,7,378,7,385,8,393,9,402
1,378,11,378,11,389,12,401,13,414
1,378,13,378,13,391,14,405,15,420
1,378,17,378,17,395,18,413,19,432
1,378,19,378,19,397,20,417,21,438
1,379,2,379,2,381,3,384,4,388
1,379,3,379,3,382,4,386,5,391
1,379,5,379,5,384,6,390,7,397
1,379,7,379,7,386,8,394,9,403
1,379,11,379,11,390,12,402,13,415
1,379,13,379,13,392,14,406,15,421
1,379,17,379,17,396,18,414,19,433
1,379,19,379,19,398,20,418,21,439
1,380,2,380,2,382,3,385,4,389
1,380,3,380,3,383,4,387,5,392
1,380,5,380,5,385,6,391,7,398
1,380,7,380,7,387,8,395,9,404
1,380,11,380,11,391,12,403,13,416
1,380,13,380,13,393,14,407,15,422
1,380,17,380,17,397,18,415,19,434
1,380,19,380,19,399,20,419,21,440
1,381,2,381,2,383,3,386,4,390
1,381,3,381,3,384,4,388,5,393
1,381,5,381,5,386,6,392,7,399
1,381,7,381,7,388,8,396,9,405
1,381,11,381,11,392,12,404,13,417
1,381,13,381,13,394,14,408,15,423
1,381,17,381,17,398,18,416,19,435
1,381,19,381,19,400,20,420,21,441
1,382,2,382,2,384,3,387,4,391
1,382,3,382,3,385,4,389,5,394
1,382,5,382,5,387,6,393,7,400
1,382,7,382,7,389,8,397,9,406
1,382,11,382,11,393,12,405,13,418
1,382,13,382,13,395,14,409,15,424
1,382,17,382,17,399,18,417,19,436
1,382,19,382,19,401,20,421,21,442
1,383,2,383,2,385,3,388,4,392
1,383,3,383,3,386,4,390,5,395
1,383,5,383,5,388,6,394,7,401
1,383,7,383,7,390,8,398,9,407
1,383,11,383,11,394,12,406,13,419
1,383,13,383,13,396,14,410,15,425
1,383,17,383,17,400,18,418,19,437
1,383,19,383,19,402,20,422,21,443
1,384,2,384,2,386,3,389,4,393
1,384,3,384,3,387,4,391,5,396
1,384,5,384,5,389,6,395,7,402
1,384,7,384,7,391,8,399,9,408
1,384,11,384,11,395,12,407,13,420
1,384,13,384,13,397,14,411,15,426
1,384,17,384,17,401,18,419,19,438
1,384,19,384,19,403,20,423,21,444
1,385,2,385,2,387,3,390,4,394
1,385,3,385,3,388,4,392,5,397
1,385,5,385,5,390,6,396,7,403
1,385,7,385,7,392,8,400,9,409
1,385,11,385,11,396,12,408,13,421
1,385,13,385,13,398,14,412,15,427
1,385,17,385,17,402,18,420,19,439
1,385,19,385,19,404,20,424,21,445
1,386,2,386,2,388,3,391,4,395
1,386,3,386,3,389,4,393,5,398
1,386,5,386,5,391,6,397,7,404
1,386,7,386,7,393,8,401,9,410
1,386,11,386,11,397,12,409,13,422
1,386,13,386,13,399,14,413,15,428
1,386,17,386,17,403,18,421,19,440
1,386,19,386,19,405,20,425,21,446
1,387,2,387,2,389,3,392,4,396
1,387,3,387,3,390,4,394,5,399
1,387,5,387,5,392,6,398,7,405
1,387,7,387,7,394,8,402,9,411
1,387,11,387,11,398,12,410,13,423
1,387,13,387,13,400,14,414,15,429
1,387,17,387,17,404,18,422,19,441
1,387,19,387,19,406,20,426,21,447
1,388,2,388,2,390,3,393,4,397
1,388,3,388,3,391,4,395,5,400
1,388,5,388,5,393,6,399,7,406
1,388,7,388,7,395,8,403,9,412
1,388,11,388,11,399,12,411,13,424
1,388,13,388,13,401,14,415,15,430
1,388,17,388,17,405,18,423,19,442
1,388,19,388,19,407,20,427,21,448
1,389,2,389,2,391,3,394,4,398
1,389,3,389,3,392,4,396,5,401
1,389,5,389,5,394,6,400,7,407
1,389,7,389,7,396,8,404,9,413
1,389,11,389,11,400,12,412,13,425
1,389,13,389,13,402,14,416,15,431
1,389,17,389,17,406,18,424,19,443
1,389,19,389,19,408,20,428,21,449
1,390,2,390,2,392,3,395,4,399
1,390,3,390,3,393,4,397,5,402
1,390,5,390,5,395,6,401,7,408
1,390,7,390,7,397,8,405,9,414
1,390,11,390,11,401,12,413,13,426
1,390,13,390,13,403,14,417,15,432
1,390,17,390,17,407,18,425,19,444
1,390,19,390,19,409,20,429,21,450
1,391,2,391,2,393,3,396,4,400
1,391,3,391,3,394,4,398,5,403
1,391,5,391,5,396,6,402,7,409
1,391,7,391,7,398,8,406,9,415
1,391,11,391,11,402,12,414,13,427
1,391,13,391,13,404,14,418,15,433
1,391,17,391,17,408,18,426,19,445
1,391,19,391,19,410,20,430,21,451
1,392,2,392,2,394,3,397,4,401
1,392,3,392,3,395,4,399,5,404
1,392,5,392,5,397,6,403,7,410
1,392,7,392,7,399,8,407,9,416
1,392,11,392,11,403,12,415,13,428
1,392,13,392,13,405,14,419,15,434
1,392,17,392,17,409,18,427,19,446
1,392,19,392,19,411,20,431,21,452
1,393,2,393,2,395,3,398,4,402
1,393,3,393,3,396,4,400,5,405
1,393,5,393,5,398,6,404,7,411
1,393,7,393,7,400,8,408,9,417
1,393,11,393,11,404,12,416,13,429
1,393,13,393,13,406,14,420,15,435
1,393,17,393,17,410,18,428,19,447
1,393,19,393,19,412,20,432,21,453
1,394,2,394,2,396,3,399,4,403
1,394,3,394,3,397,4,401,5,406
1,394,5,394,5,399,6,405,7,412
1,394,7,394,7,401,8,409,9,418
1,394,11,394,11,405,12,417,13,430
1,394,13,394,13,407,14,421,15,436
1,394,17,394,17,411,18,429,19,448
1,394,19,394,19,413,20,433,21,454
1,395,2,395,2,397,3,400,4,404
1,395,3,395,3,398,4,402,5,407
1,395,5,395,5,400,6,406,7,413
1,395,7,395,7,402,8,410,9,419
1,395,11,395,11,406,12,418,13,431
1,395,13,395,13,408,14,422,15,437
1,395,17,395,17,412,18,430,19,449
1,395,19,395,19,414,20,434,21,455
1,396,2,396,2,398,3,401,4,405
1,396,3,396,3,399,4,403,5,408
1,396,5,396,5,401,6,407,7,414
1,396,7,396,7,403,8,411,9,420
1,396,11,396,11,407,12,419,13,432
1,396,13,396,13,409,14,423,15,438
1,396,17,396,17,413,18,431,19,450
1,396,19,396,19,415,20,435,21,456
1,397,2,397,2,399,3,402,4,406
1,397,3,397,3,400,4,404,5,409
1,397,5,397,5,402,6,408,7,415
1,397,7,397,7,404,8,412,9,421
1,397,11,397,11,408,12,420,13,433
1,397,13,397,13,410,14,424,15,439
1,397,17,397,17,414,18,432,19,451
1,397,19,397,19,416,20,436,21,457
1,398,2,398,2,400,3,403,4,407
1,398,3,398,3,401,4,405,5,410
1,398,5,398,5,403,6,409,7,416
1,398,7,398,7,405,8,413,9,422
1,398,11,398,11,409,12,421,13,434
1,398,13,398,13,411,14,425,15,440
1,398,17,398,17,415,18,433,19,452
1,398,19,398,19,417,20,437,21,458
1,399,2,399,2,401,3,404,4,408
1,399,3,399,3,402,4,406,5,411
1,399,5,399,5,404,6,410,7,417
1,399,7,399,7,406,8,414,9,423
1,399,11,399,11,410,12,422,13,435
1,399,13,399,13,412,14,426,15,441
1,399,17,399,17,416,18,434,19,453
1,399,19,399,19,418,20,438,21,459
1,400,2,400,2,402,3,405,4,409
1,400,3,400,3,403,4,407,5,412
1,400,5,400,5,405,6,411,7,418
1,400,7,400,7,407,8,415,9,424
1,400,11,400,11,411,12,423,13,436
1,400,13,400,13,413,14,427,15,442
1,400,17,400,17,417,18,435,19,454
1,400,19,400,19,419,20,439,21,460
1,401,2,401,2,403,3,406,4,410
1,401,3,401,3,404,4,408,5,413
1,401,5,401,5,406,6,412,7,419
1,401,7,401,7,408,8,416,9,425
1,401,11,401,11,412,12,424,13,437
1,401,13,401,13,414,14,428,15,443
1,401,17,401,17,418,18,436,19,455
1,401,19,401,19,420,20,440,21,461
1,402,2,402,2,404,3,407,4,411
1,402,3,402,3,405,4,409,5,414
1,402,5,402,5,407,6,413,7,420
1,402,7,402,7,409,8,417,9,426
1,402,11,402,11,413,12,425,13,438
1,402,13,402,13,415,14,429,15,444
1,402,17,402,17,419,18,437,19,456
1,402,19,402,19,421,20,441,21,462
1,403,2,403,2,405,3,408,4,412
1,403,3,403,3,406,4,410,5,415
1,403,5,403,5,408,6,414,7,421
1,403,7,403,7,410,8,418,9,427
1,403,11,403,11,414,12,426,13,439
1,403,13,403,13,416,14,430,15,445
1,403,17,403,17,420,18,438,19,457
1,403,19,403,19,422,20,442,21,463
1,404,2,404,2,406,3,409,4,413
1,404,3,404,3,407,4,411,5,416
1,404,5,404,5,409,6,415,7,422
1,404,7,404,7,411,8,419,9,428
1,404,11,404,11,415,12,427,13,440
1,404,13,404,13,417,14,431,15,446
1,404,17,404,17,421,18,439,19,458
1,404,19,404,19,423,20,443,21,464
1,405,2,405,2,407,3,410,4,414
1,405,3,405,3,408,4,412,5,417
1,405,5,405,5,410,6,416,7,423
1,405,7,405,7,412,8,420,9,429
1,405,11,405,11,416,12,428,13,441
1,405,13,405,13,418,14,432,15,447
1,405,17,405,17,422,18,440,19,459
1,405,19,405,19,424,20,444,21,465
1,406,2,406,2,408,3,411,4,415
1,406,3,406,3,409,4,413,5,418
1,406,5,406,5,411,6,417,7,424
1,406,7,406,7,413,8,421,9,430
1,406,11,406,11,417,12,429,13,442
1,406,13,406,13,419,14,433,15,448
1,406,17,406,17,423,18,441,19,460
1,406,19,406,19,425,20,445,21,466
1,407,2,407,2,409,3,412,4,416
1,407,3,407,3,410,4,414,5,419
1,407,5,407,5,412,6,418,7,425
1,407,7,407,7,414,8,422,9,431
1,407,11,407,11,418,12,430,13,443
1,407,13,407,13,420,14,434,15,449
1,407,17,407,17,424,18,442,19,461
1,407,19,407,19,426,20,446,21,467
1,408,2,408,2,410,3,413,4,417
1,408,3,408,3,411,4,415,5,420
1,408,5,408,5,413,6,419,7,426
1,408,7,408,7,415,8,423,9,432
1,408,11,408,11,419,12,431,13,444
1,408,13,408,13,421,14,435,15,450
1,408,17,408,17,425,18,443,19,462
1,408,19,408,19,427,20,447,21,468
1,409,2,409,2,411,3,414,4,418
1,409,3,409,3,412,4,416,5,421
1,409,5,409,5,414,6,420,7,427
1,409,7,409,7,416,8,424,9,433
1,409,11,409,11,420,12,432,13,445
1,409,13,409,13,422,14,436,15,451
1,409,17,409,17,426,18,444,19,463
1,409,19,409,19,428,20,448,21,469
1,410,2,410,2,412,3,415,4,419
1,410,3,410,3,413,4,417,5,422
1,410,5,410,5,415,6,421,7,428
1,410,7,410,7,417,8,425,9,434
1,410,11,410,11,421,12,433,13,446
1,410,13,410,13,423,14,437,15,452
1,410,17,410,17,427,18,445,19,464
1,410,19,410,19,429,20,449,21,470
1,411,2,411,2,413,3,416,4,420
1,411,3,411,3,414,4,418,5,423
1,411,5,411,5,416,6,422,7,429
1,411,7,411,7,418,8,426,9,435
1,411,11,411,11,422,12,434,13,447
1,411,13,411,13,424,14,438,15,453
1,411,17,411,17,428,18,446,19,465
1,411,19,411,19,430,20,450,21,471
1,412,2,412,2,414,3,417,4,421
1,412,3,412,3,415,4,419,5,424
1,412,5,412,5,417,6,423,7,430
1,412,7,412,7,419,8,427,9,436
1,412,11,412,11,423,12,435,13,448
1,412,13,412,13,425,14,439,15,454
1,412,17,412,17,429,18,447,19,466
1,412,19,412,19,431,20,451,21,472
1,413,2,413,2,415,3,418,4,422
1,413,3,413,3,416,4,420,5,425
1,413,5,413,5,418,6,424,7,431
1,413,7,413,7,420,8,428,9,437
1,413,11,413,11,424,12,436,13,449
1,413,13,413,13,426,14,440,15,455
1,413,17,413,17,430,18,448,19,467
1,413,19,413,19,432,20,452,21,473
1,414,2,414,2,416,3,419,4,423
1,414,3,414,3,417,4,421,5,426
1,414,5,414,5,419,6,425,7,432
1,414,7,414,7,421,8,429,9,438
1,414,11,414,11,425,12,437,13,450
1,414,13,414,13,427,14,441,15,456
1,414,17,414,17,431,18,449,19,468
1,414,19,414,19,433,20,453,21,474
1,415,2,415,2,417,3,420,4,424
1,415,3,415,3,418,4,422,5,427
1,415,5,415,5,420,6,426,7,433
1,415,7,415,7,422,8,430,9,439
1,415,11,415,11,426,12,438,13,451
1,415,13,415,13,428,14,442,15,457
1,415,17,415,17,432,18,450,19,469
1,415,19,415,19,434,20,454,21,475
1,416,2,416,2,418,3,421,4,425
1,416,3,416,3,419,4,423,5,428
1,416,5,416,5,421,6,427,7,434
1,416,7,416,7,423,8,431,9,440
1,416,11,416,11,427,12,439,13,452
1,416,13,416,13,429,14,443,15,458
1,416,17,416,17,433,18,451,19,470
1,416,19,416,19,435,20,455,21,476
1,417,2,417,2,419,3,422,4,426
1,417,3,417,3,420,4,424,5,429
1,417,5,417,5,422,6,428,7,435
1,417,7,417,7,424,8,432,9,441
1,417,11,417,11,428,12,440,13,453
1,417,13,417,13,430,14,444,15,459
1,417,17,417,17,434,18,452,19,471
1,417,19,417,19,436,20,456,21,477
1,418,2,418,2,420,3,423,4,427
1,418,3,418,3,421,4,425,5,430
1,418,5,418,5,423,6,429,7,436
1,418,7,418,7,425,8,433,9,442
1,418,11,418,11,429,12,441,13,454
1,418,13,418,13,431,14,445,15,460
1,418,17,418,17,435,18,453,19,472
1,418,19,418,19,437,20,457,21,478
1,419,2,419,2,421,3,424,4,428
1,419,3,419,3,422,4,426,5,431
1,419,5,419,5,424,6,430,7,437
1,419,7,419,7,426,8,434,9,443
1,419,11,419,11,430,12,442,13,455
1,419,13,419,13,432,14,446,15,461
1,419,17,419,17,436,18,454,19,473
1,419,19,419,19,438,20,458,21,479
1,420,2,420,2,422,3,425,4,429
1,420,3,420,3,423,4,427,5,432
1,420,5,420,5,425,6,431,7,438
1,420,7,420,7,427,8,435,9,444
1,420,11,420,11,431,12,443,13,456
1,420,13,420,13,433,14,447,15,462
1,420,17,420,17,437,18,455,19,474
1,420,19,420,19,439,20,459,21,480
1,421,2,421,2,423,3,426,4,430
1,421,3,421,3,424,4,428,5,433
1,421,5,421,5,426,6,432,7,439
1,421,7,421,7,428,8,436,9,445
1,421,11,421,11,432,12,444,13,457
1,421,13,421,13,434,14,448,15,463
1,421,17,421,17,438,18,456,19,475
1,421,19,421,19,440,20,460,21,481
1,422,2,422,2,424,3,427,4,431
1,422,3,422,3,425,4,429,5,434
1,422,5,422,5,427,6,433,7,440
1,422,7,422,7,429,8,437,9,446
1,422,11,422,11,433,12,445,13,458
1,422,13,422,13,435,14,449,15,464
1,422,17,422,17,439,18,457,19,476
1,422,19,422,19,441,20,461,21,482
1,423,2,423,2,425,3,428,4,432
1,423,3,423,3,426,4,430,5,435
1,423,5,423,5,428,6,434,7,441
1,423,7,423,7,430,8,438,9,447
1,423,11,423,11,434,12,446,13,459
1,423,13,423,13,436,14,450,15,465
1,423,17,423,17,440,18,458,19,477
1,423,19,423,19,442,20,462,21,483
1,424,2,424,2,426,3,429,4,433
1,424,3,424,3,427,4,431,5,436
1,424,5,424,5,429,6,435,7,442
1,424,7,424,7,431,8,439,9,448
1,424,11,424,11,435,12,447,13,460
1,424,13,424,13,437,14,451,15,466
1,424,17,424,17,441,18,459,19,478
1,424,19,424,19,443,20,463,21,484
1,425,2,425,2,427,3,430,4,434
1,425,3,425,3,428,4,432,5,437
1,425,5,425,5,430,6,436,7,443
1,425,7,425,7,432,8,440,9,449
1,425,11,425,11,436,12,448,13,461
1,425,13,425,13,438,14,452,15,467
1,425,17,425,17,442,18,460,19,479
1,425,19,425,19,444,20,464,21,485
1,426,2,426,2,428,3,431,4,435
1,426,3,426,3,429,4,433,5,438
1,426,5,426,5,431,6,437,7,444
1,426,7,426,7,433,8,441,9,450
1,426,11,426,11,437,12,449,13,462
1,426,13,426,13,439,14,453,15,468
1,426,17,426,17,443,18,461,19,480
1,426,19,426,19,445,20,465,21,486
1,427,2,427,2,429,3,432,4,436
1,427,3,427,3,430,4,434,5,439
1,427,5,427,5,432,6,438,7,445
1,427,7,427,7,434,8,442,9,451
1,427,11,427,11,438,12,450,13,463
1,427,13,427,13,440,14,454,15,469
1,427,17,427,17,444,18,462,19,481
1,427,19,427,19,446,20,466,21,487
1,428,2,428,2,430,3,433,4,437
1,428,3,428,3,431,4,435,5,440
1,428,5,428,5,433,6,439,7,446
1,428,7,428,7,435,8,443,9,452
1,428,11,428,11,439,12,451,13,464
1,428,13,428,13,441,14,455,15,470
1,428,17,428,17,445,18,463,19,482
1,428,19,428,19,447,20,467,21,488
1,429,2,429,2,431,3,434,4,438
1,429,3,429,3,432,4,436,5,441
1,429,5,429,5,434,6,440,7,447
1,429,7,429,7,436,8,444,9,453
1,429,11,429,11,440,12,452,13,465
1,429,13,429,13,442,14,456,15,471
1,429,17,429,17,446,18,464,19,483
1,429,19,429,19,448,20,468,21,489
1,430,2,430,2,432,3,435,4,439
1,430,3,430,3,433,4,437,5,442
1,430,5,430,5,435,6,441,7,448
1,430,7,430,7,437,8,445,9,454
1,430,11,430,11,441,12,453,13,466
1,430,13,430,13,443,14,457,15,472
1,430,17,430,17,447,18,465,19,484
1,430,19,430,19,449,20,469,21,490
1,431,2,431,2,433,3,436,4,440
1,431,3,431,3,434,4,438,5,443
1,431,5,431,5,436,6,442,7,449
1,431,7,431,7,438,8,446,9,455
1,431,11,431,11,442,12,454,13,467
1,431,13,431,13,444,14,458,15,473
1,431,17,431,17,448,18,466,19,485
1,431,19,431,19,450,20,470,21,491
1,432,2,432,2,434,3,437,4,441
1,432,3,432,3,435,4,439,5,444
1,432,5,432,5,437,6,443,7,450
1,432,7,432,7,439,8,447,9,456
1,432,11,432,11,443,12,455,13,468
1,432,13,432,13,445,14,459,15,474
1,432,17,432,17,449,18,467,19,486
1,432,19,432,19,451,20,471,21,492
1,433,2,433,2,435,3,438,4,442
1,433,3,433,3,436,4,440,5,445
1,433,5,433,5,438,6,444,7,451
1,433,7,433,7,440,8,448,9,457
1,433,11,433,11,444,12,456,13,469
1,433,13,433,13,446,14,460,15,475
1,433,17,433,17,450,18,468,19,487
1,433,19,433,19,452,20,472,21,493
1,434,2,434,2,436,3,439,4,443
1,434,3,434,3,437,4,441,5,446
1,434,5,434,5,439,6,445,7,452
1,434,7,434,7,441,8,449,9,458
1,434,11,434,11,445,12,457,13,470
1,434,13,434,13,447,14,461,15,476
1,434,17,434,17,451,18,469,19,488
1,434,19,434,19,453,20,473,21,494
1,435,2,435,2,437,3,440,4,444
1,435,3,435,3,438,4,442,5,447
1,435,5,435,5,440,6,446,7,453
1,435,7,435,7,442,8,450,9,459
1,435,11,435,11,446,12,458,13,471
1,435,13,435,13,448,14,462,15,477
1,435,17,435,17,452,18,470,19,489
1,435,19,435,19,454,20,474,21,495
1,436,2,436,2,438,3,441,4,445
1,436,3,436,3,439,4,443,5,448
1,436,5,436,5,441,6,447,7,454
1,436,7,436,7,443,8,451,9,460
1,436,11,436,11,447,12,459,13,472
1,436,13,436,13,449,14,463,15,478
1,436,17,436,17,453,18,471,19,490
1,436,19,436,19,455,20,475,21,496
1,437,2,437,2,439,3,442,4,446
1,437,3,437,3,440,4,444,5,449
1,437,5,437,5,442,6,448,7,455
1,437,7,437,7,444,8,452,9,461
1,437,11,437,11,448,12,460,13,473
1,437,13,437,13,450,14,464,15,479
1,437,17,437,17,454,18,472,19,491
1,437,19,437,19,456,20,476,21,497
1,438,2,438,2,440,3,443,4,447
1,438,3,438,3,441,4,445,5,450
1,438,5,438,5,443,6,449,7,456
1,438,7,438,7,445,8,453,9,462
1,438,11,438,11,449,12,461,13,474
1,438,13,438,13,451,14,465,15,480
1,438,17,438,17,455,18,473,19,492
1,438,19,438,19,457,20,477,21,498
1,439,2,439,2,441,3,444,4,448
1,439,3,439,3,442,4,446,5,451
1,439,5,439,5,444,6,450,7,457
1,439,7,439,7,446,8,454,9,463
1,439,11,439,11,450,12,462,13,475
1,439,13,439,13,452,14,466,15,481
1,439,17,439,17,456,18,474,19,493
1,439,19,439,19,458,20,478,21,499
1,440,2,440,2,442,3,445,4,449
1,440,3,440,3,443,4,447,5,452
1,440,5,440,5,445,6,451,7,458
1,440,7,440,7,447,8,455,9,464
1,440,11,440,11,451,12,463,13,476
1,440,13,440,13,453,14,467,15,482
1,440,17,440,17,457,18,475,19,494
1,440,19,440,19,459,20,479,21,500
1,441,2,441,2,443,3,446,4,450
1,441,3,441,3,444,4,448,5,453
1,441,5,441,5,446,6,452,7,459
1,441,7,441,7,448,8,456,9,465
1,441,11,441,11,452,12,464,13,477
1,441,13,441,13,454,14,468,15,483
1,441,17,441,17,458,18,476,19,495
1,441,19,441,19,460,20,480,21,501
1,442,2,442,2,444,3,447,4,451
1,442,3,442,3,445,4,449,5,454
1,442,5,442,5,447,6,453,7,460
1,442,7,442,7,449,8,457,9,466
1,442,11,442,11,453,12,465,13,478
1,442,13,442,13,455,14,469,15,484
1,442,17,442,17,459,18,477,19,496
1,442,19,442,19,461,20,481,21,502
1,443,2,443,2,445,3,448,4,452
1,443,3,443,3,446,4,450,5,455
1,443,5,443,5,448,6,454,7,461
1,443,7,443,7,450,8,458,9,467
1,443,11,443,11,454,12,466,13,479
1,443,13,443,13,456,14,470,15,485
1,443,17,443,17,460,18,478,19,497
1,443,19,443,19,462,20,482,21,503
1,444,2,444,2,446,3,449,4,453
1,444,3,444,3,447,4,451,5,456
1,444,5,444,5,449,6,455,7,462
1,444,7,444,7,451,8,459,9,468
1,444,11,444,11,455,12,467,13,480
1,444,13,444,13,457,14,471,15,486
1,444,17,444,17,461,18,479,19,498
1,444,19,444,19,463,20,483,21,504
1,445,2,445,2,447,3,450,4,454
1,445,3,445,3,448,4,452,5,457
1,445,5,445,5,450,6,456,7,463
1,445,7,445,7,452,8,460,9,469
1,445,11,445,11,456,12,468,13,481
1,445,13,445,13,458,14,472,15,487
1,445,17,445,17,462,18,480,19,499
1,445,19,445,19,464,20,484,21,505
1,446,2,446,2,448,3,451,4,455
1,446,3,446,3,449,4,453,5,458
1,446,5,446,5,451,6,457,7,464
1,446,7,446,7,453,8,461,9,470
1,446,11,446,11,457,12,469,13,482
1,446,13,446,13,459,14,473,15,488
1,446,17,446,17,463,18,481,19,500
1,446,19,446,19,465,20,485,21,506
1,447,2,447,2,449,3,452,4,456
1,447,3,447,3,450,4,454,5,459
1,447,5,447,5,452,6,458,7,465
1,447,7,447,7,454,8,462,9,471
1,447,11,447,11,458,12,470,13,483
1,447,13,447,13,460,14,474,15,489
1,447,17,447,17,464,18,482,19,501
1,447,19,447,19,466,20,486,21,507
1,448,2,448,2,450,3,453,4,457
1,448,3,448,3,451,4,455,5,460
1,448,5,448,5,453,6,459,7,466
1,448,7,448,7,455,8,463,9,472
1,448,11,448,11,459,12,471,13,484
1,448,13,448,13,461,14,475,15,490
1,448,17,448,17,465,18,483,19,502
1,448,19,448,19,467,20,487,21,508
1,449,2,449,2,451,3,454,4,458
1,449,3,449,3,452,4,456,5,461
1,449,5,449,5,454,6,460,7,467
1,449,7,449,7,456,8,464,9,473
1,449,11,449,11,460,12,472,13,485
1,449,13,449,13,462,14,476,15,491
1,449,17,449,17,466,18,484,19,503
1,449,19,449,19,468,20,488,21,509
1,450,2,450,2,452,3,455,4,459
1,450,3,450,3,453,4,457,5,462
1,450,5,450,5,455,6,461,7,468
1,450,7,450,7,457,8,465,9,474
1,450,11,450,11,461,12,473,13,486
1,450,13,450,13,463,14,477,15,492
1,450,17,450,17,467,18,485,19,504
1,450,19,450,19,469,20,489,21,510
1,451,2,451,2,453,3,456,4,460
1,451,3,451,3,454,4,458,5,463
1,451,5,451,5,456,6,462,7,469
1,451,7,451,7,458,8,466,9,475
1,451,11,451,11,462,12,474,13,487
1,451,13,451,13,464,14,478,15,493
1,451,17,451,17,468,18,486,19,505
1,451,19,451,19,470,20,490,21,511
1,452,2,452,2,454,3,457,4,461
1,452,3,452,3,455,4,459,5,464
1,452,5,452,5,457,6,463,7,470
1,452,7,452,7,459,8,467,9,476
1,452,11,452,11,463,12,475,13,488
1,452,13,452,13,465,14,479,15,494
1,452,17,452,17,469,18,487,19,506
1,452,19,452,19,471,20,491,21,512
1,453,2,453,2,455,3,458,4,462
1,453,3,453,3,456,4,460,5,465
1,453,5,453,5,458,6,464,7,471
1,453,7,453,7,460,8,468,9,477
1,453,11,453,11,464,12,476,13,489
1,453,13,453,13,466,14,480,15,495
1,453,17,453,17,470,18,488,19,507
1,453,19,453,19,472,20,492,21,513
1,454,2,454,2,456,3,459,4,463
1,454,3,454,3,457,4,461,5,466
1,454,5,454,5,459,6,465,7,472
1,454,7,454,7,461,8,469,9,478
1,454,11,454,11,465,12,477,13,490
1,454,13,454,13,467,14,481,15,496
1,454,17,454,17,471,18,489,19,508
1,454,19,454,19,473,20,493,21,514
1,455,2,455,2,457,3,460,4,464
1,455,3,455,3,458,4,462,5,467
1,455,5,455,5,460,6,466,7,473
1,455,7,455,7,462,8,470,9,479
1,455,11,455,11,466,12,478,13,491
1,455,13,455,13,468,14,482,15,497
1,455,17,455,17,472,18,490,19,509
1,455,19,455,19,474,20,494,21,515
1,456,2,456,2,458,3,461,4,465
1,456,3,456,3,459,4,463,5,468
1,456,5,456,5,461,6,467,7,474
1,456,7,456,7,463,8,471,9,480
1,456,11,456,11,467,12,479,13,492
1,456,13,456,13,469,14,483,15,498
1,456,17,456,17,473,18,491,19,510
1,456,19,456,19,475,20,495,21,516
1,457,2,457,2,459,3,462,4,466
1,457,3,457,3,460,4,464,5,469
1,457,5,457,5,462,6,468,7,475
1,457,7,457,7,464,8,472,9,481
1,457,11,457,11,468,12,480,13,493
1,457,13,457,13,470,14,484,15,499
1,457,17,457,17,474,18,492,19,511
1,457,19,457,19,476,20,496,21,517
1,458,2,458,2,460,3,463,4,467
1,458,3,458,3,461,4,465,5,470
1,458,5,458,5,463,6,469,7,476
1,458,7,458,7,465,8,473,9,482
1,458,11,458,11,469,12,481,13,494
1,458,13,458,13,471,14,485,15,500
1,458,17,458,17,475,18,493,19,512
1,458,19,458,19,477,20,497,21,518
1,459,2,459,2,461,3,464,4,468
1,459,3,459,3,462,4,466,5,471
1,459,5,459,5,464,6,470,7,477
1,459,7,459,7,466,8,474,9,483
1,459,11,459,11,470,12,482,13,495
1,459,13,459,13,472,14,486,15,501
1,459,17,459,17,476,18,494,19,513
1,459,19,459,19,478,20,498,21,519
1,460,2,460,2,462,3,465,4,469
1,460,3,460,3,463,4,467,5,472
1,460,5,460,5,465,6,471,7,478
1,460,7,460,7,467,8,475,9,484
1,460,11,460,11,471,12,483,13,496
1,460,13,460,13,473,14,487,15,502
1,460,17,460,17,477,18,495,19,514
1,460,19,460,19,479,20,499,21,520
1,461,2,461,2,463,3,466,4,470
1,461,3,461,3,464,4,468,5,473
1,461,5,461,5,466,6,472,7,479
1,461,7,461,7,468,8,476,9,485
1,461,11,461,11,472,12,484,13,497
1,461,13,461,13,474,14,488,15,503
1,461,17,461,17,478,18,496,19,515
1,461,19,461,19,480,20,500,21,521
1,462,2,462,2,464,3,467,4,471
1,462,3,462,3,465,4,469,5,474
1,462,5,462,5,467,6,473,7,480
1,462,7,462,7,469,8,477,9,486
1,462,11,462,11,473,12,485,13,498
1,462,13,462,13,475,14,489,15,504
1,462,17,462,17,479,18,497,19,516
1,462,19,462,19,481,20,501,21,522
1,463,2,463,2,465,3,468,4,472
1,463,3,463,3,466,4,470,5,475
1,463,5,463,5,468,6,474,7,481
1,463,7,463,7,470,8,478,9,487
1,463,11,463,11,474,12,486,13,499
1,463,13,463,13,476,14,490,15,505
1,463,17,463,17,480,18,498,19,517
1,463,19,463,19,482,20,502,21,523
1,464,2,464,2,466,3,469,4,473
1,464,3,464,3,467,4,471,5,476
1,464,5,464,5,469,6,475,7,482
1,464,7,464,7,471,8,479,9,488
1,464,11,464,11,475,12,487,13,500
1,464,13,464,13,477,14,491,15,506
1,464,17,464,17,481,18,499,19,518
1,464,19,464,19,483,20,503,21,524
1,465,2,465,2,467,3,470,4,474
1,465,3,465,3,468,4,472,5,477
1,465,5,465,5,470,6,476,7,483
1,465,7,465,7,472,8,480,9,489
1,465,11,465,11,476,12,488,13,501
1,465,13,465,13,478,14,492,15,507
1,465,17,465,17,482,18,500,19,519
1,465,19,465,19,484,20,504,21,525
1,466,2,466,2,468,3,471,4,475
1,466,3,466,3,469,4,473,5,478
1,466,5,466,5,471,6,477,7,484
1,466,7,466,7,473,8,481,9,490
1,466,11,466,11,477,12,489,13,502
1,466,13,466,13,479,14,493,15,508
1,466,17,466,17,483,18,501,19,520
1,466,19,466,19,485,20,505,21,526
1,467,2,467,2,469,3,472,4,476
1,467,3,467,3,470,4,474,5,479
1,467,5,467,5,472,6,478,7,485
1,467,7,467,7,474,8,482,9,491
1,467,11,467,11,478,12,490,13,503
1,467,13,467,13,480,14,494,15,509
1,467,17,467,17,484,18,502,19,521
1,467,19,467,19,486,20,506,21,527
1,468,2,468,2,470,3,473,4,477
1,468,3,468,3,471,4,475,5,480
1,468,5,468,5,473,6,479,7,486
1,468,7,468,7,475,8,483,9,492
1,468,11,468,11,479,12,491,13,504
1,468,13,468,13,481,14,495,15,510
1,468,17,468,17,485,18,503,19,522
1,468,19,468,19,487,20,507,21,528
1,469,2,469,2,471,3,474,4,478
1,469,3,469,3,472,4,476,5,481
1,469,5,469,5,474,6,480,7,487
1,469,7,469,7,476,8,484,9,493
1,469,11,469,11,480,12,492,13,505
1,469,13,469,13,482,14,496,15,511
1,469,17,469,17,486,18,504,19,523
1,469,19,469,19,488,20,508,21,529
1,470,2,470,2,472,3,475,4,479
1,470,3,470,3,473,4,477,5,482
1,470,5,470,5,475,6,481,7,488
1,470,7,470,7,477,8,485,9,494
1,470,11,470,11,481,12,493,13,506
1,470,13,470,13,483,14,497,15,512
1,470,17,470,17,487,18,505,19,524
1,470,19,470,19,489,20,509,21,530
1,471,2,471,2,473,3,476,4,480
1,471,3,471,3,474,4,478,5,483
1,471,5,471,5,476,6,482,7,489
1,471,7,471,7,478,8,486,9,495
1,471,11,471,11,482,12,494,13,507
1,471,13,471,13,484,14,498,15,513
1,471,17,471,17,488,18,506,19,525
1,471,19,471,19,490,20,510,21,531
1,472,2,472,2,474,3,477,4,481
1,472,3,472,3,475,4,479,5,484
1,472,5,472,5,477,6,483,7,490
1,472,7,472,7,479,8,487,9,496
1,472,11,472,11,483,12,495,13,508
1,472,13,472,13,485,14,499,15,514
1,472,17,472,17,489,18,507,19,526
1,472,19,472,19,491,20,511,21,532
1,473,2,473,2,475,3,478,4,482
1,473,3,473,3,476,4,480,5,485
1,473,5,473,5,478,6,484,7,491
1,473,7,473,7,480,8,488,9,497
1,473,11,473,11,484,12,496,13,509
1,473,13,473,13,486,14,500,15,515
1,473,17,473,17,490,18,508,19,527
1,473,19,473,19,492,20,512,21,533
1,474,2,474,2,476,3,479,4,483
1,474,3,474,3,477,4,481,5,486
1,474,5,474,5,479,6,485,7,492
1,474,7,474,7,481,8,489,9,498
1,474,11,474,11,485,12,497,13,510
1,474,13,474,13,487,14,501,15,516
1,474,17,474,17,491,18,509,19,528
1,474,19,474,19,493,20,513,21,534
1,475,2,475,2,477,3,480,4,484
1,475,3,475,3,478,4,482,5,487
1,475,5,475,5,480,6,486,7,493
1,475,7,475,7,482,8,490,9,499
1,475,11,475,11,486,12,498,13,511
1,475,13,475,13,488,14,502,15,517
1,475,17,475,17,492,18,510,19,529
1,475,19,475,19,494,20,514,21,535
1,476,2,476,2,478,3,481,4,485
1,476,3,476,3,479,4,483,5,488
1,476,5,476,5,481,6,487,7,494
1,476,7,476,7,483,8,491,9,500
1,476,11,476,11,487,12,499,13,512
1,476,13,476,13,489,14,503,15,518
1,476,17,476,17,493,18,511,19,530
1,476,19,476,19,495,20,515,21,536
1,477,2,477,2,479,3,482,4,486
1,477,3,477,3,480,4,484,5,489
1,477,5,477,5,482,6,488,7,495
1,477,7,477,7,484,8,492,9,501
1,477,11,477,11,488,12,500,13,513
1,477,13,477,13,490,14,504,15,519
1,477,17,477,17,494,18,512,19,531
1,477,19,477,19,496,20,516,21,537
1,478,2,478,2,480,3,483,4,487
1,478,3,478,3,481,4,485,5,490
1,478,5,478,5,483,6,489,7,496
1,478,7,478,7,485,8,493,9,502
1,478,11,478,11,489,12,501,13,514
1,478,13,478,13,491,14,505,15,520
1,478,17,478,17,495,18,513,19,532
1,478,19,478,19,497,20,517,21,538
1,479,2,479,2,481,3,484,4,488
1,479,3,479,3,482,4,486,5,491
1,479,5,479,5,484,6,490,7,497
1,479,7,479,7,486,8,494,9,503
1,479,11,479,11,490,12,502,13,515
1,479,13,479,13,492,14,506,15,521
1,479,17,479,17,496,18,514,19,533
1,479,19,479,19,498,20,518,21,539
1,480,2,480,2,482,3,485,4,489
1,480,3,480,3,483,4,487,5,492
1,480,5,480,5,485,6,491,7,498
1,480,7,480,7,487,8,495,9,504
1,480,11,480,11,491,12,503,13,516
1,480,13,480,13,493,14,507,15,522
1,480,17,480,17,497,18,515,19,534
1,480,19,480,19,499,20,519,21,540
1,481,2,481,2,483,3,486,4,490
1,481,3,481,3,484,4,488,5,493
1,481,5,481,5,486,6,492,7,499
1,481,7,481,7,488,8,496,9,505
1,481,11,481,11,492,12,504,13,517
1,481,13,481,13,494,14,508,15,523
1,481,17,481,17,498,18,516,19,535
1,481,19,481,19,500,20,520,21,541
1,482,2,482,2,484,3,487,4,491
1,482,3,482,3,485,4,489,5,494
1,482,5,482,5,487,6,493,7,500
1,482,7,482,7,489,8,497,9,506
1,482,11,482,11,493,12,505,13,518
1,482,13,482,13,495,14,509,15,524
1,482,17,482,17,499,18,517,19,536
1,482,19,482,19,501,20,521,21,542
1,483,2,483,2,485,3,488,4,492
1,483,3,483,3,486,4,490,5,495
1,483,5,483,5,488,6,494,7,501
1,483,7,483,7,490,8,498,9,507
1,483,11,483,11,494,12,506,13,519
1,483,13,483,13,496,14,510,15,525
1,483,17,483,17,500,18,518,19,537
1,483,19,483,19,502,20,522,21,543
1,484,2,484,2,486,3,489,4,493
1,484,3,484,3,487,4,491,5,496
1,484,5,484,5,489,6,495,7,502
1,484,7,484,7,491,8,499,9,508
1,484,11,484,11,495,12,507,13,520
1,484,13,484,13,497,14,511,15,526
1,484,17,484,17,501,18,519,19,538
1,484,19,484,19,503,20,523,21,544
1,485,2,485,2,487,3,490,4,494
1,485,3,485,3,488,4,492,5,497
1,485,5,485,5,490,6,496,7,503
1,485,7,485,7,492,8,500,9,509
1,485,11,485,11,496,12,508,13,521
1,485,13,485,13,498,14,512,15,527
1,485,17,485,17,502,18,520,19,539
1,485,19,485,19,504,20,524,21,545
1,486,2,486,2,488,3,491,4,495
1,486,3,486,3,489,4,493,5,498
1,486,5,486,5,491,6,497,7,504
1,486,7,486,7,493,8,501,9,510
1,486,11,486,11,497,12,509,13,522
1,486,13,486,13,499,14,513,15,528
1,486,17,486,17,503,18,521,19,540
1,486,19,486,19,505,20,525,21,546
1,487,2,487,2,489,3,492,4,496
1,487,3,487,3,490,4,494,5,499
1,487,5,487,5,492,6,498,7,505
1,487,7,487,7,494,8,502,9,511
1,487,11,487,11,498,12,510,13,523
1,487,13,487,13,500,14,514,15,529
1,487,17,487,17,504,18,522,19,541
1,487,19,487,19,506,20,526,21,547
1,488,2,488,2,490,3,493,4,497
1,488,3,488,3,491,4,495,5,500
1,488,5,488,5,493,6,499,7,506
1,488,7,488,7,495,8,503,9,512
1,488,11,488,11,499,12,511,13,524
1,488,13,488,13,501,14,515,15,530
1,488,17,488,17,505,18,523,19,542
1,488,19,488,19,507,20,527,21,548
1,489,2,489,2,491,3,494,4,498
1,489,3,489,3,492,4,496,5,501
1,489,5,489,5,494,6,500,7,507
1,489,7,489,7,496,8,504,9,513
1,489,11,489,11,500,12,512,13,525
1,489,13,489,13,502,14,516,15,531
1,489,17,489,17,506,18,524,19,543
1,489,19,489,19,508,20,528,21,549
1,490,2,490,2,492,3,495,4,499
1,490,3,490,3,493,4,497,5,502
1,490,5,490,5,495,6,501,7,508
1,490,7,490,7,497,8,505,9,514
1,490,11,490,11,501,12,513,13,526
1,490,13,490,13,503,14,517,15,532
1,490,17,490,17,507,18,525,19,544
1,490,19,490,19,509,20,529,21,550
1,491,2,491,2,493,3,496,4,500
1,491,3,491,3,494,4,498,5,503
1,491,5,491,5,496,6,502,7,509
1,491,7,491,7,498,8,506,9,515
1,491,11,491,11,502,12,514,13,527
1,491,13,491,13,504,14,518,15,533
1,491,17,491,17,508,18,526,19,545
1,491,19,491,19,510,20,530,21,551
1,492,2,492,2,494,3,497,4,501
1,492,3,492,3,495,4,499,5,504
1,492,5,492,5,497,6,503,7,510
1,492,7,492,7,499,8,507,9,516
1,492,11,492,11,503,12,515,13,528
1,492,13,492,13,505,14,519,15,534
1,492,17,492,17,509,18,527,19,546
1,492,19,492,19,511,20,531,21,552
1,493,2,493,2,495,3,498,4,502
1,493,3,493,3,496,4,500,5,505
1,493,5,493,5,498,6,504,7,511
1,493,7,493,7,500,8,508,9,517
1,493,11,493,11,504,12,516,13,529
1,493,13,493,13,506,14,520,15,535
1,493,17,493,17,510,18,528,19,547
1,493,19,493,19,512,20,532,21,553
1,494,2,494,2,496,3,499,4,503
1,494,3,494,3,497,4,501,5,506
1,494,5,494,5,499,6,505,7,512
1,494,7,494,7,501,8,509,9,518
1,494,11,494,11,505,12,517,13,530
1,494,13,494,13,507,14,521,15,536
1,494,17,494,17,511,18,529,19,548
1,494,19,494,19,513,20,533,21,554
1,495,2,495,2,497,3,500,4,504
1,495,3,495,3,498,4,502,5,507
1,495,5,495,5,500,6,506,7,513
1,495,7,495,7,502,8,510,9,519
1,495,11,495,11,506,12,518,13,531
1,495,13,495,13,508,14,522,15,537
1,495,17,495,17,512,18,530,19,549
1,495,19,495,19,514,20,534,21,555
1,496,2,496,2,498,3,501,4,505
1,496,3,496,3,499,4,503,5,508
1,496,5,496,5,501,6,507,7,514
1,496,7,496,7,503,8,511,9,520
1,496,11,496,11,507,12,519,13,532
1,496,13,496,13,509,14,523,15,538
1,496,17,496,17,513,18,531,19,550
1,496,19,496,19,515,20,535,21,556
1,497,2,497,2,499,3,502,4,506
1,497,3,497,3,500,4,504,5,509
1,497,5,497,5,502,6,508,7,515
1,497,7,497,7,504,8,512,9,521
1,497,11,497,11,508,12,520,13,533
1,497,13,497,13,510,14,524,15,539
1,497,17,497,17,514,18,532,19,551
1,497,19,497,19,516,20,536,21,557
1,498,2,498,2,500,3,503,4,507
1,498,3,498,3,501,4,505,5,510
1,498,5,498,5,503,6,509,7,516
1,498,7,498,7,505,8,513,9,522
1,498,11,498,11,509,12,521,13,534
1,498,13,498,13,511,14,525,15,540
1,498,17,498,17,515,18,533,19,552
1,498,19,498,19,517,20,537,21,558
1,499,2,499,2,501,3,504,4,508
1,499,3,499,3,502,4,506,5,511
1,499,5,499,5,504,6,510,7,517
1,499,7,499,7,506,8,514,9,523
1,499,11,499,11,510,12,522,13,535
1,499,13,499,13,512,14,526,15,541
1,499,17,499,17,516,18,534,19,553
1,499,19,499,19,518,20,538,21,559
1,500,2,500,2,502,3,505,4,509
1,500,3,500,3,503,4,507,5,512
1,500,5,500,5,505,6,511,7,518
1,500,7,500,7,507,8,515,9,524
1,500,11,500,11,511,12,523,13,536
1,500,13,500,13,513,14,527,15,542
1,500,17,500,17,517,18,535,19,554
1,500,19,500,19,519,20,539,21,560
2,601,2,601,2,603,3,606,4,610
2,601,3,601,3,604,4,608,5,613
2,601,5,601,5,606,6,612,7,619
2,601,7,601,7,608,8,616,9,625
2,601,11,601,11,612,12,624,13,637
2,601,13,601,13,614,14,628,15,643
2,601,17,601,17,618,18,636,19,655
2,601,19,601,19,620,20,640,21,661
2,602,2,602,2,604,3,607,4,611
2,602,3,602,3,605,4,609,5,614
2,602,5,602,5,607,6,613,7,620
2,602,7,602,7,609,8,617,9,626
2,602,11,602,11,613,12,625,13,638
2,602,13,602,13,615,14,629,15,644
2,602,17,602,17,619,18,637,19,656
2,602,19,602,19,621,20,641,21,662
2,603,2,603,2,605,3,608,4,612
2,603,3,603,3,606,4,610,5,615
2,603,5,603,5,608,6,614,7,621
2,603,7,603,7,610,8,618,9,627
2,603,11,603,11,614,12,626,13,639
2,603,13,603,13,616,14,630,15,645
2,603,17,603,17,620,18,638,19,657
2,603,19,603,19,622,20,642,21,663
2,604,2,604,2,606,3,609,4,613
2,604,3,604,3,607,4,611,5,616
2,604,5,604,5,609,6,615,7,622
2,604,7,604,7,611,8,619,9,628
2,604,11,604,11,615,12,627,13,640
2,604,13,604,13,617,14,631,15,646
2,604,17,604,17,621,18,639,19,658
2,604,19,604,19,623,20,643,21,664
2,605,2,605,2,607,3,610,4,614
2,605,3,605,3,608,4,612,5,617
2,605,5,605,5,610,6,616,7,623
2,605,7,605,7,612,8,620,9,629
2,605,11,605,11,616,12,628,13,641
2,605,13,605,13,618,14,632,15,647
2,605,17,605,17,622,18,640,19,659
2,605,19,605,19,624,20,644,21,665
2,606,2,606,2,608,3,611,4,615
2,606,3,606,3,609,4,613,5,618
2,606,5,606,5,611,6,617,7,624
2,606,7,606,7,613,8,621,9,630
2,606,11,606,11,617,12,629,13,642
2,606,13,606,13,619,14,633,15,648
2,606,17,606,17,623,18,641,19,660
2,606,19,606,19,625,20,645,21,666
2,607,2,607,2,609,3,612,4,616
2,607,3,607,3,610,4,614,5,619
2,607,5,607,5,612,6,618,7,625
2,607,7,607,7,614,8,622,9,631
2,607,11,607,11,618,12,630,13,643
2,607,13,607,13,620,14,634,15,649
2,607,17,607,17,624,18,642,19,661
2,607,19,607,19,626,20,646,21,667
2,608,2,608,2,610,3,613,4,617
2,608,3,608,3,611,4,615,5,620
2,608,5,608,5,613,6,619,7,626
2,608,7,608,7,615,8,623,9,632
2,608,11,608,11,619,12,631,13,644
2,608,13,608,13,621,14,635,15,650
2,608,17,608,17,625,18,643,19,662
2,608,19,608,19,627,20,647,21,668
2,609,2,609,2,611,3,614,4,618
2,609,3,609,3,612,4,616,5,621
2,609,5,609,5,614,6,620,7,627
2,609,7,609,7,616,8,624,9,633
2,609,11,609,11,620,12,632,13,645
2,609,13,609,13,622,14,636,15,651
2,609,17,609,17,626,18,644,19,663
2,609,19,609,19,628,20,648,21,669
2,610,2,610,2,612,3,615,4,619
2,610,3,610,3,613,4,617,5,622
2,610,5,610,5,615,6,621,7,628
2,610,7,610,7,617,8,625,9,634
2,610,11,610,11,621,12,633,13,646
2,610,13,610,13,623,14,637,15,652
2,610,17,610,17,627,18,645,19,664
2,610,19,610,19,629,20,649,21,670
2,611,2,611,2,613,3,616,4,620
2,611,3,611,3,614,4,618,5,623
2,611,5,611,5,616,6,622,7,629
2,611,7,611,7,618,8,626,9,635
2,611,11,611,11,622,12,634,13,647
2,611,13,611,13,624,14,638,15,653
2,611,17,611,17,628,18,646,19,665
2,611,19,611,19,630,20,650,21,671
2,612,2,612,2,614,3,617,4,621
2,612,3,612,3,615,4,619,5,624
2,612,5,612,5,617,6,623,7,630
2,612,7,612,7,619,8,627,9,636
2,612,11,612,11,623,12,635,13,648
2,612,13,612,13,625,14,639,15,654
2,612,17,612,17,629,18,647,19,666
2,612,19,612,19,631,20,651,21,672
2,613,2,613,2,615,3,618,4,622
2,613,3,613,3,616,4,620,5,625
2,613,5,613,5,618,6,624,7,631
2,613,7,613,7,620,8,628,9,637
2,613,11,613,11,624,12,636,13,649
2,613,13,613,13,626,14,640,15,655
2,613,17,613,17,630,18,648,19,667
2,613,19,613,19,632,20,652,21,673
2,614,2,614,2,616,3,619,4,623
2,614,3,614,3,617,4,621,5,626
2,614,5,614,5,619,6,625,7,632
2,614,7,614,7,621,8,629,9,638
2,614,11,614,11,625,12,637,13,650
2,614,13,614,13,627,14,641,15,656
2,614,17,614,17,631,18,649,19,668
2,614,19,614,19,633,20,653,21,674
2,615,2,615,2,617,3,620,4,624
2,615,3,615,3,618,4,622,5,627
2,615,5,615,5,620,6,626,7,633
2,615,7,615,7,622,8,630,9,639
2,615,11,615,11,626,12,638,13,651
2,615,13,615,13,628,14,642,15,657
2,615,17,615,17,632,18,650,19,669
2,615,19,615,19,634,20,654,21,675
2,616,2,616,2,618,3,621,4,625
2,616,3,616,3,619,4,623,5,628
2,616,5,616,5,621,6,627,7,634
2,616,7,616,7,623,8,631,9,640
2,616,11,616,11,627,12,639,13,652
2,616,13,616,13,629,14,643,15,658
2,616,17,616,17,633,18,651,19,670
2,616,19,616,19,635,20,655,21,676
2,617,2,617,2,619,3,622,4,626
2,617,3,617,3,620,4,624,5,629
2,617,5,617,5,622,6,628,7,635
2,617,7,617,7,624,8,632,9,641
2,617,11,617,11,628,12,640,13,653
2,617,13,617,13,630,14,644,15,659
2,617,17,617,17,634,18,652,19,671
2,617,19,617,19,636,20,656,21,677
2,618,2,618,2,620,3,623,4,627
2,618,3,618,3,621,4,625,5,630
2,618,5,618,5,623,6,629,7,636
2,618,7,618,7,625,8,633,9,642
2,618,11,618,11,629,12,641,13,654
2,618,13,618,13,631,14,645,15,660
2,618,17,618,17,635,18,653,19,672
2,618,19,618,19,637,20,657,21,678
2,619,2,619,2,621,3,624,4,628
2,619,3,619,3,622,4,626,5,631
2,619,5,619,5,624,6,630,7,637
2,619,7,619,7,626,8,634,9,643
2,619,11,619,11,630,12,642,13,655
2,619,13,619,13,632,14,646,15,661
2,619,17,619,17,636,18,654,19,673
2,619,19,619,19,638,20,658,21,679
2,620,2,620,2,622,3,625,4,629
2,620,3,620,3,623,4,627,5,632
2,620,5,620,5,625,6,631,7,638
2,620,7,620,7,627,8,635,9,644
2,620,11,620,11,631,12,643,13,656
2,620,13,620,13,633,14,647,15,662
2,620,17,620,17,637,18,655,19,674
2,620,19,620,19,639,20,659,21,680
2,621,2,621,2,623,3,626,4,630
2,621,3,621,3,624,4,628,5,633
2,621,5,621,5,626,6,632,7,639
2,621,7,621,7,628,8,636,9,645
2,621,11,621,11,632,12,644,13,657
2,621,13,621,13,634,14,648,15,663
2,621,17,621,17,638,18,656,19,675
2,621,19,621,19,640,20,660,21,681
2,622,2,622,2,624,3,627,4,631
2,622,3,622,3,625,4,629,5,634
2,622,5,622,5,627,6,633,7,640
2,622,7,622,7,629,8,637,9,646
2,622,11,622,11,633,12,645,13,658
2,622,13,622,13,635,14,649,15,664
2,622,17,622,17,639,18,657,19,676
2,622,19,622,19,641,20,661,21,682
2,623,2,623,2,625,3,628,4,632
2,623,3,623,3,626,4,630,5,635
2,623,5,623,5,628,6,634,7,641
2,623,7,623,7,630,8,638,9,647
2,623,11,623,11,634,12,646,13,659
2,623,13,623,13,636,14,650,15,665
2,623,17,623,17,640,18,658,19,677
2,623,19,623,19,642,20,662,21,683
2,624,2,624,2,626,3,629,4,633
2,624,3,624,3,627,4,631,5,636
2,624,5,624,5,629,6,635,7,642
2,624,7,624,7,631,8,639,9,648
2,624,11,624,11,635,12,647,13,660
2,624,13,624,13,637,14,651,15,666
2,624,17,624,17,641,18,659,19,678
2,624,19,624,19,643,20,663,21,684
2,625,2,625,2,627,3,630,4,634
2,625,3,625,3,628,4,632,5,637
2,625,5,625,5,630,6,636,7,643
2,625,7,625,7,632,8,640,9,649
2,625,11,625,11,636,12,648,13,661
2,625,13,625,13,638,14,652,15,667
2,625,17,625,17,642,18,660,19,679
2,625,19,625,19,644,20,664,21,685
2,626,2,626,2,628,3,631,4,635
2,626,3,626,3,629,4,633,5,638
2,626,5,626,5,631,6,637,7,644
2,626,7,626,7,633,8,641,9,650
2,626,11,626,11,637,12,649,13,662
2,626,13,626,13,639,14,653,15,668
2,626,17,626,17,643,18,661,19,680
2,626,19,626,19,645,20,665,21,686
2,627,2,627,2,629,3,632,4,636
2,627,3,627,3,630,4,634,5,639
2,627,5,627,5,632,6,638,7,645
2,627,7,627,7,634,8,642,9,651
2,627,11,627,11,638,12,650,13,663
2,627,13,627,13,640,14,654,15,669
2,627,17,627,17,644,18,662,19,681
2,627,19,627,19,646,20,666,21,687
2,628,2,628,2,630,3,633,4,637
2,628,3,628,3,631,4,635,5,640
2,628,5,628,5,633,6,639,7,646
2,628,7,628,7,635,8,643,9,652
2,628,11,628,11,639,12,651,13,664
2,628,13,628,13,641,14,655,15,670
2,628,17,628,17,645,18,663,19,682
2,628,19,628,19,647,20,667,21,688
2,629,2,629,2,631,3,634,4,638
2,629,3,629,3,632,4,636,5,641
2,629,5,629,5,634,6,640,7,647
2,629,7,629,7,636,8,644,9,653
2,629,11,629,11,640,12,652,13,665
2,629,13,629,13,642,14,656,15,671
2,629,17,629,17,646,18,664,19,683
2,629,19,629,19,648,20,668,21,689
2,630,2,630,2,632,3,635,4,639
2,630,3,630,3,633,4,637,5,642
2,630,5,630,5,635,6,641,7,648
2,630,7,630,7,637,8,645,9,654
2,630,11,630,11,641,12,653,13,666
2,630,13,630,13,643,14,657,15,672
2,630,17,630,17,647,18,665,19,684
2,630,19,630,19,649,20,669,21,690
2,631,2,631,2,633,3,636,4,640
2,631,3,631,3,634,4,638,5,643
2,631,5,631,5,636,6,642,7,649
2,631,7,631,7,638,8,646,9,655
2,631,11,631,11,642,12,654,13,667
2,631,13,631,13,644,14,658,15,673
2,631,17,631,17,648,18,666,19,685
2,631,19,631,19,650,20,670,21,691
2,632,2,632,2,634,3,637,4,641
2,632,3,632,3,635,4,639,5,644
2,632,5,632,5,637,6,643,7,650
2,632,7,632,7,639,8,647,9,656
2,632,11,632,11,643,12,655,13,668
2,632,13,632,13,645,14,659,15,674
2,632,17,632,17,649,18,667,19,686
2,632,19,632,19,651,20,671,21,692
2,633,2,633,2,635,3,638,4,642
2,633,3,633,3,636,4,640,5,645
2,633,5,633,5,638,6,644,7,651
2,633,7,633,7,640,8,648,9,657
2,633,11,633,11,644,12,656,13,669
2,633,13,633,13,646,14,660,15,675
2,633,17,633,17,650,18,668,19,687
2,633,19,633,19,652,20,672,21,693
2,634,2,634,2,636,3,639,4,643
2,634,3,634,3,637,4,641,5,646
2,634,5,634,5,639,6,645,7,652
2,634,7,634,7,641,8,649,9,658
2,634,11,634,11,645,12,657,13,670
2,634,13,634,13,647,14,661,15,676
2,634,17,634,17,651,18,669,19,688
2,634,19,634,19,653,20,673,21,694
2,635,2,635,2,637,3,640,4,644
2,635,3,635,3,638,4,642,5,647
2,635,5,635,5,640,6,646,7,653
2,635,7,635,7,642,8,650,9,659
2,635,11,635,11,646,12,658,13,671
2,635,13,635,13,648,14,662,15,677
2,635,17,635,17,652,18,670,19,689
2,635,19,635,19,654,20,674,21,695
2,636,2,636,2,638,3,641,4,645
2,636,3,636,3,639,4,643,5,648
2,636,5,636,5,641,6,647,7,654
2,636,7,636,7,643,8,651,9,660
2,636,11,636,11,647,12,659,13,672
2,636,13,636,13,649,14,663,15,678
2,636,17,636,17,653,18,671,19,690
2,636,19,636,19,655,20,675,21,696
2,637,2,637,2,639,3,642,4,646
2,637,3,637,3,640,4,644,5,649
2,637,5,637,5,642,6,648,7,655
2,637,7,637,7,644,8,652,9,661
2,637,11,637,11,648,12,660,13,673
2,637,13,637,13,650,14,664,15,679
2,637,17,637,17,654,18,672,19,691
2,637,19,637,19,656,20,676,21,697
2,638,2,638,2,640,3,643,4,647
2,638,3,638,3,641,4,645,5,650
2,638,5,638,5,643,6,649,7,656
2,638,7,638,7,645,8,653,9,662
2,638,11,638,11,649,12,661,13,674
2,638,13,638,13,651,14,665,15,680
2,638,17,638,17,655,18,673,19,692
2,638,19,638,19,657,20,677,21,698
2,639,2,639,2,641,3,644,4,648
2,639,3,639,3,642,4,646,5,651
2,639,5,639,5,644,6,650,7,657
2,639,7,639,7,646,8,654,9,663
2,639,11,639,11,650,12,662,13,675
2,639,13,639,13,652,14,666,15,681
2,639,17,639,17,656,18,674,19,693
2,639,19,639,19,658,20,678,21,699
2,640,2,640,2,642,3,645,4,649
2,640,3,640,3,643,4,647,5,652
2,640,5,640,5,645,6,651,7,658
2,640,7,640,7,647,8,655,9,664
2,640,11,640,11,651,12,663,13,676
2,640,13,640,13,653,14,667,15,682
2,640,17,640,17,657,18,675,19,694
2,640,19,640,19,659,20,679,21,700
2,641,2,641,2,643,3,646,4,650
2,641,3,641,3,644,4,648,5,653
2,641,5,641,5,646,6,652,7,659
2,641,7,641,7,648,8,656,9,665
2,641,11,641,11,652,12,664,13,677
2,641,13,641,13,654,14,668,15,683
2,641,17,641,17,658,18,676,19,695
2,641,19,641,19,660,20,680,21,701
2,642,2,642,2,644,3,647,4,651
2,642,3,642,3,645,4,649,5,654
2,642,5,642,5,647,6,653,7,660
2,642,7,642,7,649,8,657,9,666
2,642,11,642,11,653,12,665,13,678
2,642,13,642,13,655,14,669,15,684
2,642,17,642,17,659,18,677,19,696
2,642,19,642,19,661,20,681,21,702
2,643,2,643,2,645,3,648,4,652
2,643,3,643,3,646,4,650,5,655
2,643,5,643,5,648,6,654,7,661
2,643,7,643,7,650,8,658,9,667
2,643,11,643,11,654,12,666,13,679
2,643,13,643,13,656,14,670,15,685
2,643,17,643,17,660,18,678,19,697
2,643,19,643,19,662,20,682,21,703
2,644,2,644,2,646,3,649,4,653
2,644,3,644,3,647,4,651,5,656
2,644,5,644,5,649,6,655,7,662
2,644,7,644,7,651,8,659,9,668
2,644,11,644,11,655,12,667,13,680
2,644,13,644,13,657,14,671,15,686
2,644,17,644,17,661,18,679,19,698
2,644,19,644,19,663,20,683,21,704
2,645,2,645,2,647,3,650,4,654
2,645,3,645,3,648,4,652,5,657
2,645,5,645,5,650,6,656,7,663
2,645,7,645,7,652,8,660,9,669
2,645,11,645,11,656,12,668,13,681
2,645,13,645,13,658,14,672,15,687
2,645,17,645,17,662,18,680,19,699
2,645,19,645,19,664,20,684,21,705
2,646,2,646,2,648,3,651,4,655
2,646,3,646,3,649,4,653,5,658
2,646,5,646,5,651,6,657,7,664
2,646,7,646,7,653,8,661,9,670
2,646,11,646,11,657,12,669,13,682
2,646,13,646,13,659,14,673,15,688
2,646,17,646,17,663,18,681,19,700
2,646,19,646,19,665,20,685,21,706
2,647,2,647,2,649,3,652,4,656
2,647,3,647,3,650,4,654,5,659
2,647,5,647,5,652,6,658,7,665
2,647,7,647,7,654,8,662,9,671
2,647,11,647,11,658,12,670,13,683
2,647,13,647,13,660,14,674,15,689
2,647,17,647,17,664,18,682,19,701
2,647,19,647,19,666,20,686,21,707
2,648,2,648,2,650,3,653,4,657
2,648,3,648,3,651,4,655,5,660
2,648,5,648,5,653,6,659,7,666
2,648,7,648,7,655,8,663,9,672
2,648,11,648,11,659,12,671,13,684
2,648,13,648,13,661,14,675,15,690
2,648,17,648,17,665,18,683,19,702
2,648,19,648,19,667,20,687,21,708
2,649,2,649,2,651,3,654,4,658
2,649,3,649,3,652,4,656,5,661
2,649,5,649,5,654,6,660,7,667
2,649,7,649,7,656,8,664,9,673
2,649,11,649,11,660,12,672,13,685
2,649,13,649,13,662,14,676,15,691
2,649,17,649,17,666,18,684,19,703
2,649,19,649,19,668,20,688,21,709
2,650,2,650,2,652,3,655,4,659
2,650,3,650,3,653,4,657,5,662
2,650,5,650,5,655,6,661,7,668
2,650,7,650,7,657,8,665,9,674
2,650,11,650,11,661,12,673,13,686
2,650,13,650,13,663,14,677,15,692
2,650,17,650,17,667,18,685,19,704
2,650,19,650,19,669,20,689,21,710
2,651,2,651,2,653,3,656,4,660
2,651,3,651,3,654,4,658,5,663
2,651,5,651,5,656,6,662,7,669
2,651,7,651,7,658,8,666,9,675
2,651,11,651,11,662,12,674,13,687
2,651,13,651,13,664,14,678,15,693
2,651,17,651,17,668,18,686,19,705
2,651,19,651,19,670,20,690,21,711
2,652,2,652,2,654,3,657,4,661
2,652,3,652,3,655,4,659,5,664
2,652,5,652,5,657,6,663,7,670
2,652,7,652,7,659,8,667,9,676
2,652,11,652,11,663,12,675,13,688
2,652,13,652,13,665,14,679,15,694
2,652,17,652,17,669,18,687,19,706
2,652,19,652,19,671,20,691,21,712
2,653,2,653,2,655,3,658,4,662
2,653,3,653,3,656,4,660,5,665
2,653,5,653,5,658,6,664,7,671
2,653,7,653,7,660,8,668,9,677
2,653,11,653,11,664,12,676,13,689
2,653,13,653,13,666,14,680,15,695
2,653,17,653,17,670,18,688,19,707
2,653,19,653,19,672,20,692,21,713
2,654,2,654,2,656,3,659,4,663
2,654,3,654,3,657,4,661,5,666
2,654,5,654,5,659,6,665,7,672
2,654,7,654,7,661,8,669,9,678
2,654,11,654,11,665,12,677,13,690
2,654,13,654,13,667,14,681,15,696
2,654,17,654,17,671,18,689,19,708
2,654,19,654,19,673,20,693,21,714
2,655,2,655,2,657,3,660,4,664
2,655,3,655,3,658,4,662,5,667
2,655,5,655,5,660,6,666,7,673
2,655,7,655,7,662,8,670,9,679
2,655,11,655,11,666,12,678,13,691
2,655,13,655,13,668,14,682,15,697
2,655,17,655,17,672,18,690,19,709
2,655,19,655,19,674,20,694,21,715
2,656,2,656,2,658,3,661,4,665
2,656,3,656,3,659,4,663,5,668
2,656,5,656,5,661,6,667,7,674
2,656,7,656,7,663,8,671,9,680
2,656,11,656,11,667,12,679,13,692
2,656,13,656,13,669,14,683,15,698
2,656,17,656,17,673,18,691,19,710
2,656,19,656,19,675,20,695,21,716
2,657,2,657,2,659,3,662,4,666
2,657,3,657,3,660,4,664,5,669
2,657,5,657,5,662,6,668,7,675
2,657,7,657,7,664,8,672,9,681
2,657,11,657,11,668,12,680,13,693
2,657,13,657,13,670,14,684,15,699
2,657,17,657,17,674,18,692,19,711
2,657,19,657,19,676,20,696,21,717
2,658,2,658,2,660,3,663,4,667
2,658,3,658,3,661,4,665,5,670
2,658,5,658,5,663,6,669,7,676
2,658,7,658,7,665,8,673,9,682
2,658,11,658,11,669,12,681,13,694
2,658,13,658,13,671,14,685,15,700
2,658,17,658,17,675,18,693,19,712
2,658,19,658,19,677,20,697,21,718
2,659,2,659,2,661,3,664,4,668
2,659,3,659,3,662,4,666,5,671
2,659,5,659,5,664,6,670,7,677
2,659,7,659,7,666,8,674,9,683
2,659,11,659,11,670,12,682,13,695
2,659,13,659,13,672,14,686,15,701
2,659,17,659,17,676,18,694,19,713
2,659,19,659,19,678,20,698,21,719
2,660,2,660,2,662,3,665,4,669
2,660,3,660,3,663,4,667,5,672
2,660,5,660,5,665,6,671,7,678
2,660,7,660,7,667,8,675,9,684
2,660,11,660,11,671,12,683,13,696
2,660,13,660,13,673,14,687,15,702
2,660,17,660,17,677,18,695,19,714
2,660,19,660,19,679,20,699,21,720
2,661,2,661,2,663,3,666,4,670
2,661,3,661,3,664,4,668,5,673
2,661,5,661,5,666,6,672,7,679
2,661,7,661,7,668,8,676,9,685
2,661,11,661,11,672,12,684,13,697
2,661,13,661,13,674,14,688,15,703
2,661,17,661,17,678,18,696,19,715
2,661,19,661,19,680,20,700,21,721
2,662,2,662,2,664,3,667,4,671
2,662,3,662,3,665,4,669,5,674
2,662,5,662,5,667,6,673,7,680
2,662,7,662,7,669,8,677,9,686
2,662,11,662,11,673,12,685,13,698
2,662,13,662,13,675,14,689,15,704
2,662,17,662,17,679,18,697,19,716
2,662,19,662,19,681,20,701,21,722
2,663,2,663,2,665,3,668,4,672
2,663,3,663,3,666,4,670,5,675
2,663,5,663,5,668,6,674,7,681
2,663,7,663,7,670,8,678,9,687
2,663,11,663,11,674,12,686,13,699
2,663,13,663,13,676,14,690,15,705
2,663,17,663,17,680,18,698,19,717
2,663,19,663,19,682,20,702,21,723
2,664,2,664,2,666,3,669,4,673
2,664,3,664,3,667,4,671,5,676
2,664,5,664,5,669,6,675,7,682
2,664,7,664,7,671,8,679,9,688
2,664,11,664,11,675,12,687,13,700
2,664,13,664,13,677,14,691,15,706
2,664,17,664,17,681,18,699,19,718
2,664,19,664,19,683,20,703,21,724
2,665,2,665,2,667,3,670,4,674
2,665,3,665,3,668,4,672,5,677
2,665,5,665,5,670,6,676,7,683
2,665,7,665,7,672,8,680,9,689
2,665,11,665,11,676,12,688,13,701
2,665,13,665,13,678,14,692,15,707
2,665,17,665,17,682,18,700,19,719
2,665,19,665,19,684,20,704,21,725
2,666,2,666,2,668,3,671,4,675
2,666,3,666,3,669,4,673,5,678
2,666,5,666,5,671,6,677,7,684
2,666,7,666,7,673,8,681,9,690
2,666,11,666,11,677,12,689,13,702
2,666,13,666,13,679,14,693,15,708
2,666,17,666,17,683,18,701,19,720
2,666,19,666,19,685,20,705,21,726
2,667,2,667,2,669,3,672,4,676
2,667,3,667,3,670,4,674,5,679
2,667,5,667,5,672,6,678,7,685
2,667,7,667,7,674,8,682,9,691
2,667,11,667,11,678,12,690,13,703
2,667,13,667,13,680,14,694,15,709
2,667,17,667,17,684,18,702,19,721
2,667,19,667,19,686,20,706,21,727
2,668,2,668,2,670,3,673,4,677
2,668,3,668,3,671,4,675,5,680
2,668,5,668,5,673,6,679,7,686
2,668,7,668,7,675,8,683,9,692
2,668,11,668,11,679,12,691,13,704
2,668,13,668,13,681,14,695,15,710
2,668,17,668,17,685,18,703,19,722
2,668,19,668,19,687,20,707,21,728
2,669,2,669,2,671,3,674,4,678
2,669,3,669,3,672,4,676,5,681
2,669,5,669,5,674,6,680,7,687
2,669,7,669,7,676,8,684,9,693
2,669,11,669,11,680,12,692,13,705
2,669,13,669,13,682,14,696,15,711
2,669,17,669,17,686,18,704,19,723
2,669,19,669,19,688,20,708,21,729
2,670,2,670,2,672,3,675,4,679
2,670,3,670,3,673,4,677,5,682
2,670,5,670,5,675,6,681,7,688
2,670,7,670,7,677,8,685,9,694
2,670,11,670,11,681,12,693,13,706
2,670,13,670,13,683,14,697,15,712
2,670,17,670,17,687,18,705,19,724
2,670,19,670,19,689,20,709,21,730
2,671,2,671,2,673,3,676,4,680
2,671,3,671,3,674,4,678,5,683
2,671,5,671,5,676,6,682,7,689
2,671,7,671,7,678,8,686,9,695
2,671,11,671,11,682,12,694,13,707
2,671,13,671,13,684,14,698,15,713
2,671,17,671,17,688,18,706,19,725
2,671,19,671,19,690,20,710,21,731
2,672,2,672,2,674,3,677,4,681
2,672,3,672,3,675,4,679,5,684
2,672,5,672,5,677,6,683,7,690
2,672,7,672,7,679,8,687,9,696
2,672,11,672,11,683,12,695,13,708
2,672,13,672,13,685,14,699,15,714
2,672,17,672,17,689,18,707,19,726
2,672,19,672,19,691,20,711,21,732
2,673,2,673,2,675,3,678,4,682
2,673,3,673,3,676,4,680,5,685
2,673,5,673,5,678,6,684,7,691
2,673,7,673,7,680,8,688,9,697
2,673,11,673,11,684,12,696,13,709
2,673,13,673,13,686,14,700,15,715
2,673,17,673,17,690,18,708,19,727
2,673,19,673,19,692,20,712,21,733
2,674,2,674,2,676,3,679,4,683
2,674,3,674,3,677,4,681,5,686
2,674,5,674,5,679,6,685,7,692
2,674,7,674,7,681,8,689,9,698
2,674,11,674,11,685,12,697,13,710
2,674,13,674,13,687,14,701,15,716
2,674,17,674,17,691,18,709,19,728
2,674,19,674,19,693,20,713,21,734
2,675,2,675,2,677,3,680,4,684
2,675,3,675,3,678,4,682,5,687
2,675,5,675,5,680,6,686,7,693
2,675,7,675,7,682,8,690,9,699
2,675,11,675,11,686,12,698,13,711
2,675,13,675,13,688,14,702,15,717
2,675,17,675,17,692,18,710,19,729
2,675,19,675,19,694,20,714,21,735
2,676,2,676,2,678,3,681,4,685
2,676,3,676,3,679,4,683,5,688
2,676,5,676,5,681,6,687,7,694
2,676,7,676,7,683,8,691,9,700
2,676,11,676,11,687,12,699,13,712
2,676,13,676,13,689,14,703,15,718
2,676,17,676,17,693,18,711,19,730
2,676,19,676,19,695,20,715,21,736
2,677,2,677,2,679,3,682,4,686
2,677,3,677,3,680,4,684,5,689
2,677,5,677,5,682,6,688,7,695
2,677,7,677,7,684,8,692,9,701
2,677,11,677,11,688,12,700,13,713
2,677,13,677,13,690,14,704,15,719
2,677,17,677,17,694,18,712,19,731
2,677,19,677,19,696,20,716,21,737
2,678,2,678,2,680,3,683,4,687
2,678,3,678,3,681,4,685,5,690
2,678,5,678,5,683,6,689,7,696
2,678,7,678,7,685,8,693,9,702
2,678,11,678,11,689,12,701,13,714
2,678,13,678,13,691,14,705,15,720
2,678,17,678,17,695,18,713,19,732
2,678,19,678,19,697,20,717,21,738
2,679,2,679,2,681,3,684,4,688
2,679,3,679,3,682,4,686,5,691
2,679,5,679,5,684,6,690,7,697
2,679,7,679,7,686,8,694,9,703
2,679,11,679,11,690,12,702,13,715
2,679,13,679,13,692,14,706,15,721
2,679,17,679,17,696,18,714,19,733
2,679,19,679,19,698,20,718,21,739
2,680,2,680,2,682,3,685,4,689
2,680,3,680,3,683,4,687,5,692
2,680,5,680,5,685,6,691,7,698
2,680,7,680,7,687,8,695,9,704
2,680,11,680,11,691,12,703,13,716
2,680,13,680,13,693,14,707,15,722
2,680,17,680,17,697,18,715,19,734
2,680,19,680,19,699,20,719,21,740
2,681,2,681,2,683,3,686,4,690
2,681,3,681,3,684,4,688,5,693
2,681,5,681,5,686,6,692,7,699
2,681,7,681,7,688,8,696,9,705
2,681,11,681,11,692,12,704,13,717
2,681,13,681,13,694,14,708,15,723
2,681,17,681,17,698,18,716,19,735
2,681,19,681,19,700,20,720,21,741
2,682,2,682,2,684,3,687,4,691
2,682,3,682,3,685,4,689,5,694
2,682,5,682,5,687,6,693,7,700
2,682,7,682,7,689,8,697,9,706
2,682,11,682,11,693,12,705,13,718
2,682,13,682,13,695,14,709,15,724
2,682,17,682,17,699,18,717,19,736
2,682,19,682,19,701,20,721,21,742
2,683,2,683,2,685,3,688,4,692
2,683,3,683,3,686,4,690,5,695
2,683,5,683,5,688,6,694,7,701
2,683,7,683,7,690,8,698,9,707
2,683,11,683,11,694,12,706,13,719
2,683,13,683,13,696,14,710,15,725
2,683,17,683,17,700,18,718,19,737
2,683,19,683,19,702,20,722,21,743
2,684,2,684,2,686,3,689,4,693
2,684,3,684,3,687,4,691,5,696
2,684,5,684,5,689,6,695,7,702
2,684,7,684,7,691,8,699,9,708
2,684,11,684,11,695,12,707,13,720
2,684,13,684,13,697,14,711,15,726
2,684,17,684,17,701,18,719,19,738
2,684,19,684,19,703,20,723,21,744
2,685,2,685,2,687,3,690,4,694
2,685,3,685,3,688,4,692,5,697
2,685,5,685,5,690,6,696,7,703
2,685,7,685,7,692,8,700,9,709
2,685,11,685,11,696,12,708,13,721
2,685,13,685,13,698,14,712,15,727
2,685,17,685,17,702,18,720,19,739
2,685,19,685,19,704,20,724,21,745
2,686,2,686,2,688,3,691,4,695
2,686,3,686,3,689,4,693,5,698
2,686,5,686,5,691,6,697,7,704
2,686,7,686,7,693,8,701,9,710
2,686,11,686,11,697,12,709,13,722
2,686,13,686,13,699,14,713,15,728
2,686,17,686,17,703,18,721,19,740
2,686,19,686,19,705,20,725,21,746
2,687,2,687,2,689,3,692,4,696
2,687,3,687,3,690,4,694,5,699
2,687,5,687,5,692,6,698,7,705
2,687,7,687,7,694,8,702,9,711
2,687,11,687,11,698,12,710,13,723
2,687,13,687,13,700,14,714,15,729
2,687,17,687,17,704,18,722,19,741
2,687,19,687,19,706,20,726,21,747
2,688,2,688,2,690,3,693,4,697
2,688,3,688,3,691,4,695,5,700
2,688,5,688,5,693,6,699,7,706
2,688,7,688,7,695,8,703,9,712
2,688,11,688,11,699,12,711,13,724
2,688,13,688,13,701,14,715,15,730
2,688,17,688,17,705,18,723,19,742
2,688,19,688,19,707,20,727,21,748
2,689,2,689,2,691,3,694,4,698
2,689,3,689,3,692,4,696,5,701
2,689,5,689,5,694,6,700,7,707
2,689,7,689,7,696,8,704,9,713
2,689,11,689,11,700,12,712,13,725
2,689,13,689,13,702,14,716,15,731
2,689,17,689,17,706,18,724,19,743
2,689,19,689,19,708,20,728,21,749
2,690,2,690,2,692,3,695,4,699
2,690,3,690,3,693,4,697,5,702
2,690,5,690,5,695,6,701,7,708
2,690,7,690,7,697,8,705,9,714
2,690,11,690,11,701,12,713,13,726
2,690,13,690,13,703,14,717,15,732
2,690,17,690,17,707,18,725,19,744
2,690,19,690,19,709,20,729,21,750
2,691,2,691,2,693,3,696,4,700
2,691,3,691,3,694,4,698,5,703
2,691,5,691,5,696,6,702,7,709
2,691,7,691,7,698,8,706,9,715
2,691,11,691,11,702,12,714,13,727
2,691,13,691,13,704,14,718,15,733
2,691,17,691,17,708,18,726,19,745
2,691,19,691,19,710,20,730,21,751
2,692,2,692,2,694,3,697,4,701
2,692,3,692,3,695,4,699,5,704
2,692,5,692,5,697,6,703,7,710
2,692,7,692,7,699,8,707,9,716
2,692,11,692,11,703,12,715,13,728
2,692,13,692,13,705,14,719,15,734
2,692,17,692,17,709,18,727,19,746
2,692,19,692,19,711,20,731,21,752
2,693,2,693,2,695,3,698,4,702
2,693,3,693,3,696,4,700,5,705
2,693,5,693,5,698,6,704,7,711
2,693,7,693,7,700,8,708,9,717
2,693,11,693,11,704,12,716,13,729
2,693,13,693,13,706,14,720,15,735
2,693,17,693,17,710,18,728,19,747
2,693,19,693,19,712,20,732,21,753
2,694,2,694,2,696,3,699,4,703
2,694,3,694,3,697,4,701,5,706
2,694,5,694,5,699,6,705,7,712
2,694,7,694,7,701,8,709,9,718
2,694,11,694,11,705,12,717,13,730
2,694,13,694,13,707,14,721,15,736
2,694,17,694,17,711,18,729,19,748
2,694,19,694,19,713,20,733,21,754
2,695,2,695,2,697,3,700,4,704
2,695,3,695,3,698,4,702,5,707
2,695,5,695,5,700,6,706,7,713
2,695,7,695,7,702,8,710,9,719
2,695,11,695,11,706,12,718,13,731
2,695,13,695,13,708,14,722,15,737
2,695,17,695,17,712,18,730,19,749
2,695,19,695,19,714,20,734,21,755
2,696,2,696,2,698,3,701,4,705
2,696,3,696,3,699,4,703,5,708
2,696,5,696,5,701,6,707,7,714
2,696,7,696,7,703,8,711,9,720
2,696,11,696,11,707,12,719,13,732
2,696,13,696,13,709,14,723,15,738
2,696,17,696,17,713,18,731,19,750
2,696,19,696,19,715,20,735,21,756
2,697,2,697,2,699,3,702,4,706
2,697,3,697,3,700,4,704,5,709
2,697,5,697,5,702,6,708,7,715
2,697,7,697,7,704,8,712,9,721
2,697,11,697,11,708,12,720,13,733
2,697,13,697,13,710,14,724,15,739
2,697,17,697,17,714,18,732,19,751
2,697,19,697,19,716,20,736,21,757
2,698,2,698,2,700,3,703,4,707
2,698,3,698,3,701,4,705,5,710
2,698,5,698,5,703,6,709,7,716
2,698,7,698,7,705,8,713,9,722
2,698,11,698,11,709,12,721,13,734
2,698,13,698,13,711,14,725,15,740
2,698,17,698,17,715,18,733,19,752
2,698,19,698,19,717,20,737,21,758
2,699,2,699,2,701,3,704,4,708
2,699,3,699,3,702,4,706,5,711
2,699,5,699,5,704,6,710,7,717
2,699,7,699,7,706,8,714,9,723
2,699,11,699,11,710,12,722,13,735
2,699,13,699,13,712,14,726,15,741
2,699,17,699,17,716,18,734,19,753
2,699,19,699,19,718,20,738,21,759
2,700,2,700,2,702,3,705,4,709
2,700,3,700,3,703,4,707,5,712
2,700,5,700,5,705,6,711,7,718
2,700,7,700,7,707,8,715,9,724
2,700,11,700,11,711,12,723,13,736
2,700,13,700,13,713,14,727,15,742
2,700,17,700,17,717,18,735,19,754
2,700,19,700,19,719,20,739,21,760
2,701,2,701,2,703,3,706,4,710
2,701,3,701,3,704,4,708,5,713
2,701,5,701,5,706,6,712,7,719
2,701,7,701,7,708,8,716,9,725
2,701,11,701,11,712,12,724,13,737
2,701,13,701,13,714,14,728,15,743
2,701,17,701,17,718,18,736,19,755
2,701,19,701,19,720,20,740,21,761
2,702,2,702,2,704,3,707,4,711
2,702,3,702,3,705,4,709,5,714
2,702,5,702,5,707,6,713,7,720
2,702,7,702,7,709,8,717,9,726
2,702,11,702,11,713,12,725,13,738
2,702,13,702,13,715,14,729,15,744
2,702,17,702,17,719,18,737,19,756
2,702,19,702,19,721,20,741,21,762
2,703,2,703,2,705,3,708,4,712
2,703,3,703,3,706,4,710,5,715
2,703,5,703,5,708,6,714,7,721
2,703,7,703,7,710,8,718,9,727
2,703,11,703,11,714,12,726,13,739
2,703,13,703,13,716,14,730,15,745
2,703,17,703,17,720,18,738,19,757
2,703,19,703,19,722,20,742,21,763
2,704,2,704,2,706,3,709,4,713
2,704,3,704,3,707,4,711,5,716
2,704,5,704,5,709,6,715,7,722
2,704,7,704,7,711,8,719,9,728
2,704,11,704,11,715,12,727,13,740
2,704,13,704,13,717,14,731,15,746
2,704,17,704,17,721,18,739,19,758
2,704,19,704,19,723,20,743,21,764
2,705,2,705,2,707,3,710,4,714
2,705,3,705,3,708,4,712,5,717
2,705,5,705,5,710,6,716,7,723
2,705,7,705,7,712,8,720,9,729
2,705,11,705,11,716,12,728,13,741
2,705,13,705,13,718,14,732,15,747
2,705,17,705,17,722,18,740,19,759
2,705,19,705,19,724,20,744,21,765
2,706,2,706,2,708,3,711,4,715
2,706,3,706,3,709,4,713,5,718
2,706,5,706,5,711,6,717,7,724
2,706,7,706,7,713,8,721,9,730
2,706,11,706,11,717,12,729,13,742
2,706,13,706,13,719,14,733,15,748
2,706,17,706,17,723,18,741,19,760
2,706,19,706,19,725,20,745,21,766
2,707,2,707,2,709,3,712,4,716
2,707,3,707,3,710,4,714,5,719
2,707,5,707,5,712,6,718,7,725
2,707,7,707,7,714,8,722,9,731
2,707,11,707,11,718,12,730,13,743
2,707,13,707,13,720,14,734,15,749
2,707,17,707,17,724,18,742,19,761
2,707,19,707,19,726,20,746,21,767
2,708,2,708,2,710,3,713,4,717
2,708,3,708,3,711,4,715,5,720
2,708,5,708,5,713,6,719,7,726
2,708,7,708,7,715,8,723,9,732
2,708,11,708,11,719,12,731,13,744
2,708,13,708,13,721,14,735,15,750
2,708,17,708,17,725,18,743,19,762
2,708,19,708,19,727,20,747,21,768
2,709,2,709,2,711,3,714,4,718
2,709,3,709,3,712,4,716,5,721
2,709,5,709,5,714,6,720,7,727
2,709,7,709,7,716,8,724,9,733
2,709,11,709,11,720,12,732,13,745
2,709,13,709,13,722,14,736,15,751
2,709,17,709,17,726,18,744,19,763
2,709,19,709,19,728,20,748,21,769
2,710,2,710,2,712,3,715,4,719
2,710,3,710,3,713,4,717,5,722
2,710,5,710,5,715,6,721,7,728
2,710,7,710,7,717,8,725,9,734
2,710,11,710,11,721,12,733,13,746
2,710,13,710,13,723,14,737,15,752
2,710,17,710,17,727,18,745,19,764
2,710,19,710,19,729,20,749,21,770
2,711,2,711,2,713,3,716,4,720
2,711,3,711,3,714,4,718,5,723
2,711,5,711,5,716,6,722,7,729
2,711,7,711,7,718,8,726,9,735
2,711,11,711,11,722,12,734,13,747
2,711,13,711,13,724,14,738,15,753
2,711,17,711,17,728,18,746,19,765
2,711,19,711,19,730,20,750,21,771
2,712,2,712,2,714,3,717,4,721
2,712,3,712,3,715,4,719,5,724
2,712,5,712,5,717,6,723,7,730
2,712,7,712,7,719,8,727,9,736
2,712,11,712,11,723,12,735,13,748
2,712,13,712,13,725,14,739,15,754
2,712,17,712,17,729,18,747,19,766
2,712,19,712,19,731,20,751,21,772
2,713,2,713,2,715,3,718,4,722
2,713,3,713,3,716,4,720,5,725
2,713,5,713,5,718,6,724,7,731
2,713,7,713,7,720,8,728,9,737
2,713,11,713,11,724,12,736,13,749
2,713,13,713,13,726,14,740,15,755
2,713,17,713,17,730,18,748,19,767
2,713,19,713,19,732,20,752,21,773
2,714,2,714,2,716,3,719,4,723
2,714,3,714,3,717,4,721,5,726
2,714,5,714,5,719,6,725,7,732
2,714,7,714,7,721,8,729,9,738
2,714,11,714,11,725,12,737,13,750
2,714,13,714,13,727,14,741,15,756
2,714,17,714,17,731,18,749,19,768
2,714,19,714,19,733,20,753,21,774
2,715,2,715,2,717,3,720,4,724
2,715,3,715,3,718,4,722,5,727
2,715,5,715,5,720,6,726,7,733
2,715,7,715,7,722,8,730,9,739
2,715,11,715,11,726,12,738,13,751
2,715,13,715,13,728,14,742,15,757
2,715,17,715,17,732,18,750,19,769
2,715,19,715,19,734,20,754,21,775
2,716,2,716,2,718,3,721,4,725
2,716,3,716,3,719,4,723,5,728
2,716,5,716,5,721,6,727,7,734
2,716,7,716,7,723,8,731,9,740
2,716,11,716,11,727,12,739,13,752
2,716,13,716,13,729,14,743,15,758
2,716,17,716,17,733,18,751,19,770
2,716,19,716,19,735,20,755,21,776
2,717,2,717,2,719,3,722,4,726
2,717,3,717,3,720,4,724,5,729
2,717,5,717,5,722,6,728,7,735
2,717,7,717,7,724,8,732,9,741
2,717,11,717,11,728,12,740,13,753
2,717,13,717,13,730,14,744,15,759
2,717,17,717,17,734,18,752,19,771
2,717,19,717,19,736,20,756,21,777
2,718,2,718,2,720,3,723,4,727
2,718,3,718,3,721,4,725,5,730
2,718,5,718,5,723,6,729,7,736
2,718,7,718,7,725,8,733,9,742
2,718,11,718,11,729,12,741,13,754
2,718,13,718,13,731,14,745,15,760
2,718,17,718,17,735,18,753,19,772
2,718,19,718,19,737,20,757,21,778
2,719,2,719,2,721,3,724,4,728
2,719,3,719,3,722,4,726,5,731
2,719,5,719,5,724,6,730,7,737
2,719,7,719,7,726,8,734,9,743
2,719,11,719,11,730,12,742,13,755
2,719,13,719,13,732,14,746,15,761
2,719,17,719,17,736,18,754,19,773
2,719,19,719,19,738,20,758,21,779
2,720,2,720,2,722,3,725,4,729
2,720,3,720,3,723,4,727,5,732
2,720,5,720,5,725,6,731,7,738
2,720,7,720,7,727,8,735,9,744
2,720,11,720,11,731,12,743,13,756
2,720,13,720,13,733,14,747,15,762
2,720,17,720,17,737,18,755,19,774
2,720,19,720,19,739,20,759,21,780
2,721,2,721,2,723,3,726,4,730
2,721,3,721,3,724,4,728,5,733
2,721,5,721,5,726,6,732,7,739
2,721,7,721,7,728,8,736,9,745
2,721,11,721,11,732,12,744,13,757
2,721,13,721,13,734,14,748,15,763
2,721,17,721,17,738,18,756,19,775
2,721,19,721,19,740,20,760,21,781
2,722,2,722,2,724,3,727,4,731
2,722,3,722,3,725,4,729,5,734
2,722,5,722,5,727,6,733,7,740
2,722,7,722,7,729,8,737,9,746
2,722,11,722,11,733,12,745,13,758
2,722,13,722,13,735,14,749,15,764
2,722,17,722,17,739,18,757,19,776
2,722,19,722,19,741,20,761,21,782
2,723,2,723,2,725,3,728,4,732
2,723,3,723,3,726,4,730,5,735
2,723,5,723,5,728,6,734,7,741
2,723,7,723,7,730,8,738,9,747
2,723,11,723,11,734,12,746,13,759
2,723,13,723,13,736,14,750,15,765
2,723,17,723,17,740,18,758,19,777
2,723,19,723,19,742,20,762,21,783
2,724,2,724,2,726,3,729,4,733
2,724,3,724,3,727,4,731,5,736
2,724,5,724,5,729,6,735,7,742
2,724,7,724,7,731,8,739,9,748
2,724,11,724,11,735,12,747,13,760
2,724,13,724,13,737,14,751,15,766
2,724,17,724,17,741,18,759,19,778
2,724,19,724,19,743,20,763,21,784
2,725,2,725,2,727,3,730,4,734
2,725,3,725,3,728,4,732,5,737
2,725,5,725,5,730,6,736,7,743
2,725,7,725,7,732,8,740,9,749
2,725,11,725,11,736,12,748,13,761
2,725,13,725,13,738,14,752,15,767
2,725,17,725,17,742,18,760,19,779
2,725,19,725,19,744,20,764,21,785
2,726,2,726,2,728,3,731,4,735
2,726,3,726,3,729,4,733,5,738
2,726,5,726,5,731,6,737,7,744
2,726,7,726,7,733,8,741,9,750
2,726,11,726,11,737,12,749,13,762
2,726,13,726,13,739,14,753,15,768
2,726,17,726,17,743,18,761,19,780
2,726,19,726,19,745,20,765,21,786
2,727,2,727,2,729,3,732,4,736
2,727,3,727,3,730,4,734,5,739
2,727,5,727,5,732,6,738,7,745
2,727,7,727,7,734,8,742,9,751
2,727,11,727,11,738,12,750,13,763
2,727,13,727,13,740,14,754,15,769
2,727,17,727,17,744,18,762,19,781
2,727,19,727,19,746,20,766,21,787
2,728,2,728,2,730,3,733,4,737
2,728,3,728,3,731,4,735,5,740
2,728,5,728,5,733,6,739,7,746
2,728,7,728,7,735,8,743,9,752
2,728,11,728,11,739,12,751,13,764
2,728,13,728,13,741,14,755,15,770
2,728,17,728,17,745,18,763,19,782
2,728,19,728,19,747,20,767,21,788
2,729,2,729,2,731,3,734,4,738
2,729,3,729,3,732,4,736,5,741
2,729,5,729,5,734,6,740,7,747
2,729,7,729,7,736,8,744,9,753
2,729,11,729,11,740,12,752,13,765
2,729,13,729,13,742,14,756,15,771
2,729,17,729,17,746,18,764,19,783
2,729,19,729,19,748,20,768,21,789
2,730,2,730,2,732,3,735,4,739
2,730,3,730,3,733,4,737,5,742
2,730,5,730,5,735,6,741,7,748
2,730,7,730,7,737,8,745,9,754
2,730,11,730,11,741,12,753,13,766
2,730,13,730,13,743,14,757,15,772
2,730,17,730,17,747,18,765,19,784
2,730,19,730,19,749,20,769,21,790
2,731,2,731,2,733,3,736,4,740
2,731,3,731,3,734,4,738,5,743
2,731,5,731,5,736,6,742,7,749
2,731,7,731,7,738,8,746,9,755
2,731,11,731,11,742,12,754,13,767
2,731,13,731,13,744,14,758,15,773
2,731,17,731,17,748,18,766,19,785
2,731,19,731,19,750,20,770,21,791
2,732,2,732,2,734,3,737,4,741
2,732,3,732,3,735,4,739,5,744
2,732,5,732,5,737,6,743,7,750
2,732,7,732,7,739,8,747,9,756
2,732,11,732,11,743,12,755,13,768
2,732,13,732,13,745,14,759,15,774
2,732,17,732,17,749,18,767,19,786
2,732,19,732,19,751,20,771,21,792
2,733,2,733,2,735,3,738,4,742
2,733,3,733,3,736,4,740,5,745
2,733,5,733,5,738,6,744,7,751
2,733,7,733,7,740,8,748,9,757
2,733,11,733,11,744,12,756,13,769
2,733,13,733,13,746,14,760,15,775
2,733,17,733,17,750,18,768,19,787
2,733,19,733,19,752,20,772,21,793
2,734,2,734,2,736,3,739,4,743
2,734,3,734,3,737,4,741,5,746
2,734,5,734,5,739,6,745,7,752
2,734,7,734,7,741,8,749,9,758
2,734,11,734,11,745,12,757,13,770
2,734,13,734,13,747,14,761,15,776
2,734,17,734,17,751,18,769,19,788
2,734,19,734,19,753,20,773,21,794
2,735,2,735,2,737,3,740,4,744
2,735,3,735,3,738,4,742,5,747
2,735,5,735,5,740,6,746,7,753
2,735,7,735,7,742,8,750,9,759
2,735,11,735,11,746,12,758,13,771
2,735,13,735,13,748,14,762,15,777
2,735,17,735,17,752,18,770,19,789
2,735,19,735,19,754,20,774,21,795
2,736,2,736,2,738,3,741,4,745
2,736,3,736,3,739,4,743,5,748
2,736,5,736,5,741,6,747,7,754
2,736,7,736,7,743,8,751,9,760
2,736,11,736,11,747,12,759,13,772
2,736,13,736,13,749,14,763,15,778
2,736,17,736,17,753,18,771,19,790
2,736,19,736,19,755,20,775,21,796
2,737,2,737,2,739,3,742,4,746
2,737,3,737,3,740,4,744,5,749
2,737,5,737,5,742,6,748,7,755
2,737,7,737,7,744,8,752,9,761
2,737,11,737,11,748,12,760,13,773
2,737,13,737,13,750,14,764,15,779
2,737,17,737,17,754,18,772,19,791
2,737,19,737,19,756,20,776,21,797
2,738,2,738,2,740,3,743,4,747
2,738,3,738,3,741,4,745,5,750
2,738,5,738,5,743,6,749,7,756
2,738,7,738,7,745,8,753,9,762
2,738,11,738,11,749,12,761,13,774
2,738,13,738,13,751,14,765,15,780
2,738,17,738,17,755,18,773,19,792
2,738,19,738,19,757,20,777,21,798
2,739,2,739,2,741,3,744,4,748
2,739,3,739,3,742,4,746,5,751
2,739,5,739,5,744,6,750,7,757
2,739,7,739,7,746,8,754,9,763
2,739,11,739,11,750,12,762,13,775
2,739,13,739,13,752,14,766,15,781
2,739,17,739,17,756,18,774,19,793
2,739,19,739,19,758,20,778,21,799
2,740,2,740,2,742,3,745,4,749
2,740,3,740,3,743,4,747,5,752
2,740,5,740,5,745,6,751,7,758
2,740,7,740,7,747,8,755,9,764
2,740,11,740,11,751,12,763,13,776
2,740,13,740,13,753,14,767,15,782
2,740,17,740,17,757,18,775,19,794
2,740,19,740,19,759,20,779,21,800
2,741,2,741,2,743,3,746,4,750
2,741,3,741,3,744,4,748,5,753
2,741,5,741,5,746,6,752,7,759
2,741,7,741,7,748,8,756,9,765
2,741,11,741,11,752,12,764,13,777
2,741,13,741,13,754,14,768,15,783
2,741,17,741,17,758,18,776,19,795
2,741,19,741,19,760,20,780,21,801
2,742,2,742,2,744,3,747,4,751
2,742,3,742,3,745,4,749,5,754
2,742,5,742,5,747,6,753,7,760
2,742,7,742,7,749,8,757,9,766
2,742,11,742,11,753,12,765,13,778
2,742,13,742,13,755,14,769,15,784
2,742,17,742,17,759,18,777,19,796
2,742,19,742,19,761,20,781,21,802
2,743,2,743,2,745,3,748,4,752
2,743,3,743,3,746,4,750,5,755
2,743,5,743,5,748,6,754,7,761
2,743,7,743,7,750,8,758,9,767
2,743,11,743,11,754,12,766,13,779
2,743,13,743,13,756,14,770,15,785
2,743,17,743,17,760,18,778,19,797
2,743,19,743,19,762,20,782,21,803
2,744,2,744,2,746,3,749,4,753
2,744,3,744,3,747,4,751,5,756
2,744,5,744,5,749,6,755,7,762
2,744,7,744,7,751,8,759,9,768
2,744,11,744,11,755,12,767,13,780
2,744,13,744,13,757,14,771,15,786
2,744,17,744,17,761,18,779,19,798
2,744,19,744,19,763,20,783,21,804
2,745,2,745,2,747,3,750,4,754
2,745,3,745,3,748,4,752,5,757
2,745,5,745,5,750,6,756,7,763
2,745,7,745,7,752,8,760,9,769
2,745,11,745,11,756,12,768,13,781
2,745,13,745,13,758,14,772,15,787
2,745,17,745,17,762,18,780,19,799
2,745,19,745,19,764,20,784,21,805
2,746,2,746,2,748,3,751,4,755
2,746,3,746,3,749,4,753,5,758
2,746,5,746,5,751,6,757,7,764
2,746,7,746,7,753,8,761,9,770
2,746,11,746,11,757,12,769,13,782
2,746,13,746,13,759,14,773,15,788
2,746,17,746,17,763,18,781,19,800
2,746,19,746,19,765,20,785,21,806
2,747,2,747,2,749,3,752,4,756
2,747,3,747,3,750,4,754,5,759
2,747,5,747,5,752,6,758,7,765
2,747,7,747,7,754,8,762,9,771
2,747,11,747,11,758,12,770,13,783
2,747,13,747,13,760,14,774,15,789
2,747,17,747,17,764,18,782,19,801
2,747,19,747,19,766,20,786,21,807
2,748,2,748,2,750,3,753,4,757
2,748,3,748,3,751,4,755,5,760
2,748,5,748,5,753,6,759,7,766
2,748,7,748,7,755,8,763,9,772
2,748,11,748,11,759,12,771,13,784
2,748,13,748,13,761,14,775,15,790
2,748,17,748,17,765,18,783,19,802
2,748,19,748,19,767,20,787,21,808
2,749,2,749,2,751,3,754,4,758
2,749,3,749,3,752,4,756,5,761
2,749,5,749,5,754,6,760,7,767
2,749,7,749,7,756,8,764,9,773
2,749,11,749,11,760,12,772,13,785
2,749,13,749,13,762,14,776,15,791
2,749,17,749,17,766,18,784,19,803
2,749,19,749,19,768,20,788,21,809
2,750,2,750,2,752,3,755,4,759
2,750,3,750,3,753,4,757,5,762
2,750,5,750,5,755,6,761,7,768
2,750,7,750,7,757,8,765,9,774
2,750,11,750,11,761,12,773,13,786
2,750,13,750,13,763,14,777,15,792
2,750,17,750,17,767,18,785,19,804
2,750,19,750,19,769,20,789,21,810
2,751,2,751,2,753,3,756,4,760
2,751,3,751,3,754,4,758,5,763
2,751,5,751,5,756,6,762,7,769
2,751,7,751,7,758,8,766,9,775
2,751,11,751,11,762,12,774,13,787
2,751,13,751,13,764,14,778,15,793
2,751,17,751,17,768,18,786,19,805
2,751,19,751,19,770,20,790,21,811
2,752,2,752,2,754,3,757,4,761
2,752,3,752,3,755,4,759,5,764
2,752,5,752,5,757,6,763,7,770
2,752,7,752,7,759,8,767,9,776
2,752,11,752,11,763,12,775,13,788
2,752,13,752,13,765,14,779,15,794
2,752,17,752,17,769,18,787,19,806
2,752,19,752,19,771,20,791,21,812
2,753,2,753,2,755,3,758,4,762
2,753,3,753,3,756,4,760,5,765
2,753,5,753,5,758,6,764,7,771
2,753,7,753,7,760,8,768,9,777
2,753,11,753,11,764,12,776,13,789
2,753,13,753,13,766,14,780,15,795
2,753,17,753,17,770,18,788,19,807
2,753,19,753,19,772,20,792,21,813
2,754,2,754,2,756,3,759,4,763
2,754,3,754,3,757,4,761,5,766
2,754,5,754,5,759,6,765,7,772
2,754,7,754,7,761,8,769,9,778
2,754,11,754,11,765,12,777,13,790
2,754,13,754,13,767,14,781,15,796
2,754,17,754,17,771,18,789,19,808
2,754,19,754,19,773,20,793,21,814
2,755,2,755,2,757,3,760,4,764
2,755,3,755,3,758,4,762,5,767
2,755,5,755,5,760,6,766,7,773
2,755,7,755,7,762,8,770,9,779
2,755,11,755,11,766,12,778,13,791
2,755,13,755,13,768,14,782,15,797
2,755,17,755,17,772,18,790,19,809
2,755,19,755,19,774,20,794,21,815
2,756,2,756,2,758,3,761,4,765
2,756,3,756,3,759,4,763,5,768
2,756,5,756,5,761,6,767,7,774
2,756,7,756,7,763,8,771,9,780
2,756,11,756,11,767,12,779,13,792
2,756,13,756,13,769,14,783,15,798
2,756,17,756,17,773,18,791,19,810
2,756,19,756,19,775,20,795,21,816
2,757,2,757,2,759,3,762,4,766
2,757,3,757,3,760,4,764,5,769
2,757,5,757,5,762,6,768,7,775
2,757,7,757,7,764,8,772,9,781
2,757,11,757,11,768,12,780,13,793
2,757,13,757,13,770,14,784,15,799
2,757,17,757,17,774,18,792,19,811
2,757,19,757,19,776,20,796,21,817
2,758,2,758,2,760,3,763,4,767
2,758,3,758,3,761,4,765,5,770
2,758,5,758,5,763,6,769,7,776
2,758,7,758,7,765,8,773,9,782
2,758,11,758,11,769,12,781,13,794
2,758,13,758,13,771,14,785,15,800
2,758,17,758,17,775,18,793,19,812
2,758,19,758,19,777,20,797,21,818
2,759,2,759,2,761,3,764,4,768
2,759,3,759,3,762,4,766,5,771
2,759,5,759,5,764,6,770,7,777
2,759,7,759,7,766,8,774,9,783
2,759,11,759,11,770,12,782,13,795
2,759,13,759,13,772,14,786,15,801
2,759,17,759,17,776,18,794,19,813
2,759,19,759,19,778,20,798,21,819
2,760,2,760,2,762,3,765,4,769
2,760,3,760,3,763,4,767,5,772
2,760,5,760,5,765,6,771,7,778
2,760,7,760,7,767,8,775,9,784
2,760,11,760,11,771,12,783,13,796
2,760,13,760,13,773,14,787,15,802
2,760,17,760,17,777,18,795,19,814
2,760,19,760,19,779,20,799,21,820
2,761,2,761,2,763,3,766,4,770
2,761,3,761,3,764,4,768,5,773
2,761,5,761,5,766,6,772,7,779
2,761,7,761,7,768,8,776,9,785
2,761,11,761,11,772,12,784,13,797
2,761,13,761,13,774,14,788,15,803
2,761,17,761,17,778,18,796,19,815
2,761,19,761,19,780,20,800,21,821
2,762,2,762,2,764,3,767,4,771
2,762,3,762,3,765,4,769,5,774
2,762,5,762,5,767,6,773,7,780
2,762,7,762,7,769,8,777,9,786
2,762,11,762,11,773,12,785,13,798
2,762,13,762,13,775,14,789,15,804
2,762,17,762,17,779,18,797,19,816
2,762,19,762,19,781,20,801,21,822
2,763,2,763,2,765,3,768,4,772
2,763,3,763,3,766,4,770,5,775
2,763,5,763,5,768,6,774,7,781
2,763,7,763,7,770,8,778,9,787
2,763,11,763,11,774,12,786,13,799
2,763,13,763,13,776,14,790,15,805
2,763,17,763,17,780,18,798,19,817
2,763,19,763,19,782,20,802,21,823
2,764,2,764,2,766,3,769,4,773
2,764,3,764,3,767,4,771,5,776
2,764,5,764,5,769,6,775,7,782
2,764,7,764,7,771,8,779,9,788
2,764,11,764,11,775,12,787,13,800
2,764,13,764,13,777,14,791,15,806
2,764,17,764,17,781,18,799,19,818
2,764,19,764,19,783,20,803,21,824
2,765,2,765,2,767,3,770,4,774
2,765,3,765,3,768,4,772,5,777
2,765,5,765,5,770,6,776,7,783
2,765,7,765,7,772,8,780,9,789
2,765,11,765,11,776,12,788,13,801
2,765,13,765,13,778,14,792,15,807
2,765,17,765,17,782,18,800,19,819
2,765,19,765,19,784,20,804,21,825
2,766,2,766,2,768,3,771,4,775
2,766,3,766,3,769,4,773,5,778
2,766,5,766,5,771,6,777,7,784
2,766,7,766,7,773,8,781,9,790
2,766,11,766,11,777,12,789,13,802
2,766,13,766,13,779,14,793,15,808
2,766,17,766,17,783,18,801,19,820
2,766,19,766,19,785,20,805,21,826
2,767,2,767,2,769,3,772,4,776
2,767,3,767,3,770,4,774,5,779
2,767,5,767,5,772,6,778,7,785
2,767,7,767,7,774,8,782,9,791
2,767,11,767,11,778,12,790,13,803
2,767,13,767,13,780,14,794,15,809
2,767,17,767,17,784,18,802,19,821
2,767,19,767,19,786,20,806,21,827
2,768,2,768,2,770,3,773,4,777
2,768,3,768,3,771,4,775,5,780
2,768,5,768,5,773,6,779,7,786
2,768,7,768,7,775,8,783,9,792
2,768,11,768,11,779,12,791,13,804
2,768,13,768,13,781,14,795,15,810
2,768,17,768,17,785,18,803,19,822
2,768,19,768,19,787,20,807,21,828
2,769,2,769,2,771,3,774,4,778
2,769,3,769,3,772,4,776,5,781
2,769,5,769,5,774,6,780,7,787
2,769,7,769,7,776,8,784,9,793
2,769,11,769,11,780,12,792,13,805
2,769,13,769,13,782,14,796,15,811
2,769,17,769,17,786,18,804,19,823
2,769,19,769,19,788,20,808,21,829
2,770,2,770,2,772,3,775,4,779
2,770,3,770,3,773,4,777,5,782
2,770,5,770,5,775,6,781,7,788
2,770,7,770,7,777,8,785,9,794
2,770,11,770,11,781,12,793,13,806
2,770,13,770,13,783,14,797,15,812
2,770,17,770,17,787,18,805,19,824
2,770,19,770,19,789,20,809,21,830
2,771,2,771,2,773,3,776,4,780
2,771,3,771,3,774,4,778,5,783
2,771,5,771,5,776,6,782,7,789
2,771,7,771,7,778,8,786,9,795
2,771,11,771,11,782,12,794,13,807
2,771,13,771,13,784,14,798,15,813
2,771,17,771,17,788,18,806,19,825
2,771,19,771,19,790,20,810,21,831
2,772,2,772,2,774,3,777,4,781
2,772,3,772,3,775,4,779,5,784
2,772,5,772,5,777,6,783,7,790
2,772,7,772,7,779,8,787,9,796
2,772,11,772,11,783,12,795,13,808
2,772,13,772,13,785,14,799,15,814
2,772,17,772,17,789,18,807,19,826
2,772,19,772,19,791,20,811,21,832
2,773,2,773,2,775,3,778,4,782
2,773,3,773,3,776,4,780,5,785
2,773,5,773,5,778,6,784,7,791
2,773,7,773,7,780,8,788,9,797
2,773,11,773,11,784,12,796,13,809
2,773,13,773,13,786,14,800,15,815
2,773,17,773,17,790,18,808,19,827
2,773,19,773,19,792,20,812,21,833
2,774,2,774,2,776,3,779,4,783
2,774,3,774,3,777,4,781,5,786
2,774,5,774,5,779,6,785,7,792
2,774,7,774,7,781,8,789,9,798
2,774,11,774,11,785,12,797,13,810
2,774,13,774,13,787,14,801,15,816
2,774,17,774,17,791,18,809,19,828
2,774,19,774,19,793,20,813,21,834
2,775,2,775,2,777,3,780,4,784
2,775,3,775,3,778,4,782,5,787
2,775,5,775,5,780,6,786,7,793
2,775,7,775,7,782,8,790,9,799
2,775,11,775,11,786,12,798,13,811
2,775,13,775,13,788,14,802,15,817
2,775,17,775,17,792,18,810,19,829
2,775,19,775,19,794,20,814,21,835
2,776,2,776,2,778,3,781,4,785
2,776,3,776,3,779,4,783,5,788
2,776,5,776,5,781,6,787,7,794
2,776,7,776,7,783,8,791,9,800
2,776,11,776,11,787,12,799,13,812
2,776,13,776,13,789,14,803,15,818
2,776,17,776,17,793,18,811,19,830
2,776,19,776,19,795,20,815,21,836
2,777,2,777,2,779,3,782,4,786
2,777,3,777,3,780,4,784,5,789
2,777,5,777,5,782,6,788,7,795
2,777,7,777,7,784,8,792,9,801
2,777,11,777,11,788,12,800,13,813
2,777,13,777,13,790,14,804,15,819
2,777,17,777,17,794,18,812,19,831
2,777,19,777,19,796,20,816,21,837
2,778,2,778,2,780,3,783,4,787
2,778,3,778,3,781,4,785,5,790
2,778,5,778,5,783,6,789,7,796
2,778,7,778,7,785,8,793,9,802
2,778,11,778,11,789,12,801,13,814
2,778,13,778,13,791,14,805,15,820
2,778,17,778,17,795,18,813,19,832
2,778,19,778,19,797,20,817,21,838
2,779,2,779,2,781,3,784,4,788
2,779,3,779,3,782,4,786,5,791
2,779,5,779,5,784,6,790,7,797
2,779,7,779,7,786,8,794,9,803
2,779,11,779,11,790,12,802,13,815
2,779,13,779,13,792,14,806,15,821
2,779,17,779,17,796,18,814,19,833
2,779,19,779,19,798,20,818,21,839
2,780,2,780,2,782,3,785,4,789
2,780,3,780,3,783,4,787,5,792
2,780,5,780,5,785,6,791,7,798
2,780,7,780,7,787,8,795,9,804
2,780,11,780,11,791,12,803,13,816
2,780,13,780,13,793,14,807,15,822
2,780,17,780,17,797,18,815,19,834
2,780,19,780,19,799,20,819,21,840
2,781,2,781,2,783,3,786,4,790
2,781,3,781,3,784,4,788,5,793
2,781,5,781,5,786,6,792,7,799
2,781,7,781,7,788,8,796,9,805
2,781,11,781,11,792,12,804,13,817
2,781,13,781,13,794,14,808,15,823
2,781,17,781,17,798,18,816,19,835
2,781,19,781,19,800,20,820,21,841
2,782,2,782,2,784,3,787,4,791
2,782,3,782,3,785,4,789,5,794
2,782,5,782,5,787,6,793,7,800
2,782,7,782,7,789,8,797,9,806
2,782,11,782,11,793,12,805,13,818
2,782,13,782,13,795,14,809,15,824
2,782,17,782,17,799,18,817,19,836
2,782,19,782,19,801,20,821,21,842
2,783,2,783,2,785,3,788,4,792
2,783,3,783,3,786,4,790,5,795
2,783,5,783,5,788,6,794,7,801
2,783,7,783,7,790,8,798,9,807
2,783,11,783,11,794,12,806,13,819
2,783,13,783,13,796,14,810,15,825
2,783,17,783,17,800,18,818,19,837
2,783,19,783,19,802,20,822,21,843
2,784,2,784,2,786,3,789,4,793
2,784,3,784,3,787,4,791,5,796
2,784,5,784,5,789,6,795,7,802
2,784,7,784,7,791,8,799,9,808
2,784,11,784,11,795,12,807,13,820
2,784,13,784,13,797,14,811,15,826
2,784,17,784,17,801,18,819,19,838
2,784,19,784,19,803,20,823,21,844
2,785,2,785,2,787,3,790,4,794
2,785,3,785,3,788,4,792,5,797
2,785,5,785,5,790,6,796,7,803
2,785,7,785,7,792,8,800,9,809
2,785,11,785,11,796,12,808,13,821
2,785,13,785,13,798,14,812,15,827
2,785,17,785,17,802,18,820,19,839
2,785,19,785,19,804,20,824,21,845
2,786,2,786,2,788,3,791,4,795
2,786,3,786,3,789,4,793,5,798
2,786,5,786,5,791,6,797,7,804
2,786,7,786,7,793,8,801,9,810
2,786,11,786,11,797,12,809,13,822
2,786,13,786,13,799,14,813,15,828
2,786,17,786,17,803,18,821,19,840
2,786,19,786,19,805,20,825,21,846
2,787,2,787,2,789,3,792,4,796
2,787,3,787,3,790,4,794,5,799
2,787,5,787,5,792,6,798,7,805
2,787,7,787,7,794,8,802,9,811
2,787,11,787,11,798,12,810,13,823
2,787,13,787,13,800,14,814,15,829
2,787,17,787,17,804,18,822,19,841
2,787,19,787,19,806,20,826,21,847
2,788,2,788,2,790,3,793,4,797
2,788,3,788,3,791,4,795,5,800
2,788,5,788,5,793,6,799,7,806
2,788,7,788,7,795,8,803,9,812
2,788,11,788,11,799,12,811,13,824
2,788,13,788,13,801,14,815,15,830
2,788,17,788,17,805,18,823,19,842
2,788,19,788,19,807,20,827,21,848
2,789,2,789,2,791,3,794,4,798
2,789,3,789,3,792,4,796,5,801
2,789,5,789,5,794,6,800,7,807
2,789,7,789,7,796,8,804,9,813
2,789,11,789,11,800,12,812,13,825
2,789,13,789,13,802,14,816,15,831
2,789,17,789,17,806,18,824,19,843
2,789,19,789,19,808,20,828,21,849
2,790,2,790,2,792,3,795,4,799
2,790,3,790,3,793,4,797,5,802
2,790,5,790,5,795,6,801,7,808
2,790,7,790,7,797,8,805,9,814
2,790,11,790,11,801,12,813,13,826
2,790,13,790,13,803,14,817,15,832
2,790,17,790,17,807,18,825,19,844
2,790,19,790,19,809,20,829,21,850
2,791,2,791,2,793,3,796,4,800
2,791,3,791,3,794,4,798,5,803
2,791,5,791,5,796,6,802,7,809
2,791,7,791,7,798,8,806,9,815
2,791,11,791,11,802,12,814,13,827
2,791,13,791,13,804,14,818,15,833
2,791,17,791,17,808,18,826,19,845
2,791,19,791,19,810,20,830,21,851
2,792,2,792,2,794,3,797,4,801
2,792,3,792,3,795,4,799,5,804
2,792,5,792,5,797,6,803,7,810
2,792,7,792,7,799,8,807,9,816
2,792,11,792,11,803,12,815,13,828
2,792,13,792,13,805,14,819,15,834
2,792,17,792,17,809,18,827,19,846
2,792,19,792,19,811,20,831,21,852
2,793,2,793,2,795,3,798,4,802
2,793,3,793,3,796,4,800,5,805
2,793,5,793,5,798,6,804,7,811
2,793,7,793,7,800,8,808,9,817
2,793,11,793,11,804,12,816,13,829
2,793,13,793,13,806,14,820,15,835
2,793,17,793,17,810,18,828,19,847
2,793,19,793,19,812,20,832,21,853
2,794,2,794,2,796,3,799,4,803
2,794,3,794,3,797,4,801,5,806
2,794,5,794,5,799,6,805,7,812
2,794,7,794,7,801,8,809,9,818
2,794,11,794,11,805,12,817,13,830
2,794,13,794,13,807,14,821,15,836
2,794,17,794,17,811,18,829,19,848
2,794,19,794,19,813,20,833,21,854
2,795,2,795,2,797,3,800,4,804
2,795,3,795,3,798,4,802,5,807
2,795,5,795,5,800,6,806,7,813
2,795,7,795,7,802,8,810,9,819
2,795,11,795,11,806,12,818,13,831
2,795,13,795,13,808,14,822,15,837
2,795,17,795,17,812,18,830,19,849
2,795,19,795,19,814,20,834,21,855
2,796,2,796,2,798,3,801,4,805
2,796,3,796,3,799,4,803,5,808
2,796,5,796,5,801,6,807,7,814
2,796,7,796,7,803,8,811,9,820
2,796,11,796,11,807,12,819,13,832
2,796,13,796,13,809,14,823,15,838
2,796,17,796,17,813,18,831,19,850
2,796,19,796,19,815,20,835,21,856
2,797,2,797,2,799,3,802,4,806
2,797,3,797,3,800,4,804,5,809
2,797,5,797,5,802,6,808,7,815
2,797,7,797,7,804,8,812,9,821
2,797,11,797,11,808,12,820,13,833
2,797,13,797,13,810,14,824,15,839
2,797,17,797,17,814,18,832,19,851
2,797,19,797,19,816,20,836,21,857
2,798,2,798,2,800,3,803,4,807
2,798,3,798,3,801,4,805,5,810
2,798,5,798,5,803,6,809,7,816
2,798,7,798,7,805,8,813,9,822
2,798,11,798,11,809,12,821,13,834
2,798,13,798,13,811,14,825,15,840
2,798,17,798,17,815,18,833,19,852
2,798,19,798,19,817,20,837,21,858
2,799,2,799,2,801,3,804,4,808
2,799,3,799,3,802,4,806,5,811
2,799,5,799,5,804,6,810,7,817
2,799,7,799,7,806,8,814,9,823
2,799,11,799,11,810,12,822,13,835
2,799,13,799,13,812,14,826,15,841
2,799,17,799,17,816,18,834,19,853
2,799,19,799,19,818,20,838,21,859
2,800,2,800,2,802,3,805,4,809
2,800,3,800,3,803,4,807,5,812
2,800,5,800,5,805,6,811,7,818
2,800,7,800,7,807,8,815,9,824
2,800,11,800,11,811,12,823,13,836
2,800,13,800,13,813,14,827,15,842
2,800,17,800,17,817,18,835,19,854
2,800,19,800,19,819,20,839,21,860
3,801,2,801,2,803,3,806,4,810
3,801,3,801,3,804,4,808,5,813
3,801,5,801,5,806,6,812,7,819
3,801,7,801,7,808,8,816,9,825
3,801,11,801,11,812,12,824,13,837
3,801,13,801,13,814,14,828,15,843
3,801,17,801,17,818,18,836,19,855
3,801,19,801,19,820,20,840,21,861
3,802,2,802,2,804,3,807,4,811
3,802,3,802,3,805,4,809,5,814
3,802,5,802,5,807,6,813,7,820
3,802,7,802,7,809,8,817,9,826
3,802,11,802,11,813,12,825,13,838
3,802,13,802,13,815,14,829,15,844
3,802,17,802,17,819,18,837,19,856
3,802,19,802,19,821,20,841,21,862
3,803,2,803,2,805,3,808,4,812
3,803,3,803,3,806,4,810,5,815
3,803,5,803,5,808,6,814,7,821
3,803,7,803,7,810,8,818,9,827
3,803,11,803,11,814,12,826,13,839
3,803,13,803,13,816,14,830,15,845
3,803,17,803,17,820,18,838,19,857
3,803,19,803,19,822,20,842,21,863
3,804,2,804,2,806,3,809,4,813
3,804,3,804,3,807,4,811,5,816
3,804,5,804,5,809,6,815,7,822
3,804,7,804,7,811,8,819,9,828
3,804,11,804,11,815,12,827,13,840
3,804,13,804,13,817,14,831,15,846
3,804,17,804,17,821,18,839,19,858
3,804,19,804,19,823,20,843,21,864
3,805,2,805,2,807,3,810,4,814
3,805,3,805,3,808,4,812,5,817
3,805,5,805,5,810,6,816,7,823
3,805,7,805,7,812,8,820,9,829
3,805,11,805,11,816,12,828,13,841
3,805,13,805,13,818,14,832,15,847
3,805,17,805,17,822,18,840,19,859
3,805,19,805,19,824,20,844,21,865
3,806,2,806,2,808,3,811,4,815
3,806,3,806,3,809,4,813,5,818
3,806,5,806,5,811,6,817,7,824
3,806,7,806,7,813,8,821,9,830
3,806,11,806,11,817,12,829,13,842
3,806,13,806,13,819,14,833,15,848
3,806,17,806,17,823,18,841,19,860
3,806,19,806,19,825,20,845,21,866
3,807,2,807,2,809,3,812,4,816
3,807,3,807,3,810,4,814,5,819
3,807,5,807,5,812,6,818,7,825
3,807,7,807,7,814,8,822,9,831
3,807,11,807,11,818,12,830,13,843
3,807,13,807,13,820,14,834,15,849
3,807,17,807,17,824,18,842,19,861
3,807,19,807,19,826,20,846,21,867
3,808,2,808,2,810,3,813,4,817
3,808,3,808,3,811,4,815,5,820
3,808,5,808,5,813,6,819,7,826
3,808,7,808,7,815,8,823,9,832
3,808,11,808,11,819,12,831,13,844
3,808,13,808,13,821,14,835,15,850
3,808,17,808,17,825,18,843,19,862
3,808,19,808,19,827,20,847,21,868
3,809,2,809,2,811,3,814,4,818
3,809,3,809,3,812,4,816,5,821
3,809,5,809,5,814,6,820,7,827
3,809,7,809,7,816,8,824,9,833
3,809,11,809,11,820,12,832,13,845
3,809,13,809,13,822,14,836,15,851
3,809,17,809,17,826,18,844,19,863
3,809,19,809,19,828,20,848,21,869
3,810,2,810,2,812,3,815,4,819
3,810,3,810,3,813,4,817,5,822
3,810,5,810,5,815,6,821,7,828
3,810,7,810,7,817,8,825,9,834
3,810,11,810,11,821,12,833,13,846
3,810,13,810,13,823,14,837,15,852
3,810,17,810,17,827,18,845,19,864
3,810,19,810,19,829,20,849,21,870
3,811,2,811,2,813,3,816,4,820
3,811,3,811,3,814,4,818,5,823
3,811,5,811,5,816,6,822,7,829
3,811,7,811,7,818,8,826,9,835
3,811,11,811,11,822,12,834,13,847
3,811,13,811,13,824,14,838,15,853
3,811,17,811,17,828,18,846,19,865
3,811,19,811,19,830,20,850,21,871
3,812,2,812,2,814,3,817,4,821
3,812,3,812,3,815,4,819,5,824
3,812,5,812,5,817,6,823,7,830
3,812,7,812,7,819,8,827,9,836
3,812,11,812,11,823,12,835,13,848
3,812,13,812,13,825,14,839,15,854
3,812,17,812,17,829,18,847,19,866
3,812,19,812,19,831,20,851,21,872
3,813,2,813,2,815,3,818,4,822
3,813,3,813,3,816,4,820,5,825
3,813,5,813,5,818,6,824,7,831
3,813,7,813,7,820,8,828,9,837
3,813,11,813,11,824,12,836,13,849
3,813,13,813,13,826,14,840,15,855
3,813,17,813,17,830,18,848,19,867
3,813,19,813,19,832,20,852,21,873
3,814,2,814,2,816,3,819,4,823
3,814,3,814,3,817,4,821,5,826
3,814,5,814,5,819,6,825,7,832
3,814,7,814,7,821,8,829,9,838
3,814,11,814,11,825,12,837,13,850
3,814,13,814,13,827,14,841,15,856
3,814,17,814,17,831,18,849,19,868
3,814,19,814,19,833,20,853,21,874
3,815,2,815,2,817,3,820,4,824
3,815,3,815,3,818,4,822,5,827
3,815,5,815,5,820,6,826,7,833
3,815,7,815,7,822,8,830,9,839
3,815,11,815,11,826,12,838,13,851
3,815,13,815,13,828,14,842,15,857
3,815,17,815,17,832,18,850,19,869
3,815,19,815,19,834,20,854,21,875
3,816,2,816,2,818,3,821,4,825
3,816,3,816,3,819,4,823,5,828
3,816,5,816,5,821,6,827,7,834
3,816,7,816,7,823,8,831,9,840
3,816,11,816,11,827,12,839,13,852
3,816,13,816,13,829,14,843,15,858
3,816,17,816,17,833,18,851,19,870
3,816,19,816,19,835,20,855,21,876
3,817,2,817,2,819,3,822,4,826
3,817,3,817,3,820,4,824,5,829
3,817,5,817,5,822,6,828,7,835
3,817,7,817,7,824,8,832,9,841
3,817,11,817,11,828,12,840,13,853
3,817,13,817,13,830,14,844,15,859
3,817,17,817,17,834,18,852,19,871
3,817,19,817,19,836,20,856,21,877
3,818,2,818,2,820,3,823,4,827
3,818,3,818,3,821,4,825,5,830
3,818,5,818,5,823,6,829,7,836
3,818,7,818,7,825,8,833,9,842
3,818,11,818,11,829,12,841,13,854
3,818,13,818,13,831,14,845,15,860
3,818,17,818,17,835,18,853,19,872
3,818,19,818,19,837,20,857,21,878
3,819,2,819,2,821,3,824,4,828
3,819,3,819,3,822,4,826,5,831
3,819,5,819,5,824,6,830,7,837
3,819,7,819,7,826,8,834,9,843
3,819,11,819,11,830,12,842,13,855
3,819,13,819,13,832,14,846,15,861
3,819,17,819,17,836,18,854,19,873
3,819,19,819,19,838,20,858,21,879
3,820,2,820,2,822,3,825,4,829
3,820,3,820,3,823,4,827,5,832
3,820,5,820,5,825,6,831,7,838
3,820,7,820,7,827,8,835,9,844
3,820,11,820,11,831,12,843,13,856
3,820,13,820,13,833,14,847,15,862
3,820,17,820,17,837,18,855,19,874
3,820,19,820,19,839,20,859,21,880
3,821,2,821,2,823,3,826,4,830
3,821,3,821,3,824,4,828,5,833
3,821,5,821,5,826,6,832,7,839
3,821,7,821,7,828,8,836,9,845
3,821,11,821,11,832,12,844,13,857
3,821,13,821,13,834,14,848,15,863
3,821,17,821,17,838,18,856,19,875
3,821,19,821,19,840,20,860,21,881
3,822,2,822,2,824,3,827,4,831
3,822,3,822,3,825,4,829,5,834
3,822,5,822,5,827,6,833,7,840
3,822,7,822,7,829,8,837,9,846
3,822,11,822,11,833,12,845,13,858
3,822,13,822,13,835,14,849,15,864
3,822,17,822,17,839,18,857,19,876
3,822,19,822,19,841,20,861,21,882
3,823,2,823,2,825,3,828,4,832
3,823,3,823,3,826,4,830,5,835
3,823,5,823,5,828,6,834,7,841
3,823,7,823,7,830,8,838,9,847
3,823,11,823,11,834,12,846,13,859
3,823,13,823,13,836,14,850,15,865
3,823,17,823,17,840,18,858,19,877
3,823,19,823,19,842,20,862,21,883
3,824,2,824,2,826,3,829,4,833
3,824,3,824,3,827,4,831,5,836
3,824,5,824,5,829,6,835,7,842
3,824,7,824,7,831,8,839,9,848
3,824,11,824,11,835,12,847,13,860
3,824,13,824,13,837,14,851,15,866
3,824,17,824,17,841,18,859,19,878
3,824,19,824,19,843,20,863,21,884
3,825,2,825,2,827,3,830,4,834
3,825,3,825,3,828,4,832,5,837
3,825,5,825,5,830,6,836,7,843
3,825,7,825,7,832,8,840,9,849
3,825,11,825,11,836,12,848,13,861
3,825,13,825,13,838,14,852,15,867
3,825,17,825,17,842,18,860,19,879
3,825,19,825,19,844,20,864,21,885
3,826,2,826,2,828,3,831,4,835
3,826,3,826,3,829,4,833,5,838
3,826,5,826,5,831,6,837,7,844
3,826,7,826,7,833,8,841,9,850
3,826,11,826,11,837,12,849,13,862
3,826,13,826,13,839,14,853,15,868
3,826,17,826,17,843,18,861,19,880
3,826,19,826,19,845,20,865,21,886
3,827,2,827,2,829,3,832,4,836
3,827,3,827,3,830,4,834,5,839
3,827,5,827,5,832,6,838,7,845
3,827,7,827,7,834,8,842,9,851
3,827,11,827,11,838,12,850,13,863
3,827,13,827,13,840,14,854,15,869
3,827,17,827,17,844,18,862,19,881
3,827,19,827,19,846,20,866,21,887
3,828,2,828,2,830,3,833,4,837
3,828,3,828,3,831,4,835,5,840
3,828,5,828,5,833,6,839,7,846
3,828,7,828,7,835,8,843,9,852
3,828,11,828,11,839,12,851,13,864
3,828,13,828,13,841,14,855,15,870
3,828,17,828,17,845,18,863,19,882
3,828,19,828,19,847,20,867,21,888
3,829,2,829,2,831,3,834,4,838
3,829,3,829,3,832,4,836,5,841
3,829,5,829,5,834,6,840,7,847
3,829,7,829,7,836,8,844,9,853
3,829,11,829,11,840,12,852,13,865
3,829,13,829,13,842,14,856,15,871
3,829,17,829,17,846,18,864,19,883
3,829,19,829,19,848,20,868,21,889
3,830,2,830,2,832,3,835,4,839
3,830,3,830,3,833,4,837,5,842
3,830,5,830,5,835,6,841,7,848
3,830,7,830,7,837,8,845,9,854
3,830,11,830,11,841,12,853,13,866
3,830,13,830,13,843,14,857,15,872
3,830,17,830,17,847,18,865,19,884
3,830,19,830,19,849,20,869,21,890
3,831,2,831,2,833,3,836,4,840
3,831,3,831,3,834,4,838,5,843
3,831,5,831,5,836,6,842,7,849
3,831,7,831,7,838,8,846,9,855
3,831,11,831,11,842,12,854,13,867
3,831,13,831,13,844,14,858,15,873
3,831,17,831,17,848,18,866,19,885
3,831,19,831,19,850,20,870,21,891
3,832,2,832,2,834,3,837,4,841
3,832,3,832,3,835,4,839,5,844
3,832,5,832,5,837,6,843,7,850
3,832,7,832,7,839,8,847,9,856
3,832,11,832,11,843,12,855,13,868
3,832,13,832,13,845,14,859,15,874
3,832,17,832,17,849,18,867,19,886
3,832,19,832,19,851,20,871,21,892
3,833,2,833,2,835,3,838,4,842
3,833,3,833,3,836,4,840,5,845
3,833,5,833,5,838,6,844,7,851
3,833,7,833,7,840,8,848,9,857
3,833,11,833,11,844,12,856,13,869
3,833,13,833,13,846,14,860,15,875
3,833,17,833,17,850,18,868,19,887
3,833,19,833,19,852,20,872,21,893
3,834,2,834,2,836,3,839,4,843
3,834,3,834,3,837,4,841,5,846
3,834,5,834,5,839,6,845,7,852
3,834,7,834,7,841,8,849,9,858
3,834,11,834,11,845,12,857,13,870
3,834,13,834,13,847,14,861,15,876
3,834,17,834,17,851,18,869,19,888
3,834,19,834,19,853,20,873,21,894
3,835,2,835,2,837,3,840,4,844
3,835,3,835,3,838,4,842,5,847
3,835,5,835,5,840,6,846,7,853
3,835,7,835,7,842,8,850,9,859
3,835,11,835,11,846,12,858,13,871
3,835,13,835,13,848,14,862,15,877
3,835,17,835,17,852,18,870,19,889
3,835,19,835,19,854,20,874,21,895
3,836,2,836,2,838,3,841,4,845
3,836,3,836,3,839,4,843,5,848
3,836,5,836,5,841,6,847,7,854
3,836,7,836,7,843,8,851,9,860
3,836,11,836,11,847,12,859,13,872
3,836,13,836,13,849,14,863,15,878
3,836,17,836,17,853,18,871,19,890
3,836,19,836,19,855,20,875,21,896
3,837,2,837,2,839,3,842,4,846
3,837,3,837,3,840,4,844,5,849
3,837,5,837,5,842,6,848,7,855
3,837,7,837,7,844,8,852,9,861
3,837,11,837,11,848,12,860,13,873
3,837,13,837,13,850,14,864,15,879
3,837,17,837,17,854,18,872,19,891
3,837,19,837,19,856,20,876,21,897
3,838,2,838,2,840,3,843,4,847
3,838,3,838,3,841,4,845,5,850
3,838,5,838,5,843,6,849,7,856
3,838,7,838,7,845,8,853,9,862
3,838,11,838,11,849,12,861,13,874
3,838,13,838,13,851,14,865,15,880
3,838,17,838,17,855,18,873,19,892
3,838,19,838,19,857,20,877,21,898
3,839,2,839,2,841,3,844,4,848
3,839,3,839,3,842,4,846,5,851
3,839,5,839,5,844,6,850,7,857
3,839,7,839,7,846,8,854,9,863
3,839,11,839,11,850,12,862,13,875
3,839,13,839,13,852,14,866,15,881
3,839,17,839,17,856,18,874,19,893
3,839,19,839,19,858,20,878,21,899
3,840,2,840,2,842,3,845,4,849
3,840,3,840,3,843,4,847,5,852
3,840,5,840,5,845,6,851,7,858
3,840,7,840,7,847,8,855,9,864
3,840,11,840,11,851,12,863,13,876
3,840,13,840,13,853,14,867,15,882
3,840,17,840,17,857,18,875,19,894
3,840,19,840,19,859,20,879,21,900
3,841,2,841,2,843,3,846,4,850
3,841,3,841,3,844,4,848,5,853
3,841,5,841,5,846,6,852,7,859
3,841,7,841,7,848,8,856,9,865
3,841,11,841,11,852,12,864,13,877
3,841,13,841,13,854,14,868,15,883
3,841,17,841,17,858,18,876,19,895
3,841,19,841,19,860,20,880,21,901
3,842,2,842,2,844,3,847,4,851
3,842,3,842,3,845,4,849,5,854
3,842,5,842,5,847,6,853,7,860
3,842,7,842,7,849,8,857,9,866
3,842,11,842,11,853,12,865,13,878
3,842,13,842,13,855,14,869,15,884
3,842,17,842,17,859,18,877,19,896
3,842,19,842,19,861,20,881,21,902
3,843,2,843,2,845,3,848,4,852
3,843,3,843,3,846,4,850,5,855
3,843,5,843,5,848,6,854,7,861
3,843,7,843,7,850,8,858,9,867
3,843,11,843,11,854,12,866,13,879
3,843,13,843,13,856,14,870,15,885
3,843,17,843,17,860,18,878,19,897
3,843,19,843,19,862,20,882,21,903
3,844,2,844,2,846,3,849,4,853
3,844,3,844,3,847,4,851,5,856
3,844,5,844,5,849,6,855,7,862
3,844,7,844,7,851,8,859,9,868
3,844,11,844,11,855,12,867,13,880
3,844,13,844,13,857,14,871,15,886
3,844,17,844,17,861,18,879,19,898
3,844,19,844,19,863,20,883,21,904
3,845,2,845,2,847,3,850,4,854
3,845,3,845,3,848,4,852,5,857
3,845,5,845,5,850,6,856,7,863
3,845,7,845,7,852,8,860,9,869
3,845,11,845,11,856,12,868,13,881
3,845,13,845,13,858,14,872,15,887
3,845,17,845,17,862,18,880,19,899
3,845,19,845,19,864,20,884,21,905
3,846,2,846,2,848,3,851,4,855
3,846,3,846,3,849,4,853,5,858
3,846,5,846,5,851,6,857,7,864
3,846,7,846,7,853,8,861,9,870
3,846,11,846,11,857,12,869,13,882
3,846,13,846,13,859,14,873,15,888
3,846,17,846,17,863,18,881,19,900
3,846,19,846,19,865,20,885,21,906
3,847,2,847,2,849,3,852,4,856
3,847,3,847,3,850,4,854,5,859
3,847,5,847,5,852,6,858,7,865
3,847,7,847,7,854,8,862,9,871
3,847,11,847,11,858,12,870,13,883
3,847,13,847,13,860,14,874,15,889
3,847,17,847,17,864,18,882,19,901
3,847,19,847,19,866,20,886,21,907
3,848,2,848,2,850,3,853,4,857
3,848,3,848,3,851,4,855,5,860
3,848,5,848,5,853,6,859,7,866
3,848,7,848,7,855,8,863,9,872
3,848,11,848,11,859,12,871,13,884
3,848,13,848,13,861,14,875,15,890
3,848,17,848,17,865,18,883,19,902
3,848,19,848,19,867,20,887,21,908
3,849,2,849,2,851,3,854,4,858
3,849,3,849,3,852,4,856,5,861
3,849,5,849,5,854,6,860,7,867
3,849,7,849,7,856,8,864,9,873
3,849,11,849,11,860,12,872,13,885
3,849,13,849,13,862,14,876,15,891
3,849,17,849,17,866,18,884,19,903
3,849,19,849,19,868,20,888,21,909
3,850,2,850,2,852,3,855,4,859
3,850,3,850,3,853,4,857,5,862
3,850,5,850,5,855,6,861,7,868
3,850,7,850,7,857,8,865,9,874
3,850,11,850,11,861,12,873,13,886
3,850,13,850,13,863,14,877,15,892
3,850,17,850,17,867,18,885,19,904
3,850,19,850,19,869,20,889,21,910
3,851,2,851,2,853,3,856,4,860
3,851,3,851,3,854,4,858,5,863
3,851,5,851,5,856,6,862,7,869
3,851,7,851,7,858,8,866,9,875
3,851,11,851,11,862,12,874,13,887
3,851,13,851,13,864,14,878,15,893
3,851,17,851,17,868,18,886,19,905
3,851,19,851,19,870,20,890,21,911
3,852,2,852,2,854,3,857,4,861
3,852,3,852,3,855,4,859,5,864
3,852,5,852,5,857,6,863,7,870
3,852,7,852,7,859,8,867,9,876
3,852,11,852,11,863,12,875,13,888
3,852,13,852,13,865,14,879,15,894
3,852,17,852,17,869,18,887,19,906
3,852,19,852,19,871,20,891,21,912
3,853,2,853,2,855,3,858,4,862
3,853,3,853,3,856,4,860,5,865
3,853,5,853,5,858,6,864,7,871
3,853,7,853,7,860,8,868,9,877
3,853,11,853,11,864,12,876,13,889
3,853,13,853,13,866,14,880,15,895
3,853,17,853,17,870,18,888,19,907
3,853,19,853,19,872,20,892,21,913
3,854,2,854,2,856,3,859,4,863
3,854,3,854,3,857,4,861,5,866
3,854,5,854,5,859,6,865,7,872
3,854,7,854,7,861,8,869,9,878
3,854,11,854,11,865,12,877,13,890
3,854,13,854,13,867,14,881,15,896
3,854,17,854,17,871,18,889,19,908
3,854,19,854,19,873,20,893,21,914
3,855,2,855,2,857,3,860,4,864
3,855,3,855,3,858,4,862,5,867
3,855,5,855,5,860,6,866,7,873
3,855,7,855,7,862,8,870,9,879
3,855,11,855,11,866,12,878,13,891
3,855,13,855,13,868,14,882,15,897
3,855,17,855,17,872,18,890,19,909
3,855,19,855,19,874,20,894,21,915
3,856,2,856,2,858,3,861,4,865
3,856,3,856,3,859,4,863,5,868
3,856,5,856,5,861,6,867,7,874
3,856,7,856,7,863,8,871,9,880
3,856,11,856,11,867,12,879,13,892
3,856,13,856,13,869,14,883,15,898
3,856,17,856,17,873,18,891,19,910
3,856,19,856,19,875,20,895,21,916
3,857,2,857,2,859,3,862,4,866
3,857,3,857,3,860,4,864,5,869
3,857,5,857,5,862,6,868,7,875
3,857,7,857,7,864,8,872,9,881
3,857,11,857,11,868,12,880,13,893
3,857,13,857,13,870,14,884,15,899
3,857,17,857,17,874,18,892,19,911
3,857,19,857,19,876,20,896,21,917
3,858,2,858,2,860,3,863,4,867
3,858,3,858,3,861,4,865,5,870
3,858,5,858,5,863,6,869,7,876
3,858,7,858,7,865,8,873,9,882
3,858,11,858,11,869,12,881,13,894
3,858,13,858,13,871,14,885,15,900
3,858,17,858,17,875,18,893,19,912
3,858,19,858,19,877,20,897,21,918
3,859,2,859,2,861,3,864,4,868
3,859,3,859,3,862,4,866,5,871
3,859,5,859,5,864,6,870,7,877
3,859,7,859,7,866,8,874,9,883
3,859,11,859,11,870,12,882,13,895
3,859,13,859,13,872,14,886,15,901
3,859,17,859,17,876,18,894,19,913
3,859,19,859,19,878,20,898,21,919
3,860,2,860,2,862,3,865,4,869
3,860,3,860,3,863,4,867,5,872
3,860,5,860,5,865,6,871,7,878
3,860,7,860,7,867,8,875,9,884
3,860,11,860,11,871,12,883,13,896
3,860,13,860,13,873,14,887,15,902
3,860,17,860,17,877,18,895,19,914
3,860,19,860,19,879,20,899,21,920
3,861,2,861,2,863,3,866,4,870
3,861,3,861,3,864,4,868,5,873
3,861,5,861,5,866,6,872,7,879
3,861,7,861,7,868,8,876,9,885
3,861,11,861,11,872,12,884,13,897
3,861,13,861,13,874,14,888,15,903
3,861,17,861,17,878,18,896,19,915
3,861,19,861,19,880,20,900,21,921
3,862,2,862,2,864,3,867,4,871
3,862,3,862,3,865,4,869,5,874
3,862,5,862,5,867,6,873,7,880
3,862,7,862,7,869,8,877,9,886
3,862,11,862,11,873,12,885,13,898
3,862,13,862,13,875,14,889,15,904
3,862,17,862,17,879,18,897,19,916
3,862,19,862,19,881,20,901,21,922
3,863,2,863,2,865,3,868,4,872
3,863,3,863,3,866,4,870,5,875
3,863,5,863,5,868,6,874,7,881
3,863,7,863,7,870,8,878,9,887
3,863,11,863,11,874,12,886,13,899
3,863,13,863,13,876,14,890,15,905
3,863,17,863,17,880,18,898,19,917
3,863,19,863,19,882,20,902,21,923
3,864,2,864,2,866,3,869,4,873
3,864,3,864,3,867,4,871,5,876
3,864,5,864,5,869,6,875,7,882
3,864,7,864,7,871,8,879,9,888
3,864,11,864,11,875,12,887,13,900
3,864,13,864,13,877,14,891,15,906
3,864,17,864,17,881,18,899,19,918
3,864,19,864,19,883,20,903,21,924
3,865,2,865,2,867,3,870,4,874
3,865,3,865,3,868,4,872,5,877
3,865,5,865,5,870,6,876,7,883
3,865,7,865,7,872,8,880,9,889
3,865,11,865,11,876,12,888,13,901
3,865,13,865,13,878,14,892,15,907
3,865,17,865,17,882,18,900,19,919
3,865,19,865,19,884,20,904,21,925
3,866,2,866,2,868,3,871,4,875
3,866,3,866,3,869,4,873,5,878
3,866,5,866,5,871,6,877,7,884
3,866,7,866,7,873,8,881,9,890
3,866,11,866,11,877,12,889,13,902
3,866,13,866,13,879,14,893,15,908
3,866,17,866,17,883,18,901,19,920
3,866,19,866,19,885,20,905,21,926
3,867,2,867,2,869,3,872,4,876
3,867,3,867,3,870,4,874,5,879
3,867,5,867,5,872,6,878,7,885
3,867,7,867,7,874,8,882,9,891
3,867,11,867,11,878,12,890,13,903
3,867,13,867,13,880,14,894,15,909
3,867,17,867,17,884,18,902,19,921
3,867,19,867,19,886,20,906,21,927
3,868,2,868,2,870,3,873,4,877
3,868,3,868,3,871,4,875,5,880
3,868,5,868,5,873,6,879,7,886
3,868,7,868,7,875,8,883,9,892
3,868,11,868,11,879,12,891,13,904
3,868,13,868,13,881,14,895,15,910
3,868,17,868,17,885,18,903,19,922
3,868,19,868,19,887,20,907,21,928
3,869,2,869,2,871,3,874,4,878
3,869,3,869,3,872,4,876,5,881
3,869,5,869,5,874,6,880,7,887
3,869,7,869,7,876,8,884,9,893
3,869,11,869,11,880,12,892,13,905
3,869,13,869,13,882,14,896,15,911
3,869,17,869,17,886,18,904,19,923
3,869,19,869,19,888,20,908,21,929
3,870,2,870,2,872,3,875,4,879
3,870,3,870,3,873,4,877,5,882
3,870,5,870,5,875,6,881,7,888
3,870,7,870,7,877,8,885,9,894
3,870,11,870,11,881,12,893,13,906
3,870,13,870,13,883,14,897,15,912
3,870,17,870,17,887,18,905,19,924
3,870,19,870,19,889,20,909,21,930
3,871,2,871,2,873,3,876,4,880
3,871,3,871,3,874,4,878,5,883
3,871,5,871,5,876,6,882,7,889
3,871,7,871,7,878,8,886,9,895
3,871,11,871,11,882,12,894,13,907
3,871,13,871,13,884,14,898,15,913
3,871,17,871,17,888,18,906,19,925
3,871,19,871,19,890,20,910,21,931
3,872,2,872,2,874,3,877,4,881
3,872,3,872,3,875,4,879,5,884
3,872,5,872,5,877,6,883,7,890
3,872,7,872,7,879,8,887,9,896
3,872,11,872,11,883,12,895,13,908
3,872,13,872,13,885,14,899,15,914
3,872,17,872,17,889,18,907,19,926
3,872,19,872,19,891,20,911,21,932
3,873,2,873,2,875,3,878,4,882
3,873,3,873,3,876,4,880,5,885
3,873,5,873,5,878,6,884,7,891
3,873,7,873,7,880,8,888,9,897
3,873,11,873,11,884,12,896,13,909
3,873,13,873,13,886,14,900,15,915
3,873,17,873,17,890,18,908,19,927
3,873,19,873,19,892,20,912,21,933
3,874,2,874,2,876,3,879,4,883
3,874,3,874,3,877,4,881,5,886
3,874,5,874,5,879,6,885,7,892
3,874,7,874,7,881,8,889,9,898
3,874,11,874,11,885,12,897,13,910
3,874,13,874,13,887,14,901,15,916
3,874,17,874,17,891,18,909,19,928
3,874,19,874,19,893,20,913,21,934
3,875,2,875,2,877,3,880,4,884
3,875,3,875,3,878,4,882,5,887
3,875,5,875,5,880,6,886,7,893
3,875,7,875,7,882,8,890,9,899
3,875,11,875,11,886,12,898,13,911
3,875,13,875,13,888,14,902,15,917
3,875,17,875,17,892,18,910,19,929
3,875,19,875,19,894,20,914,21,935
3,876,2,876,2,878,3,881,4,885
3,876,3,876,3,879,4,883,5,888
3,876,5,876,5,881,6,887,7,894
3,876,7,876,7,883,8,891,9,900
3,876,11,876,11,887,12,899,13,912
3,876,13,876,13,889,14,903,15,918
3,876,17,876,17,893,18,911,19,930
3,876,19,876,19,895,20,915,21,936
3,877,2,877,2,879,3,882,4,886
3,877,3,877,3,880,4,884,5,889
3,877,5,877,5,882,6,888,7,895
3,877,7,877,7,884,8,892,9,901
3,877,11,877,11,888,12,900,13,913
3,877,13,877,13,890,14,904,15,919
3,877,17,877,17,894,18,912,19,931
3,877,19,877,19,896,20,916,21,937
3,878,2,878,2,880,3,883,4,887
3,878,3,878,3,881,4,885,5,890
3,878,5,878,5,883,6,889,7,896
3,878,7,878,7,885,8,893,9,902
3,878,11,878,11,889,12,901,13,914
3,878,13,878,13,891,14,905,15,920
3,878,17,878,17,895,18,913,19,932
3,878,19,878,19,897,20,917,21,938
3,879,2,879,2,881,3,884,4,888
3,879,3,879,3,882,4,886,5,891
3,879,5,879,5,884,6,890,7,897
3,879,7,879,7,886,8,894,9,903
3,879,11,879,11,890,12,902,13,915
3,879,13,879,13,892,14,906,15,921
3,879,17,879,17,896,18,914,19,933
3,879,19,879,19,898,20,918,21,939
3,880,2,880,2,882,3,885,4,889
3,880,3,880,3,883,4,887,5,892
3,880,5,880,5,885,6,891,7,898
3,880,7,880,7,887,8,895,9,904
3,880,11,880,11,891,12,903,13,916
3,880,13,880,13,893,14,907,15,922
3,880,17,880,17,897,18,915,19,934
3,880,19,880,19,899,20,919,21,940
3,881,2,881,2,883,3,886,4,890
3,881,3,881,3,884,4,888,5,893
3,881,5,881,5,886,6,892,7,899
3,881,7,881,7,888,8,896,9,905
3,881,11,881,11,892,12,904,13,917
3,881,13,881,13,894,14,908,15,923
3,881,17,881,17,898,18,916,19,935
3,881,19,881,19,900,20,920,21,941
3,882,2,882,2,884,3,887,4,891
3,882,3,882,3,885,4,889,5,894
3,882,5,882,5,887,6,893,7,900
3,882,7,882,7,889,8,897,9,906
3,882,11,882,11,893,12,905,13,918
3,882,13,882,13,895,14,909,15,924
3,882,17,882,17,899,18,917,19,936
3,882,19,882,19,901,20,921,21,942
3,883,2,883,2,885,3,888,4,892
3,883,3,883,3,886,4,890,5,895
3,883,5,883,5,888,6,894,7,901
3,883,7,883,7,890,8,898,9,907
3,883,11,883,11,894,12,906,13,919
3,883,13,883,13,896,14,910,15,925
3,883,17,883,17,900,18,918,19,937
3,883,19,883,19,902,20,922,21,943
3,884,2,884,2,886,3,889,4,893
3,884,3,884,3,887,4,891,5,896
3,884,5,884,5,889,6,895,7,902
3,884,7,884,7,891,8,899,9,908
3,884,11,884,11,895,12,907,13,920
3,884,13,884,13,897,14,911,15,926
3,884,17,884,17,901,18,919,19,938
3,884,19,884,19,903,20,923,21,944
3,885,2,885,2,887,3,890,4,894
3,885,3,885,3,888,4,892,5,897
3,885,5,885,5,890,6,896,7,903
3,885,7,885,7,892,8,900,9,909
3,885,11,885,11,896,12,908,13,921
3,885,13,885,13,898,14,912,15,927
3,885,17,885,17,902,18,920,19,939
3,885,19,885,19,904,20,924,21,945
3,886,2,886,2,888,3,891,4,895
3,886,3,886,3,889,4,893,5,898
3,886,5,886,5,891,6,897,7,904
3,886,7,886,7,893,8,901,9,910
3,886,11,886,11,897,12,909,13,922
3,886,13,886,13,899,14,913,15,928
3,886,17,886,17,903,18,921,19,940
3,886,19,886,19,905,20,925,21,946
3,887,2,887,2,889,3,892,4,896
3,887,3,887,3,890,4,894,5,899
3,887,5,887,5,892,6,898,7,905
3,887,7,887,7,894,8,902,9,911
3,887,11,887,11,898,12,910,13,923
3,887,13,887,13,900,14,914,15,929
3,887,17,887,17,904,18,922,19,941
3,887,19,887,19,906,20,926,21,947
3,888,2,888,2,890,3,893,4,897
3,888,3,888,3,891,4,895,5,900
3,888,5,888,5,893,6,899,7,906
3,888,7,888,7,895,8,903,9,912
3,888,11,888,11,899,12,911,13,924
3,888,13,888,13,901,14,915,15,930
3,888,17,888,17,905,18,923,19,942
3,888,19,888,19,907,20,927,21,948
3,889,2,889,2,891,3,894,4,898
3,889,3,889,3,892,4,896,5,901
3,889,5,889,5,894,6,900,7,907
3,889,7,889,7,896,8,904,9,913
3,889,11,889,11,900,12,912,13,925
3,889,13,889,13,902,14,916,15,931
3,889,17,889,17,906,18,924,19,943
3,889,19,889,19,908,20,928,21,949
3,890,2,890,2,892,3,895,4,899
3,890,3,890,3,893,4,897,5,902
3,890,5,890,5,895,6,901,7,908
3,890,7,890,7,897,8,905,9,914
3,890,11,890,11,901,12,913,13,926
3,890,13,890,13,903,14,917,15,932
3,890,17,890,17,907,18,925,19,944
3,890,19,890,19,909,20,929,21,950
3,891,2,891,2,893,3,896,4,900
3,891,3,891,3,894,4,898,5,903
3,891,5,891,5,896,6,902,7,909
3,891,7,891,7,898,8,906,9,915
3,891,11,891,11,902,12,914,13,927
3,891,13,891,13,904,14,918,15,933
3,891,17,891,17,908,18,926,19,945
3,891,19,891,19,910,20,930,21,951
3,892,2,892,2,894,3,897,4,901
3,892,3,892,3,895,4,899,5,904
3,892,5,892,5,897,6,903,7,910
3,892,7,892,7,899,8,907,9,916
3,892,11,892,11,903,12,915,13,928
3,892,13,892,13,905,14,919,15,934
3,892,17,892,17,909,18,927,19,946
3,892,19,892,19,911,20,931,21,952
3,893,2,893,2,895,3,898,4,902
3,893,3,893,3,896,4,900,5,905
3,893,5,893,5,898,6,904,7,911
3,893,7,893,7,900,8,908,9,917
3,893,11,893,11,904,12,916,13,929
3,893,13,893,13,906,14,920,15,935
3,893,17,893,17,910,18,928,19,947
3,893,19,893,19,912,20,932,21,953
3,894,2,894,2,896,3,899,4,903
3,894,3,894,3,897,4,901,5,906
3,894,5,894,5,899,6,905,7,912
3,894,7,894,7,901,8,909,9,918
3,894,11,894,11,905,12,917,13,930
3,894,13,894,13,907,14,921,15,936
3,894,17,894,17,911,18,929,19,948
3,894,19,894,19,913,20,933,21,954
3,895,2,895,2,897,3,900,4,904
3,895,3,895,3,898,4,902,5,907
3,895,5,895,5,900,6,906,7,913
3,895,7,895,7,902,8,910,9,919
3,895,11,895,11,906,12,918,13,931
3,895,13,895,13,908,14,922,15,937
3,895,17,895,17,912,18,930,19,949
3,895,19,895,19,914,20,934,21,955
3,896,2,896,2,898,3,901,4,905
3,896,3,896,3,899,4,903,5,908
3,896,5,896,5,901,6,907,7,914
3,896,7,896,7,903,8,911,9,920
3,896,11,896,11,907,12,919,13,932
3,896,13,896,13,909,14,923,15,938
3,896,17,896,17,913,18,931,19,950
3,896,19,896,19,915,20,935,21,956
3,897,2,897,2,899,3,902,4,906
3,897,3,897,3,900,4,904,5,909
3,897,5,897,5,902,6,908,7,915
3,897,7,897,7,904,8,912,9,921
3,897,11,897,11,908,12,920,13,933
3,897,13,897,13,910,14,924,15,939
3,897,17,897,17,914,18,932,19,951
3,897,19,897,19,916,20,936,21,957
3,898,2,898,2,900,3,903,4,907
3,898,3,898,3,901,4,905,5,910
3,898,5,898,5,903,6,909,7,916
3,898,7,898,7,905,8,913,9,922
3,898,11,898,11,909,12,921,13,934
3,898,13,898,13,911,14,925,15,940
3,898,17,898,17,915,18,933,19,952
3,898,19,898,19,917,20,937,21,958
3,899,2,899,2,901,3,904,4,908
3,899,3,899,3,902,4,906,5,911
3,899,5,899,5,904,6,910,7,917
3,899,7,899,7,906,8,914,9,923
3,899,11,899,11,910,12,922,13,935
3,899,13,899,13,912,14,926,15,941
3,899,17,899,17,916,18,934,19,953
3,899,19,899,19,918,20,938,21,959
3,900,2,900,2,902,3,905,4,909
3,900,3,900,3,903,4,907,5,912
3,900,5,900,5,905,6,911,7,918
3,900,7,900,7,907,8,915,9,924
3,900,11,900,11,911,12,923,13,936
3,900,13,900,13,913,14,927,15,942
3,900,17,900,17,917,18,935,19,954
3,900,19,900,19,919,20,939,21,960
3,901,2,901,2,903,3,906,4,910
3,901,3,901,3,904,4,908,5,913
3,901,5,901,5,906,6,912,7,919
3,901,7,901,7,908,8,916,9,925
3,901,11,901,11,912,12,924,13,937
3,901,13,901,13,914,14,928,15,943
3,901,17,901,17,918,18,936,19,955
3,901,19,901,19,920,20,940,21,961
3,902,2,902,2,904,3,907,4,911
3,902,3,902,3,905,4,909,5,914
3,902,5,902,5,907,6,913,7,920
3,902,7,902,7,909,8,917,9,926
3,902,11,902,11,913,12,925,13,938
3,902,13,902,13,915,14,929,15,944
3,902,17,902,17,919,18,937,19,956
3,902,19,902,19,921,20,941,21,962
3,903,2,903,2,905,3,908,4,912
3,903,3,903,3,906,4,910,5,915
3,903,5,903,5,908,6,914,7,921
3,903,7,903,7,910,8,918,9,927
3,903,11,903,11,914,12,926,13,939
3,903,13,903,13,916,14,930,15,945
3,903,17,903,17,920,18,938,19,957
3,903,19,903,19,922,20,942,21,963
3,904,2,904,2,906,3,909,4,913
3,904,3,904,3,907,4,911,5,916
3,904,5,904,5,909,6,915,7,922
3,904,7,904,7,911,8,919,9,928
3,904,11,904,11,915,12,927,13,940
3,904,13,904,13,917,14,931,15,946
3,904,17,904,17,921,18,939,19,958
3,904,19,904,19,923,20,943,21,964
3,905,2,905,2,907,3,910,4,914
3,905,3,905,3,908,4,912,5,917
3,905,5,905,5,910,6,916,7,923
3,905,7,905,7,912,8,920,9,929
3,905,11,905,11,916,12,928,13,941
3,905,13,905,13,918,14,932,15,947
3,905,17,905,17,922,18,940,19,959
3,905,19,905,19,924,20,944,21,965
3,906,2,906,2,908,3,911,4,915
3,906,3,906,3,909,4,913,5,918
3,906,5,906,5,911,6,917,7,924
3,906,7,906,7,913,8,921,9,930
3,906,11,906,11,917,12,929,13,942
3,906,13,906,13,919,14,933,15,948
3,906,17,906,17,923,18,941,19,960
3,906,19,906,19,925,20,945,21,966
3,907,2,907,2,909,3,912,4,916
3,907,3,907,3,910,4,914,5,919
3,907,5,907,5,912,6,918,7,925
3,907,7,907,7,914,8,922,9,931
3,907,11,907,11,918,12,930,13,943
3,907,13,907,13,920,14,934,15,949
3,907,17,907,17,924,18,942,19,961
3,907,19,907,19,926,20,946,21,967
3,908,2,908,2,910,3,913,4,917
3,908,3,908,3,911,4,915,5,920
3,908,5,908,5,913,6,919,7,926
3,908,7,908,7,915,8,923,9,932
3,908,11,908,11,919,12,931,13,944
3,908,13,908,13,921,14,935,15,950
3,908,17,908,17,925,18,943,19,962
3,908,19,908,19,927,20,947,21,968
3,909,2,909,2,911,3,914,4,918
3,909,3,909,3,912,4,916,5,921
3,909,5,909,5,914,6,920,7,927
3,909,7,909,7,916,8,924,9,933
3,909,11,909,11,920,12,932,13,945
3,909,13,909,13,922,14,936,15,951
3,909,17,909,17,926,18,944,19,963
3,909,19,909,19,928,20,948,21,969
3,910,2,910,2,912,3,915,4,919
3,910,3,910,3,913,4,917,5,922
3,910,5,910,5,915,6,921,7,928
3,910,7,910,7,917,8,925,9,934
3,910,11,910,11,921,12,933,13,946
3,910,13,910,13,923,14,937,15,952
3,910,17,910,17,927,18,945,19,964
3,910,19,910,19,929,20,949,21,970
3,911,2,911,2,913,3,916,4,920
3,911,3,911,3,914,4,918,5,923
3,911,5,911,5,916,6,922,7,929
3,911,7,911,7,918,8,926,9,935
3,911,11,911,11,922,12,934,13,947
3,911,13,911,13,924,14,938,15,953
3,911,17,911,17,928,18,946,19,965
3,911,19,911,19,930,20,950,21,971
3,912,2,912,2,914,3,917,4,921
3,912,3,912,3,915,4,919,5,924
3,912,5,912,5,917,6,923,7,930
3,912,7,912,7,919,8,927,9,936
3,912,11,912,11,923,12,935,13,948
3,912,13,912,13,925,14,939,15,954
3,912,17,912,17,929,18,947,19,966
3,912,19,912,19,931,20,951,21,972
3,913,2,913,2,915,3,918,4,922
3,913,3,913,3,916,4,920,5,925
3,913,5,913,5,918,6,924,7,931
3,913,7,913,7,920,8,928,9,937
3,913,11,913,11,924,12,936,13,949
3,913,13,913,13,926,14,940,15,955
3,913,17,913,17,930,18,948,19,967
3,913,19,913,19,932,20,952,21,973
3,914,2,914,2,916,3,919,4,923
3,914,3,914,3,917,4,921,5,926
3,914,5,914,5,919,6,925,7,932
3,914,7,914,7,921,8,929,9,938
3,914,11,914,11,925,12,937,13,950
3,914,13,914,13,927,14,941,15,956
3,914,17,914,17,931,18,949,19,968
3,914,19,914,19,933,20,953,21,974
3,915,2,915,2,917,3,920,4,924
3,915,3,915,3,918,4,922,5,927
3,915,5,915,5,920,6,926,7,933
3,915,7,915,7,922,8,930,9,939
3,915,11,915,11,926,12,938,13,951
3,915,13,915,13,928,14,942,15,957
3,915,17,915,17,932,18,950,19,969
3,915,19,915,19,934,20,954,21,975
3,916,2,916,2,918,3,921,4,925
3,916,3,916,3,919,4,923,5,928
3,916,5,916,5,921,6,927,7,934
3,916,7,916,7,923,8,931,9,940
3,916,11,916,11,927,12,939,13,952
3,916,13,916,13,929,14,943,15,958
3,916,17,916,17,933,18,951,19,970
3,916,19,916,19,935,20,955,21,976
3,917,2,917,2,919,3,922,4,926
3,917,3,917,3,920,4,924,5,929
3,917,5,917,5,922,6,928,7,935
3,917,7,917,7,924,8,932,9,941
3,917,11,917,11,928,12,940,13,953
3,917,13,917,13,930,14,944,15,959
3,917,17,917,17,934,18,952,19,971
3,917,19,917,19,936,20,956,21,977
3,918,2,918,2,920,3,923,4,927
3,918,3,918,3,921,4,925,5,930
3,918,5,918,5,923,6,929,7,936
3,918,7,918,7,925,8,933,9,942
3,918,11,918,11,929,12,941,13,954
3,918,13,918,13,931,14,945,15,960
3,918,17,918,17,935,18,953,19,972
3,918,19,918,19,937,20,957,21,978
3,919,2,919,2,921,3,924,4,928
3,919,3,919,3,922,4,926,5,931
3,919,5,919,5,924,6,930,7,937
3,919,7,919,7,926,8,934,9,943
3,919,11,919,11,930,12,942,13,955
3,919,13,919,13,932,14,946,15,961
3,919,17,919,17,936,18,954,19,973
3,919,19,919,19,938,20,958,21,979
3,920,2,920,2,922,3,925,4,929
3,920,3,920,3,923,4,927,5,932
3,920,5,920,5,925,6,931,7,938
3,920,7,920,7,927,8,935,9,944
3,920,11,920,11,931,12,943,13,956
3,920,13,920,13,933,14,947,15,962
3,920,17,920,17,937,18,955,19,974
3,920,19,920,19,939,20,959,21,980
3,921,2,921,2,923,3,926,4,930
3,921,3,921,3,924,4,928,5,933
3,921,5,921,5,926,6,932,7,939
3,921,7,921,7,928,8,936,9,945
3,921,11,921,11,932,12,944,13,957
3,921,13,921,13,934,14,948,15,963
3,921,17,921,17,938,18,956,19,975
3,921,19,921,19,940,20,960,21,981
3,922,2,922,2,924,3,927,4,931
3,922,3,922,3,925,4,929,5,934
3,922,5,922,5,927,6,933,7,940
3,922,7,922,7,929,8,937,9,946
3,922,11,922,11,933,12,945,13,958
3,922,13,922,13,935,14,949,15,964
3,922,17,922,17,939,18,957,19,976
3,922,19,922,19,941,20,961,21,982
3,923,2,923,2,925,3,928,4,932
3,923,3,923,3,926,4,930,5,935
3,923,5,923,5,928,6,934,7,941
3,923,7,923,7,930,8,938,9,947
3,923,11,923,11,934,12,946,13,959
3,923,13,923,13,936,14,950,15,965
3,923,17,923,17,940,18,958,19,977
3,923,19,923,19,942,20,962,21,983
3,924,2,924,2,926,3,929,4,933
3,924,3,924,3,927,4,931,5,936
3,924,5,924,5,929,6,935,7,942
3,924,7,924,7,931,8,939,9,948
3,924,11,924,11,935,12,947,13,960
3,924,13,924,13,937,14,951,15,966
3,924,17,924,17,941,18,959,19,978
3,924,19,924,19,943,20,963,21,984
3,925,2,925,2,927,3,930,4,934
3,925,3,925,3,928,4,932,5,937
3,925,5,925,5,930,6,936,7,943
3,925,7,925,7,932,8,940,9,949
3,925,11,925,11,936,12,948,13,961
3,925,13,925,13,938,14,952,15,967
3,925,17,925,17,942,18,960,19,979
3,925,19,925,19,944,20,964,21,985
3,926,2,926,2,928,3,931,4,935
3,926,3,926,3,929,4,933,5,938
3,926,5,926,5,931,6,937,7,944
3,926,7,926,7,933,8,941,9,950
3,926,11,926,11,937,12,949,13,962
3,926,13,926,13,939,14,953,15,968
3,926,17,926,17,943,18,961,19,980
3,926,19,926,19,945,20,965,21,986
3,927,2,927,2,929,3,932,4,936
3,927,3,927,3,930,4,934,5,939
3,927,5,927,5,932,6,938,7,945
3,927,7,927,7,934,8,942,9,951
3,927,11,927,11,938,12,950,13,963
3,927,13,927,13,940,14,954,15,969
3,927,17,927,17,944,18,962,19,981
3,927,19,927,19,946,20,966,21,987
3,928,2,928,2,930,3,933,4,937
3,928,3,928,3,931,4,935,5,940
3,928,5,928,5,933,6,939,7,946
3,928,7,928,7,935,8,943,9,952
3,928,11,928,11,939,12,951,13,964
3,928,13,928,13,941,14,955,15,970
3,928,17,928,17,945,18,963,19,982
3,928,19,928,19,947,20,967,21,988
3,929,2,929,2,931,3,934,4,938
3,929,3,929,3,932,4,936,5,941
3,929,5,929,5,934,6,940,7,947
3,929,7,929,7,936,8,944,9,953
3,929,11,929,11,940,12,952,13,965
3,929,13,929,13,942,14,956,15,971
3,929,17,929,17,946,18,964,19,983
3,929,19,929,19,948,20,968,21,989
3,930,2,930,2,932,3,935,4,939
3,930,3,930,3,933,4,937,5,942
3,930,5,930,5,935,6,941,7,948
3,930,7,930,7,937,8,945,9,954
3,930,11,930,11,941,12,953,13,966
3,930,13,930,13,943,14,957,15,972
3,930,17,930,17,947,18,965,19,984
3,930,19,930,19,949,20,969,21,990
3,931,2,931,2,933,3,936,4,940
3,931,3,931,3,934,4,938,5,943
3,931,5,931,5,936,6,942,7,949
3,931,7,931,7,938,8,946,9,955
3,931,11,931,11,942,12,954,13,967
3,931,13,931,13,944,14,958,15,973
3,931,17,931,17,948,18,966,19,985
3,931,19,931,19,950,20,970,21,991
3,932,2,932,2,934,3,937,4,941
3,932,3,932,3,935,4,939,5,944
3,932,5,932,5,937,6,943,7,950
3,932,7,932,7,939,8,947,9,956
3,932,11,932,11,943,12,955,13,968
3,932,13,932,13,945,14,959,15,974
3,932,17,932,17,949,18,967,19,986
3,932,19,932,19,951,20,971,21,992
3,933,2,933,2,935,3,938,4,942
3,933,3,933,3,936,4,940,5,945
3,933,5,933,5,938,6,944,7,951
3,933,7,933,7,940,8,948,9,957
3,933,11,933,11,944,12,956,13,969
3,933,13,933,13,946,14,960,15,975
3,933,17,933,17,950,18,968,19,987
3,933,19,933,19,952,20,972,21,993
3,934,2,934,2,936,3,939,4,943
3,934,3,934,3,937,4,941,5,946
3,934,5,934,5,939,6,945,7,952
3,934,7,934,7,941,8,949,9,958
3,934,11,934,11,945,12,957,13,970
3,934,13,934,13,947,14,961,15,976
3,934,17,934,17,951,18,969,19,988
3,934,19,934,19,953,20,973,21,994
3,935,2,935,2,937,3,940,4,944
3,935,3,935,3,938,4,942,5,947
3,935,5,935,5,940,6,946,7,953
3,935,7,935,7,942,8,950,9,959
3,935,11,935,11,946,12,958,13,971
3,935,13,935,13,948,14,962,15,977
3,935,17,935,17,952,18,970,19,989
3,935,19,935,19,954,20,974,21,995
3,936,2,936,2,938,3,941,4,945
3,936,3,936,3,939,4,943,5,948
3,936,5,936,5,941,6,947,7,954
3,936,7,936,7,943,8,951,9,960
3,936,11,936,11,947,12,959,13,972
3,936,13,936,13,949,14,963,15,978
3,936,17,936,17,953,18,971,19,990
3,936,19,936,19,955,20,975,21,996
3,937,2,937,2,939,3,942,4,946
3,937,3,937,3,940,4,944,5,949
3,937,5,937,5,942,6,948,7,955
3,937,7,937,7,944,8,952,9,961
3,937,11,937,11,948,12,960,13,973
3,937,13,937,13,950,14,964,15,979
3,937,17,937,17,954,18,972,19,991
3,937,19,937,19,956,20,976,21,997
3,938,2,938,2,940,3,943,4,947
3,938,3,938,3,941,4,945,5,950
3,938,5,938,5,943,6,949,7,956
3,938,7,938,7,945,8,953,9,962
3,938,11,938,11,949,12,961,13,974
3,938,13,938,13,951,14,965,15,980
3,938,17,938,17,955,18,973,19,992
3,938,19,938,19,957,20,977,21,998
3,939,2,939,2,941,3,944,4,948
3,939,3,939,3,942,4,946,5,951
3,939,5,939,5,944,6,950,7,957
3,939,7,939,7,946,8,954,9,963
3,939,11,939,11,950,12,962,13,975
3,939,13,939,13,952,14,966,15,981
3,939,17,939,17,956,18,974,19,993
3,939,19,939,19,958,20,978,21,999
3,940,2,940,2,942,3,945,4,949
3,940,3,940,3,943,4,947,5,952
3,940,5,940,5,945,6,951,7,958
3,940,7,940,7,947,8,955,9,964
3,940,11,940,11,951,12,963,13,976
3,940,13,940,13,953,14,967,15,982
3,940,17,940,17,957,18,975,19,994
3,940,19,940,19,959,20,979,21,1000
3,941,2,941,2,943,3,946,4,950
3,941,3,941,3,944,4,948,5,953
3,941,5,941,5,946,6,952,7,959
3,941,7,941,7,948,8,956,9,965
3,941,11,941,11,952,12,964,13,977
3,941,13,941,13,954,14,968,15,983
3,941,17,941,17,958,18,976,19,995
3,941,19,941,19,960,20,980,21,1001
3,942,2,942,2,944,3,947,4,951
3,942,3,942,3,945,4,949,5,954
3,942,5,942,5,947,6,953,7,960
3,942,7,942,7,949,8,957,9,966
3,942,11,942,11,953,12,965,13,978
3,942,13,942,13,955,14,969,15,984
3,942,17,942,17,959,18,977,19,996
3,942,19,942,19,961,20,981,21,1002
3,943,2,943,2,945,3,948,4,952
3,943,3,943,3,946,4,950,5,955
3,943,5,943,5,948,6,954,7,961
3,943,7,943,7,950,8,958,9,967
3,943,11,943,11,954,12,966,13,979
3,943,13,943,13,956,14,970,15,985
3,943,17,943,17,960,18,978,19,997
3,943,19,943,19,962,20,982,21,1003
3,944,2,944,2,946,3,949,4,953
3,944,3,944,3,947,4,951,5,956
3,944,5,944,5,949,6,955,7,962
3,944,7,944,7,951,8,959,9,968
3,944,11,944,11,955,12,967,13,980
3,944,13,944,13,957,14,971,15,986
3,944,17,944,17,961,18,979,19,998
3,944,19,944,19,963,20,983,21,1004
3,945,2,945,2,947,3,950,4,954
3,945,3,945,3,948,4,952,5,957
3,945,5,945,5,950,6,956,7,963
3,945,7,945,7,952,8,960,9,969
3,945,11,945,11,956,12,968,13,981
3,945,13,945,13,958,14,972,15,987
3,945,17,945,17,962,18,980,19,999
3,945,19,945,19,964,20,984,21,1005
3,946,2,946,2,948,3,951,4,955
3,946,3,946,3,949,4,953,5,958
3,946,5,946,5,951,6,957,7,964
3,946,7,946,7,953,8,961,9,970
3,946,11,946,11,957,12,969,13,982
3,946,13,946,13,959,14,973,15,988
3,946,17,946,17,963,18,981,19,1000
3,946,19,946,19,965,20,985,21,1006
3,947,2,947,2,949,3,952,4,956
3,947,3,947,3,950,4,954,5,959
3,947,5,947,5,952,6,958,7,965
3,947,7,947,7,954,8,962,9,971
3,947,11,947,11,958,12,970,13,983
3,947,13,947,13,960,14,974,15,989
3,947,17,947,17,964,18,982,19,1001
3,947,19,947,19,966,20,986,21,1007
3,948,2,948,2,950,3,953,4,957
3,948,3,948,3,951,4,955,5,960
3,948,5,948,5,953,6,959,7,966
3,948,7,948,7,955,8,963,9,972
3,948,11,948,11,959,12,971,13,984
3,948,13,948,13,961,14,975,15,990
3,948,17,948,17,965,18,983,19,1002
3,948,19,948,19,967,20,987,21,1008
3,949,2,949,2,951,3,954,4,958
3,949,3,949,3,952,4,956,5,961
3,949,5,949,5,954,6,960,7,967
3,949,7,949,7,956,8,964,9,973
3,949,11,949,11,960,12,972,13,985
3,949,13,949,13,962,14,976,15,991
3,949,17,949,17,966,18,984,19,1003
3,949,19,949,19,968,20,988,21,1009
3,950,2,950,2,952,3,955,4,959
3,950,3,950,3,953,4,957,5,962
3,950,5,950,5,955,6,961,7,968
3,950,7,950,7,957,8,965,9,974
3,950,11,950,11,961,12,973,13,986
3,950,13,950,13,963,14,977,15,992
3,950,17,950,17,967,18,985,19,1004
3,950,19,950,19,969,20,989,21,1010
3,951,2,951,2,953,3,956,4,960
3,951,3,951,3,954,4,958,5,963
3,951,5,951,5,956,6,962,7,969
3,951,7,951,7,958,8,966,9,975
3,951,11,951,11,962,12,974,13,987
3,951,13,951,13,964,14,978,15,993
3,951,17,951,17,968,18,986,19,1005
3,951,19,951,19,970,20,990,21,1011
3,952,2,952,2,954,3,957,4,961
3,952,3,952,3,955,4,959,5,964
3,952,5,952,5,957,6,963,7,970
3,952,7,952,7,959,8,967,9,976
3,952,11,952,11,963,12,975,13,988
3,952,13,952,13,965,14,979,15,994
3,952,17,952,17,969,18,987,19,1006
3,952,19,952,19,971,20,991,21,1012
3,953,2,953,2,955,3,958,4,962
3,953,3,953,3,956,4,960,5,965
3,953,5,953,5,958,6,964,7,971
3,953,7,953,7,960,8,968,9,977
3,953,11,953,11,964,12,976,13,989
3,953,13,953,13,966,14,980,15,995
3,953,17,953,17,970,18,988,19,1007
3,953,19,953,19,972,20,992,21,1013
3,954,2,954,2,956,3,959,4,963
3,954,3,954,3,957,4,961,5,966
3,954,5,954,5,959,6,965,7,972
3,954,7,954,7,961,8,969,9,978
3,954,11,954,11,965,12,977,13,990
3,954,13,954,13,967,14,981,15,996
3,954,17,954,17,971,18,989,19,1008
3,954,19,954,19,973,20,993,21,1014
3,955,2,955,2,957,3,960,4,964
3,955,3,955,3,958,4,962,5,967
3,955,5,955,5,960,6,966,7,973
3,955,7,955,7,962,8,970,9,979
3,955,11,955,11,966,12,978,13,991
3,955,13,955,13,968,14,982,15,997
3,955,17,955,17,972,18,990,19,1009
3,955,19,955,19,974,20,994,21,1015
3,956,2,956,2,958,3,961,4,965
3,956,3,956,3,959,4,963,5,968
3,956,5,956,5,961,6,967,7,974
3,956,7,956,7,963,8,971,9,980
3,956,11,956,11,967,12,979,13,992
3,956,13,956,13,969,14,983,15,998
3,956,17,956,17,973,18,991,19,1010
3,956,19,956,19,975,20,995,21,1016
3,957,2,957,2,959,3,962,4,966
3,957,3,957,3,960,4,964,5,969
3,957,5,957,5,962,6,968,7,975
3,957,7,957,7,964,8,972,9,981
3,957,11,957,11,968,12,980,13,993
3,957,13,957,13,970,14,984,15,999
3,957,17,957,17,974,18,992,19,1011
3,957,19,957,19,976,20,996,21,1017
3,958,2,958,2,960,3,963,4,967
3,958,3,958,3,961,4,965,5,970
3,958,5,958,5,963,6,969,7,976
3,958,7,958,7,965,8,973,9,982
3,958,11,958,11,969,12,981,13,994
3,958,13,958,13,971,14,985,15,1000
3,958,17,958,17,975,18,993,19,1012
3,958,19,958,19,977,20,997,21,1018
3,959,2,959,2,961,3,964,4,968
3,959,3,959,3,962,4,966,5,971
3,959,5,959,5,964,6,970,7,977
3,959,7,959,7,966,8,974,9,983
3,959,11,959,11,970,12,982,13,995
3,959,13,959,13,972,14,986,15,1001
3,959,17,959,17,976,18,994,19,1013
3,959,19,959,19,978,20,998,21,1019
3,960,2,960,2,962,3,965,4,969
3,960,3,960,3,963,4,967,5,972
3,960,5,960,5,965,6,971,7,978
3,960,7,960,7,967,8,975,9,984
3,960,11,960,11,971,12,983,13,996
3,960,13,960,13,973,14,987,15,1002
3,960,17,960,17,977,18,995,19,1014
3,960,19,960,19,979,20,999,21,1020
3,961,2,961,2,963,3,966,4,970
3,961,3,961,3,964,4,968,5,973
3,961,5,961,5,966,6,972,7,979
3,961,7,961,7,968,8,976,9,985
3,961,11,961,11,972,12,984,13,997
3,961,13,961,13,974,14,988,15,1003
3,961,17,961,17,978,18,996,19,1015
3,961,19,961,19,980,20,1000,21,1021
3,962,2,962,2,964,3,967,4,971
3,962,3,962,3,965,4,969,5,974
3,962,5,962,5,967,6,973,7,980
3,962,7,962,7,969,8,977,9,986
3,962,11,962,11,973,12,985,13,998
3,962,13,962,13,975,14,989,15,1004
3,962,17,962,17,979,18,997,19,1016
3,962,19,962,19,981,20,1001,21,1022
3,963,2,963,2,965,3,968,4,972
3,963,3,963,3,966,4,970,5,975
3,963,5,963,5,968,6,974,7,981
3,963,7,963,7,970,8,978,9,987
3,963,11,963,11,974,12,986,13,999
3,963,13,963,13,976,14,990,15,1005
3,963,17,963,17,980,18,998,19,1017
3,963,19,963,19,982,20,1002,21,1023
3,964,2,964,2,966,3,969,4,973
3,964,3,964,3,967,4,971,5,976
3,964,5,964,5,969,6,975,7,982
3,964,7,964,7,971,8,979,9,988
3,964,11,964,11,975,12,987,13,1000
3,964,13,964,13,977,14,991,15,1006
3,964,17,964,17,981,18,999,19,1018
3,964,19,964,19,983,20,1003,21,1024
3,965,2,965,2,967,3,970,4,974
3,965,3,965,3,968,4,972,5,977
3,965,5,965,5,970,6,976,7,983
3,965,7,965,7,972,8,980,9,989
3,965,11,965,11,976,12,988,13,1001
3,965,13,965,13,978,14,992,15,1007
3,965,17,965,17,982,18,1000,19,1019
3,965,19,965,19,984,20,1004,21,1025
3,966,2,966,2,968,3,971,4,975
3,966,3,966,3,969,4,973,5,978
3,966,5,966,5,971,6,977,7,984
3,966,7,966,7,973,8,981,9,990
3,966,11,966,11,977,12,989,13,1002
3,966,13,966,13,979,14,993,15,1008
3,966,17,966,17,983,18,1001,19,1020
3,966,19,966,19,985,20,1005,21,1026
3,967,2,967,2,969,3,972,4,976
3,967,3,967,3,970,4,974,5,979
3,967,5,967,5,972,6,978,7,985
3,967,7,967,7,974,8,982,9,991
3,967,11,967,11,978,12,990,13,1003
3,967,13,967,13,980,14,994,15,1009
3,967,17,967,17,984,18,1002,19,1021
3,967,19,967,19,986,20,1006,21,1027
3,968,2,968,2,970,3,973,4,977
3,968,3,968,3,971,4,975,5,980
3,968,5,968,5,973,6,979,7,986
3,968,7,968,7,975,8,983,9,992
3,968,11,968,11,979,12,991,13,1004
3,968,13,968,13,981,14,995,15,1010
3,968,17,968,17,985,18,1003,19,1022
3,968,19,968,19,987,20,1007,21,1028
3,969,2,969,2,971,3,974,4,978
3,969,3,969,3,972,4,976,5,981
3,969,5,969,5,974,6,980,7,987
3,969,7,969,7,976,8,984,9,993
3,969,11,969,11,980,12,992,13,1005
3,969,13,969,13,982,14,996,15,1011
3,969,17,969,17,986,18,1004,19,1023
3,969,19,969,19,988,20,1008,21,1029
3,970,2,970,2,972,3,975,4,979
3,970,3,970,3,973,4,977,5,982
3,970,5,970,5,975,6,981,7,988
3,970,7,970,7,977,8,985,9,994
3,970,11,970,11,981,12,993,13,1006
3,970,13,970,13,983,14,997,15,1012
3,970,17,970,17,987,18,1005,19,1024
3,970,19,970,19,989,20,1009,21,1030
3,971,2,971,2,973,3,976,4,980
3,971,3,971,3,974,4,978,5,983
3,971,5,971,5,976,6,982,7,989
3,971,7,971,7,978,8,986,9,995
3,971,11,971,11,982,12,994,13,1007
3,971,13,971,13,984,14,998,15,1013
3,971,17,971,17,988,18,1006,19,1025
3,971,19,971,19,990,20,1010,21,1031
3,972,2,972,2,974,3,977,4,981
3,972,3,972,3,975,4,979,5,984
3,972,5,972,5,977,6,983,7,990
3,972,7,972,7,979,8,987,9,996
3,972,11,972,11,983,12,995,13,1008
3,972,13,972,13,985,14,999,15,1014
3,972,17,972,17,989,18,1007,19,1026
3,972,19,972,19,991,20,1011,21,1032
3,973,2,973,2,975,3,978,4,982
3,973,3,973,3,976,4,980,5,985
3,973,5,973,5,978,6,984,7,991
3,973,7,973,7,980,8,988,9,997
3,973,11,973,11,984,12,996,13,1009
3,973,13,973,13,986,14,1000,15,1015
3,973,17,973,17,990,18,1008,19,1027
3,973,19,973,19,992,20,1012,21,1033
3,974,2,974,2,976,3,979,4,983
3,974,3,974,3,977,4,981,5,986
3,974,5,974,5,979,6,985,7,992
3,974,7,974,7,981,8,989,9,998
3,974,11,974,11,985,12,997,13,1010
3,974,13,974,13,987,14,1001,15,1016
3,974,17,974,17,991,18,1009,19,1028
3,974,19,974,19,993,20,1013,21,1034
3,975,2,975,2,977,3,980,4,984
3,975,3,975,3,978,4,982,5,987
3,975,5,975,5,980,6,986,7,993
3,975,7,975,7,982,8,990,9,999
3,975,11,975,11,986,12,998,13,1011
3,975,13,975,13,988,14,1002,15,1017
3,975,17,975,17,992,18,1010,19,1029
3,975,19,975,19,994,20,1014,21,1035
3,976,2,976,2,978,3,981,4,985
3,976,3,976,3,979,4,983,5,988
3,976,5,976,5,981,6,987,7,994
3,976,7,976,7,983,8,991,9,1000
3,976,11,976,11,987,12,999,13,1012
3,976,13,976,13,989,14,1003,15,1018
3,976,17,976,17,993,18,1011,19,1030
3,976,19,976,19,995,20,1015,21,1036
3,977,2,977,2,979,3,982,4,986
3,977,3,977,3,980,4,984,5,989
3,977,5,977,5,982,6,988,7,995
3,977,7,977,7,984,8,992,9,1001
3,977,11,977,11,988,12,1000,13,1013
3,977,13,977,13,990,14,1004,15,1019
3,977,17,977,17,994,18,1012,19,1031
3,977,19,977,19,996,20,1016,21,1037
3,978,2,978,2,980,3,983,4,987
3,978,3,978,3,981,4,985,5,990
3,978,5,978,5,983,6,989,7,996
3,978,7,978,7,985,8,993,9,1002
3,978,11,978,11,989,12,1001,13,1014
3,978,13,978,13,991,14,1005,15,1020
3,978,17,978,17,995,18,1013,19,1032
3,978,19,978,19,997,20,1017,21,1038
3,979,2,979,2,981,3,984,4,988
3,979,3,979,3,982,4,986,5,991
3,979,5,979,5,984,6,990,7,997
3,979,7,979,7,986,8,994,9,1003
3,979,11,979,11,990,12,1002,13,1015
3,979,13,979,13,992,14,1006,15,1021
3,979,17,979,17,996,18,1014,19,1033
3,979,19,979,19,998,20,1018,21,1039
3,980,2,980,2,982,3,985,4,989
3,980,3,980,3,983,4,987,5,992
3,980,5,980,5,985,6,991,7,998
3,980,7,980,7,987,8,995,9,1004
3,980,11,980,11,991,12,1003,13,1016
3,980,13,980,13,993,14,1007,15,1022
3,980,17,980,17,997,18,1015,19,1034
3,980,19,980,19,999,20,1019,21,1040
3,981,2,981,2,983,3,986,4,990
3,981,3,981,3,984,4,988,5,993
3,981,5,981,5,986,6,992,7,999
3,981,7,981,7,988,8,996,9,1005
3,981,11,981,11,992,12,1004,13,1017
3,981,13,981,13,994,14,1008,15,1023
3,981,17,981,17,998,18,1016,19,1035
3,981,19,981,19,1000,20,1020,21,1041
3,982,2,982,2,984,3,987,4,991
3,982,3,982,3,985,4,989,5,994
3,982,5,982,5,987,6,993,7,1000
3,982,7,982,7,989,8,997,9,1006
3,982,11,982,11,993,12,1005,13,1018
3,982,13,982,13,995,14,1009,15,1024
3,982,17,982,17,999,18,1017,19,1036
3,982,19,982,19,1001,20,1021,21,1042
3,983,2,983,2,985,3,988,4,992
3,983,3,983,3,986,4,990,5,995
3,983,5,983,5,988,6,994,7,1001
3,983,7,983,7,990,8,998,9,1007
3,983,11,983,11,994,12,1006,13,1019
3,983,13,983,13,996,14,1010,15,1025
3,983,17,983,17,1000,18,1018,19,1037
3,983,19,983,19,1002,20,1022,21,1043
3,984,2,984,2,986,3,989,4,993
3,984,3,984,3,987,4,991,5,996
3,984,5,984,5,989,6,995,7,1002
3,984,7,984,7,991,8,999,9,1008
3,984,11,984,11,995,12,1007,13,1020
3,984,13,984,13,997,14,1011,15,1026
3,984,17,984,17,1001,18,1019,19,1038
3,984,19,984,19,1003,20,1023,21,1044
3,985,2,985,2,987,3,990,4,994
3,985,3,985,3,988,4,992,5,997
3,985,5,985,5,990,6,996,7,1003
3,985,7,985,7,992,8,1000,9,1009
3,985,11,985,11,996,12,1008,13,1021
3,985,13,985,13,998,14,1012,15,1027
3,985,17,985,17,1002,18,1020,19,1039
3,985,19,985,19,1004,20,1024,21,1045
3,986,2,986,2,988,3,991,4,995
3,986,3,986,3,989,4,993,5,998
3,986,5,986,5,991,6,997,7,1004
3,986,7,986,7,993,8,1001,9,1010
3,986,11,986,11,997,12,1009,13,1022
3,986,13,986,13,999,14,1013,15,1028
3,986,17,986,17,1003,18,1021,19,1040
3,986,19,986,19,1005,20,1025,21,1046
3,987,2,987,2,989,3,992,4,996
3,987,3,987,3,990,4,994,5,999
3,987,5,987,5,992,6,998,7,1005
3,987,7,987,7,994,8,1002,9,1011
3,987,11,987,11,998,12,1010,13,1023
3,987,13,987,13,1000,14,1014,15,1029
3,987,17,987,17,1004,18,1022,19,1041
3,987,19,987,19,1006,20,1026,21,1047
3,988,2,988,2,990,3,993,4,997
3,988,3,988,3,991,4,995,5,1000
3,988,5,988,5,993,6,999,7,1006
3,988,7,988,7,995,8,1003,9,1012
3,988,11,988,11,999,12,1011,13,1024
3,988,13,988,13,1001,14,1015,15,1030
3,988,17,988,17,1005,18,1023,19,1042
3,988,19,988,19,1007,20,1027,21,1048
3,989,2,989,2,991,3,994,4,998
3,989,3,989,3,992,4,996,5,1001
3,989,5,989,5,994,6,1000,7,1007
3,989,7,989,7,996,8,1004,9,1013
3,989,11,989,11,1000,12,1012,13,1025
3,989,13,989,13,1002,14,1016,15,1031
3,989,17,989,17,1006,18,1024,19,1043
3,989,19,989,19,1008,20,1028,21,1049
3,990,2,990,2,992,3,995,4,999
3,990,3,990,3,993,4,997,5,1002
3,990,5,990,5,995,6,1001,7,1008
3,990,7,990,7,997,8,1005,9,1014
3,990,11,990,11,1001,12,1013,13,1026
3,990,13,990,13,1003,14,1017,15,1032
3,990,17,990,17,1007,18,1025,19,1044
3,990,19,990,19,1009,20,1029,21,1050
3,991,2,991,2,993,3,996,4,1000
3,991,3,991,3,994,4,998,5,1003
3,991,5,991,5,996,6,1002,7,1009
3,991,7,991,7,998,8,1006,9,1015
3,991,11,991,11,1002,12,1014,13,1027
3,991,13,991,13,1004,14,1018,15,1033
3,991,17,991,17,1008,18,1026,19,1045
3,991,19,991,19,1010,20,1030,21,1051
3,992,2,992,2,994,3,997,4,1001
3,992,3,992,3,995,4,999,5,1004
3,992,5,992,5,997,6,1003,7,1010
3,992,7,992,7,999,8,1007,9,1016
3,992,11,992,11,1003,12,1015,13,1028
3,992,13,992,13,1005,14,1019,15,1034
3,992,17,992,17,1009,18,1027,19,1046
3,992,19,992,19,1011,20,1031,21,1052
3,993,2,993,2,995,3,998,4,1002
3,993,3,993,3,996,4,1000,5,1005
3,993,5,993,5,998,6,1004,7,1011
3,993,7,993,7,1000,8,1008,9,1017
3,993,11,993,11,1004,12,1016,13,1029
3,993,13,993,13,1006,14,1020,15,1035
3,993,17,993,17,1010,18,1028,19,1047
3,993,19,993,19,1012,20,1032,21,1053
3,994,2,994,2,996,3,999,4,1003
3,994,3,994,3,997,4,1001,5,1006
3,994,5,994,5,999,6,1005,7,1012
3,994,7,994,7,1001,8,1009,9,1018
3,994,11,994,11,1005,12,1017,13,1030
3,994,13,994,13,1007,14,1021,15,1036
3,994,17,994,17,1011,18,1029,19,1048
3,994,19,994,19,1013,20,1033,21,1054
3,995,2,995,2,997,3,1000,4,1004
3,995,3,995,3,998,4,1002,5,1007
3,995,5,995,5,1000,6,1006,7,1013
3,995,7,995,7,1002,8,1010,9,1019
3,995,11,995,11,1006,12,1018,13,1031
3,995,13,995,13,1008,14,1022,15,1037
3,995,17,995,17,1012,18,1030,19,1049
3,995,19,995,19,1014,20,1034,21,1055
3,996,2,996,2,998,3,1001,4,1005
3,996,3,996,3,999,4,1003,5,1008
3,996,5,996,5,1001,6,1007,7,1014
3,996,7,996,7,1003,8,1011,9,1020
3,996,11,996,11,1007,12,1019,13,1032
3,996,13,996,13,1009,14,1023,15,1038
3,996,17,996,17,1013,18,1031,19,1050
3,996,19,996,19,1015,20,1035,21,1056
3,997,2,997,2,999,3,1002,4,1006
3,997,3,997,3,1000,4,1004,5,1009
3,997,5,997,5,1002,6,1008,7,1015
3,997,7,997,7,1004,8,1012,9,1021
3,997,11,997,11,1008,12,1020,13,1033
3,997,13,997,13,1010,14,1024,15,1039
3,997,17,997,17,1014,18,1032,19,1051
3,997,19,997,19,1016,20,1036,21,1057
3,998,2,998,2,1000,3,1003,4,1007
3,998,3,998,3,1001,4,1005,5,1010
3,998,5,998,5,1003,6,1009,7,1016
3,998,7,998,7,1005,8,1013,9,1022
3,998,11,998,11,1009,12,1021,13,1034
3,998,13,998,13,1011,14,1025,15,1040
3,998,17,998,17,1015,18,1033,19,1052
3,998,19,998,19,1017,20,1037,21,1058
