1,2,2,2,4,6,8,10,12,14
1,2,3,2,5,8,11,14,17,20
1,2,5,2,7,12,17,22,27,32
1,2,7,2,9,16,23,30,37,44
1,2,11,2,13,24,35,46,57,68
1,2,13,2,15,28,41,54,67,80
1,2,17,2,19,36,53,70,87,104
1,2,19,2,21,40,59,78,97,116
1,3,2,3,5,7,9,11,13,15
1,3,3,3,6,9,12,15,18,21
1,3,5,3,8,13,18,23,28,33
1,3,7,3,10,17,24,31,38,45
1,3,11,3,14,25,36,47,58,69
1,3,13,3,16,29,42,55,68,81
1,3,17,3,20,37,54,71,88,105
1,3,19,3,22,41,60,79,98,117
1,4,2,4,6,8,10,12,14,16
1,4,3,4,7,10,13,16,19,22
1,4,5,4,9,14,19,24,29,34
1,4,7,4,11,18,25,32,39,46
1,4,11,4,15,26,37,48,59,70
1,4,13,4,17,30,43,56,69,82
1,4,17,4,21,38,55,72,89,106
1,4,19,4,23,42,61,80,99,118
1,5,2,5,7,9,11,13,15,17
1,5,3,5,8,11,14,17,20,23
1,5,5,5,10,15,20,25,30,35
1,5,7,5,12,19,26,33,40,47
1,5,11,5,16,27,38,49,60,71
1,5,13,5,18,31,44,57,70,83
1,5,17,5,22,39,56,73,90,107
1,5,19,5,24,43,62,81,100,119
1,6,2,6,8,10,12,14,16,18
1,6,3,6,9,12,15,18,21,24
1,6,5,6,11,16,21,26,31,36
1,6,7,6,13,20,27,34,41,48
1,6,11,6,17,28,39,50,61,72
1,6,13,6,19,32,45,58,71,84
1,6,17,6,23,40,57,74,91,108
1,6,19,6,25,44,63,82,101,120
1,7,2,7,9,11,13,15,17,19
1,7,3,7,10,13,16,19,22,25
1,7,5,7,12,17,22,27,32,37
1,7,7,7,14,21,28,35,42,49
1,7,11,7,18,29,40,51,62,73
1,7,13,7,20,33,46,59,72,85
1,7,17,7,24,41,58,75,92,109
1,7,19,7,26,45,64,83,102,121
1,8,2,8,10,12,14,16,18,20
1,8,3,8,11,14,17,20,23,26
1,8,5,8,13,18,23,28,33,38
1,8,7,8,15,22,29,36,43,50
1,8,11,8,19,30,41,52,63,74
1,8,13,8,21,34,47,60,73,86
1,8,17,8,25,42,59,76,93,110
1,8,19,8,27,46,65,84,103,122
1,9,2,9,11,13,15,17,19,21
1,9,3,9,12,15,18,21,24,27
1,9,5,9,14,19,24,29,34,39
1,9,7,9,16,23,30,37,44,51
1,9,11,9,20,31,42,53,64,75
1,9,13,9,22,35,48,61,74,87
1,9,17,9,26,43,60,77,94,111
1,9,19,9,28,47,66,85,104,123
1,10,2,10,12,14,16,18,20,22
1,10,3,10,13,16,19,22,25,28
1,10,5,10,15,20,25,30,35,40
1,10,7,10,17,24,31,38,45,52
1,10,11,10,21,32,43,54,65,76
1,10,13,10,23,36,49,62,75,88
1,10,17,10,27,44,61,78,95,112
1,10,19,10,29,48,67,86,105,124
1,11,2,11,13,15,17,19,21,23
1,11,3,11,14,17,20,23,26,29
1,11,5,11,16,21,26,31,36,41
1,11,7,11,18,25,32,39,46,53
1,11,11,11,22,33,44,55,66,77
1,11,13,11,24,37,50,63,76,89
1,11,17,11,28,45,62,79,96,113
1,11,19,11,30,49,68,87,106,125
1,12,2,12,14,16,18,20,22,24
1,12,3,12,15,18,21,24,27,30
1,12,5,12,17,22,27,32,37,42
1,12,7,12,19,26,33,40,47,54
1,12,11,12,23,34,45,56,67,78
1,12,13,12,25,38,51,64,77,90
1,12,17,12,29,46,63,80,97,114
1,12,19,12,31,50,69,88,107,126
1,13,2,13,15,17,19,21,23,25
1,13,3,13,16,19,22,25,28,31
1,13,5,13,18,23,28,33,38,43
1,13,7,13,20,27,34,41,48,55
1,13,11,13,24,35,46,57,68,79
1,13,13,13,26,39,52,65,78,91
1,13,17,13,30,47,64,81,98,115
1,13,19,13,32,51,70,89,108,127
1,14,2,14,16,18,20,22,24,26
1,14,3,14,17,20,23,26,29,32
1,14,5,14,19,24,29,34,39,44
1,14,7,14,21,28,35,42,49,56
1,14,11,14,25,36,47,58,69,80
1,14,13,14,27,40,53,66,79,92
1,14,17,14,31,48,65,82,99,116
1,14,19,14,33,52,71,90,109,128
1,15,2,15,17,19,21,23,25,27
1,15,3,15,18,21,24,27,30,33
1,15,5,15,20,25,30,35,40,45
1,15,7,15,22,29,36,43,50,57
1,15,11,15,26,37,48,59,70,81
1,15,13,15,28,41,54,67,80,93
1,15,17,15,32,49,66,83,100,117
1,15,19,15,34,53,72,91,110,129
1,16,2,16,18,20,22,24,26,28
1,16,3,16,19,22,25,28,31,34
1,16,5,16,21,26,31,36,41,46
1,16,7,16,23,30,37,44,51,58
1,16,11,16,27,38,49,60,71,82
1,16,13,16,29,42,55,68,81,94
1,16,17,16,33,50,67,84,101,118
1,16,19,16,35,54,73,92,111,130
1,17,2,17,19,21,23,25,27,29
1,17,3,17,20,23,26,29,32,35
1,17,5,17,22,27,32,37,42,47
1,17,7,17,24,31,38,45,52,59
1,17,11,17,28,39,50,61,72,83
1,17,13,17,30,43,56,69,82,95
1,17,17,17,34,51,68,85,102,119
1,17,19,17,36,55,74,93,112,131
1,18,2,18,20,22,24,26,28,30
1,18,3,18,21,24,27,30,33,36
1,18,5,18,23,28,33,38,43,48
1,18,7,18,25,32,39,46,53,60
1,18,11,18,29,40,51,62,73,84
1,18,13,18,31,44,57,70,83,96
1,18,17,18,35,52,69,86,103,120
1,18,19,18,37,56,75,94,113,132
1,19,2,19,21,23,25,27,29,31
1,19,3,19,22,25,28,31,34,37
1,19,5,19,24,29,34,39,44,49
1,19,7,19,26,33,40,47,54,61
1,19,11,19,30,41,52,63,74,85
1,19,13,19,32,45,58,71,84,97
1,19,17,19,36,53,70,87,104,121
1,19,19,19,38,57,76,95,114,133
1,20,2,20,22,24,26,28,30,32
1,20,3,20,23,26,29,32,35,38
1,20,5,20,25,30,35,40,45,50
1,20,7,20,27,34,41,48,55,62
1,20,11,20,31,42,53,64,75,86
1,20,13,20,33,46,59,72,85,98
1,20,17,20,37,54,71,88,105,122
1,20,19,20,39,58,77,96,115,134
1,21,2,21,23,25,27,29,31,33
1,21,3,21,24,27,30,33,36,39
1,21,5,21,26,31,36,41,46,51
1,21,7,21,28,35,42,49,56,63
1,21,11,21,32,43,54,65,76,87
1,21,13,21,34,47,60,73,86,99
1,21,17,21,38,55,72,89,106,123
1,21,19,21,40,59,78,97,116,135
1,22,2,22,24,26,28,30,32,34
1,22,3,22,25,28,31,34,37,40
1,22,5,22,27,32,37,42,47,52
1,22,7,22,29,36,43,50,57,64
1,22,11,22,33,44,55,66,77,88
1,22,13,22,35,48,61,74,87,100
1,22,17,22,39,56,73,90,107,124
1,22,19,22,41,60,79,98,117,136
1,23,2,23,25,27,29,31,33,35
1,23,3,23,26,29,32,35,38,41
1,23,5,23,28,33,38,43,48,53
1,23,7,23,30,37,44,51,58,65
1,23,11,23,34,45,56,67,78,89
1,23,13,23,36,49,62,75,88,101
1,23,17,23,40,57,74,91,108,125
1,23,19,23,42,61,80,99,118,137
1,24,2,24,26,28,30,32,34,36
1,24,3,24,27,30,33,36,39,42
1,24,5,24,29,34,39,44,49,54
1,24,7,24,31,38,45,52,59,66
1,24,11,24,35,46,57,68,79,90
1,24,13,24,37,50,63,76,89,102
1,24,17,24,41,58,75,92,109,126
1,24,19,24,43,62,81,100,119,138
1,25,2,25,27,29,31,33,35,37
1,25,3,25,28,31,34,37,40,43
1,25,5,25,30,35,40,45,50,55
1,25,7,25,32,39,46,53,60,67
1,25,11,25,36,47,58,69,80,91
1,25,13,25,38,51,64,77,90,103
1,25,17,25,42,59,76,93,110,127
1,25,19,25,44,63,82,101,120,139
1,26,2,26,28,30,32,34,36,38
1,26,3,26,29,32,35,38,41,44
1,26,5,26,31,36,41,46,51,56
1,26,7,26,33,40,47,54,61,68
1,26,11,26,37,48,59,70,81,92
1,26,13,26,39,52,65,78,91,104
1,26,17,26,43,60,77,94,111,128
1,26,19,26,45,64,83,102,121,140
1,27,2,27,29,31,33,35,37,39
1,27,3,27,30,33,36,39,42,45
1,27,5,27,32,37,42,47,52,57
1,27,7,27,34,41,48,55,62,69
1,27,11,27,38,49,60,71,82,93
1,27,13,27,40,53,66,79,92,105
1,27,17,27,44,61,78,95,112,129
1,27,19,27,46,65,84,103,122,141
1,28,2,28,30,32,34,36,38,40
1,28,3,28,31,34,37,40,43,46
1,28,5,28,33,38,43,48,53,58
1,28,7,28,35,42,49,56,63,70
1,28,11,28,39,50,61,72,83,94
1,28,13,28,41,54,67,80,93,106
1,28,17,28,45,62,79,96,113,130
1,28,19,28,47,66,85,104,123,142
1,29,2,29,31,33,35,37,39,41
1,29,3,29,32,35,38,41,44,47
1,29,5,29,34,39,44,49,54,59
1,29,7,29,36,43,50,57,64,71
1,29,11,29,40,51,62,73,84,95
1,29,13,29,42,55,68,81,94,107
1,29,17,29,46,63,80,97,114,131
1,29,19,29,48,67,86,105,124,143
1,30,2,30,32,34,36,38,40,42
1,30,3,30,33,36,39,42,45,48
1,30,5,30,35,40,45,50,55,60
1,30,7,30,37,44,51,58,65,72
1,30,11,30,41,52,63,74,85,96
1,30,13,30,43,56,69,82,95,108
1,30,17,30,47,64,81,98,115,132
1,30,19,30,49,68,87,106,125,144
1,31,2,31,33,35,37,39,41,43
1,31,3,31,34,37,40,43,46,49
1,31,5,31,36,41,46,51,56,61
1,31,7,31,38,45,52,59,66,73
1,31,11,31,42,53,64,75,86,97
1,31,13,31,44,57,70,83,96,109
1,31,17,31,48,65,82,99,116,133
1,31,19,31,50,69,88,107,126,145
1,32,2,32,34,36,38,40,42,44
1,32,3,32,35,38,41,44,47,50
1,32,5,32,37,42,47,52,57,62
1,32,7,32,39,46,53,60,67,74
1,32,11,32,43,54,65,76,87,98
1,32,13,32,45,58,71,84,97,110
1,32,17,32,49,66,83,100,117,134
1,32,19,32,51,70,89,108,127,146
1,33,2,33,35,37,39,41,43,45
1,33,3,33,36,39,42,45,48,51
1,33,5,33,38,43,48,53,58,63
1,33,7,33,40,47,54,61,68,75
1,33,11,33,44,55,66,77,88,99
1,33,13,33,46,59,72,85,98,111
1,33,17,33,50,67,84,101,118,135
1,33,19,33,52,71,90,109,128,147
1,34,2,34,36,38,40,42,44,46
1,34,3,34,37,40,43,46,49,52
1,34,5,34,39,44,49,54,59,64
1,34,7,34,41,48,55,62,69,76
1,34,11,34,45,56,67,78,89,100
1,34,13,34,47,60,73,86,99,112
1,34,17,34,51,68,85,102,119,136
1,34,19,34,53,72,91,110,129,148
1,35,2,35,37,39,41,43,45,47
1,35,3,35,38,41,44,47,50,53
1,35,5,35,40,45,50,55,60,65
1,35,7,35,42,49,56,63,70,77
1,35,11,35,46,57,68,79,90,101
1,35,13,35,48,61,74,87,100,113
1,35,17,35,52,69,86,103,120,137
1,35,19,35,54,73,92,111,130,149
1,36,2,36,38,40,42,44,46,48
1,36,3,36,39,42,45,48,51,54
1,36,5,36,41,46,51,56,61,66
1,36,7,36,43,50,57,64,71,78
1,36,11,36,47,58,69,80,91,102
1,36,13,36,49,62,75,88,101,114
1,36,17,36,53,70,87,104,121,138
1,36,19,36,55,74,93,112,131,150
1,37,2,37,39,41,43,45,47,49
1,37,3,37,40,43,46,49,52,55
1,37,5,37,42,47,52,57,62,67
1,37,7,37,44,51,58,65,72,79
1,37,11,37,48,59,70,81,92,103
1,37,13,37,50,63,76,89,102,115
1,37,17,37,54,71,88,105,122,139
1,37,19,37,56,75,94,113,132,151
1,38,2,38,40,42,44,46,48,50
1,38,3,38,41,44,47,50,53,56
1,38,5,38,43,48,53,58,63,68
1,38,7,38,45,52,59,66,73,80
1,38,11,38,49,60,71,82,93,104
1,38,13,38,51,64,77,90,103,116
1,38,17,38,55,72,89,106,123,140
1,38,19,38,57,76,95,114,133,152
1,39,2,39,41,43,45,47,49,51
1,39,3,39,42,45,48,51,54,57
1,39,5,39,44,49,54,59,64,69
1,39,7,39,46,53,60,67,74,81
1,39,11,39,50,61,72,83,94,105
1,39,13,39,52,65,78,91,104,117
1,39,17,39,56,73,90,107,124,141
1,39,19,39,58,77,96,115,134,153
1,40,2,40,42,44,46,48,50,52
1,40,3,40,43,46,49,52,55,58
1,40,5,40,45,50,55,60,65,70
1,40,7,40,47,54,61,68,75,82
1,40,11,40,51,62,73,84,95,106
1,40,13,40,53,66,79,92,105,118
1,40,17,40,57,74,91,108,125,142
1,40,19,40,59,78,97,116,135,154
1,41,2,41,43,45,47,49,51,53
1,41,3,41,44,47,50,53,56,59
1,41,5,41,46,51,56,61,66,71
1,41,7,41,48,55,62,69,76,83
1,41,11,41,52,63,74,85,96,107
1,41,13,41,54,67,80,93,106,119
1,41,17,41,58,75,92,109,126,143
1,41,19,41,60,79,98,117,136,155
1,42,2,42,44,46,48,50,52,54
1,42,3,42,45,48,51,54,57,60
1,42,5,42,47,52,57,62,67,72
1,42,7,42,49,56,63,70,77,84
1,42,11,42,53,64,75,86,97,108
1,42,13,42,55,68,81,94,107,120
1,42,17,42,59,76,93,110,127,144
1,42,19,42,61,80,99,118,137,156
1,43,2,43,45,47,49,51,53,55
1,43,3,43,46,49,52,55,58,61
1,43,5,43,48,53,58,63,68,73
1,43,7,43,50,57,64,71,78,85
1,43,11,43,54,65,76,87,98,109
1,43,13,43,56,69,82,95,108,121
1,43,17,43,60,77,94,111,128,145
1,43,19,43,62,81,100,119,138,157
1,44,2,44,46,48,50,52,54,56
1,44,3,44,47,50,53,56,59,62
1,44,5,44,49,54,59,64,69,74
1,44,7,44,51,58,65,72,79,86
1,44,11,44,55,66,77,88,99,110
1,44,13,44,57,70,83,96,109,122
1,44,17,44,61,78,95,112,129,146
1,44,19,44,63,82,101,120,139,158
1,45,2,45,47,49,51,53,55,57
1,45,3,45,48,51,54,57,60,63
1,45,5,45,50,55,60,65,70,75
1,45,7,45,52,59,66,73,80,87
1,45,11,45,56,67,78,89,100,111
1,45,13,45,58,71,84,97,110,123
1,45,17,45,62,79,96,113,130,147
1,45,19,45,64,83,102,121,140,159
1,46,2,46,48,50,52,54,56,58
1,46,3,46,49,52,55,58,61,64
1,46,5,46,51,56,61,66,71,76
1,46,7,46,53,60,67,74,81,88
1,46,11,46,57,68,79,90,101,112
1,46,13,46,59,72,85,98,111,124
1,46,17,46,63,80,97,114,131,148
1,46,19,46,65,84,103,122,141,160
1,47,2,47,49,51,53,55,57,59
1,47,3,47,50,53,56,59,62,65
1,47,5,47,52,57,62,67,72,77
1,47,7,47,54,61,68,75,82,89
1,47,11,47,58,69,80,91,102,113
1,47,13,47,60,73,86,99,112,125
1,47,17,47,64,81,98,115,132,149
1,47,19,47,66,85,104,123,142,161
1,48,2,48,50,52,54,56,58,60
1,48,3,48,51,54,57,60,63,66
1,48,5,48,53,58,63,68,73,78
1,48,7,48,55,62,69,76,83,90
1,48,11,48,59,70,81,92,103,114
1,48,13,48,61,74,87,100,113,126
1,48,17,48,65,82,99,116,133,150
1,48,19,48,67,86,105,124,143,162
1,49,2,49,51,53,55,57,59,61
1,49,3,49,52,55,58,61,64,67
1,49,5,49,54,59,64,69,74,79
1,49,7,49,56,63,70,77,84,91
1,49,11,49,60,71,82,93,104,115
1,49,13,49,62,75,88,101,114,127
1,49,17,49,66,83,100,117,134,151
1,49,19,49,68,87,106,125,144,163
1,50,2,50,52,54,56,58,60,62
1,50,3,50,53,56,59,62,65,68
1,50,5,50,55,60,65,70,75,80
1,50,7,50,57,64,71,78,85,92
1,50,11,50,61,72,83,94,105,116
1,50,13,50,63,76,89,102,115,128
1,50,17,50,67,84,101,118,135,152
1,50,19,50,69,88,107,126,145,164
1,51,2,51,53,55,57,59,61,63
1,51,3,51,54,57,60,63,66,69
1,51,5,51,56,61,66,71,76,81
1,51,7,51,58,65,72,79,86,93
1,51,11,51,62,73,84,95,106,117
1,51,13,51,64,77,90,103,116,129
1,51,17,51,68,85,102,119,136,153
1,51,19,51,70,89,108,127,146,165
1,52,2,52,54,56,58,60,62,64
1,52,3,52,55,58,61,64,67,70
1,52,5,52,57,62,67,72,77,82
1,52,7,52,59,66,73,80,87,94
1,52,11,52,63,74,85,96,107,118
1,52,13,52,65,78,91,104,117,130
1,52,17,52,69,86,103,120,137,154
1,52,19,52,71,90,109,128,147,166
1,53,2,53,55,57,59,61,63,65
1,53,3,53,56,59,62,65,68,71
1,53,5,53,58,63,68,73,78,83
1,53,7,53,60,67,74,81,88,95
1,53,11,53,64,75,86,97,108,119
1,53,13,53,66,79,92,105,118,131
1,53,17,53,70,87,104,121,138,155
1,53,19,53,72,91,110,129,148,167
1,54,2,54,56,58,60,62,64,66
1,54,3,54,57,60,63,66,69,72
1,54,5,54,59,64,69,74,79,84
1,54,7,54,61,68,75,82,89,96
1,54,11,54,65,76,87,98,109,120
1,54,13,54,67,80,93,106,119,132
1,54,17,54,71,88,105,122,139,156
1,54,19,54,73,92,111,130,149,168
1,55,2,55,57,59,61,63,65,67
1,55,3,55,58,61,64,67,70,73
1,55,5,55,60,65,70,75,80,85
1,55,7,55,62,69,76,83,90,97
1,55,11,55,66,77,88,99,110,121
1,55,13,55,68,81,94,107,120,133
1,55,17,55,72,89,106,123,140,157
1,55,19,55,74,93,112,131,150,169
1,56,2,56,58,60,62,64,66,68
1,56,3,56,59,62,65,68,71,74
1,56,5,56,61,66,71,76,81,86
1,56,7,56,63,70,77,84,91,98
1,56,11,56,67,78,89,100,111,122
1,56,13,56,69,82,95,108,121,134
1,56,17,56,73,90,107,124,141,158
1,56,19,56,75,94,113,132,151,170
1,57,2,57,59,61,63,65,67,69
1,57,3,57,60,63,66,69,72,75
1,57,5,57,62,67,72,77,82,87
1,57,7,57,64,71,78,85,92,99
1,57,11,57,68,79,90,101,112,123
1,57,13,57,70,83,96,109,122,135
1,57,17,57,74,91,108,125,142,159
1,57,19,57,76,95,114,133,152,171
1,58,2,58,60,62,64,66,68,70
1,58,3,58,61,64,67,70,73,76
1,58,5,58,63,68,73,78,83,88
1,58,7,58,65,72,79,86,93,100
1,58,11,58,69,80,91,102,113,124
1,58,13,58,71,84,97,110,123,136
1,58,17,58,75,92,109,126,143,160
1,58,19,58,77,96,115,134,153,172
1,59,2,59,61,63,65,67,69,71
1,59,3,59,62,65,68,71,74,77
1,59,5,59,64,69,74,79,84,89
1,59,7,59,66,73,80,87,94,101
1,59,11,59,70,81,92,103,114,125
1,59,13,59,72,85,98,111,124,137
1,59,17,59,76,93,110,127,144,161
1,59,19,59,78,97,116,135,154,173
1,60,2,60,62,64,66,68,70,72
1,60,3,60,63,66,69,72,75,78
1,60,5,60,65,70,75,80,85,90
1,60,7,60,67,74,81,88,95,102
1,60,11,60,71,82,93,104,115,126
1,60,13,60,73,86,99,112,125,138
1,60,17,60,77,94,111,128,145,162
1,60,19,60,79,98,117,136,155,174
1,61,2,61,63,65,67,69,71,73
1,61,3,61,64,67,70,73,76,79
1,61,5,61,66,71,76,81,86,91
1,61,7,61,68,75,82,89,96,103
1,61,11,61,72,83,94,105,116,127
1,61,13,61,74,87,100,113,126,139
1,61,17,61,78,95,112,129,146,163
1,61,19,61,80,99,118,137,156,175
1,62,2,62,64,66,68,70,72,74
1,62,3,62,65,68,71,74,77,80
1,62,5,62,67,72,77,82,87,92
1,62,7,62,69,76,83,90,97,104
1,62,11,62,73,84,95,106,117,128
1,62,13,62,75,88,101,114,127,140
1,62,17,62,79,96,113,130,147,164
1,62,19,62,81,100,119,138,157,176
1,63,2,63,65,67,69,71,73,75
1,63,3,63,66,69,72,75,78,81
1,63,5,63,68,73,78,83,88,93
1,63,7,63,70,77,84,91,98,105
1,63,11,63,74,85,96,107,118,129
1,63,13,63,76,89,102,115,128,141
1,63,17,63,80,97,114,131,148,165
1,63,19,63,82,101,120,139,158,177
1,64,2,64,66,68,70,72,74,76
1,64,3,64,67,70,73,76,79,82
1,64,5,64,69,74,79,84,89,94
1,64,7,64,71,78,85,92,99,106
1,64,11,64,75,86,97,108,119,130
1,64,13,64,77,90,103,116,129,142
1,64,17,64,81,98,115,132,149,166
1,64,19,64,83,102,121,140,159,178
1,65,2,65,67,69,71,73,75,77
1,65,3,65,68,71,74,77,80,83
1,65,5,65,70,75,80,85,90,95
1,65,7,65,72,79,86,93,100,107
1,65,11,65,76,87,98,109,120,131
1,65,13,65,78,91,104,117,130,143
1,65,17,65,82,99,116,133,150,167
1,65,19,65,84,103,122,141,160,179
1,66,2,66,68,70,72,74,76,78
1,66,3,66,69,72,75,78,81,84
1,66,5,66,71,76,81,86,91,96
1,66,7,66,73,80,87,94,101,108
1,66,11,66,77,88,99,110,121,132
1,66,13,66,79,92,105,118,131,144
1,66,17,66,83,100,117,134,151,168
1,66,19,66,85,104,123,142,161,180
1,67,2,67,69,71,73,75,77,79
1,67,3,67,70,73,76,79,82,85
1,67,5,67,72,77,82,87,92,97
1,67,7,67,74,81,88,95,102,109
1,67,11,67,78,89,100,111,122,133
1,67,13,67,80,93,106,119,132,145
1,67,17,67,84,101,118,135,152,169
1,67,19,67,86,105,124,143,162,181
1,68,2,68,70,72,74,76,78,80
1,68,3,68,71,74,77,80,83,86
1,68,5,68,73,78,83,88,93,98
1,68,7,68,75,82,89,96,103,110
1,68,11,68,79,90,101,112,123,134
1,68,13,68,81,94,107,120,133,146
1,68,17,68,85,102,119,136,153,170
1,68,19,68,87,106,125,144,163,182
1,69,2,69,71,73,75,77,79,81
1,69,3,69,72,75,78,81,84,87
1,69,5,69,74,79,84,89,94,99
1,69,7,69,76,83,90,97,104,111
1,69,11,69,80,91,102,113,124,135
1,69,13,69,82,95,108,121,134,147
1,69,17,69,86,103,120,137,154,171
1,69,19,69,88,107,126,145,164,183
1,70,2,70,72,74,76,78,80,82
1,70,3,70,73,76,79,82,85,88
1,70,5,70,75,80,85,90,95,100
1,70,7,70,77,84,91,98,105,112
1,70,11,70,81,92,103,114,125,136
1,70,13,70,83,96,109,122,135,148
1,70,17,70,87,104,121,138,155,172
1,70,19,70,89,108,127,146,165,184
1,71,2,71,73,75,77,79,81,83
1,71,3,71,74,77,80,83,86,89
1,71,5,71,76,81,86,91,96,101
1,71,7,71,78,85,92,99,106,113
1,71,11,71,82,93,104,115,126,137
1,71,13,71,84,97,110,123,136,149
1,71,17,71,88,105,122,139,156,173
1,71,19,71,90,109,128,147,166,185
1,72,2,72,74,76,78,80,82,84
1,72,3,72,75,78,81,84,87,90
1,72,5,72,77,82,87,92,97,102
1,72,7,72,79,86,93,100,107,114
1,72,11,72,83,94,105,116,127,138
1,72,13,72,85,98,111,124,137,150
1,72,17,72,89,106,123,140,157,174
1,72,19,72,91,110,129,148,167,186
1,73,2,73,75,77,79,81,83,85
1,73,3,73,76,79,82,85,88,91
1,73,5,73,78,83,88,93,98,103
1,73,7,73,80,87,94,101,108,115
1,73,11,73,84,95,106,117,128,139
1,73,13,73,86,99,112,125,138,151
1,73,17,73,90,107,124,141,158,175
1,73,19,73,92,111,130,149,168,187
1,74,2,74,76,78,80,82,84,86
1,74,3,74,77,80,83,86,89,92
1,74,5,74,79,84,89,94,99,104
1,74,7,74,81,88,95,102,109,116
1,74,11,74,85,96,107,118,129,140
1,74,13,74,87,100,113,126,139,152
1,74,17,74,91,108,125,142,159,176
1,74,19,74,93,112,131,150,169,188
1,75,2,75,77,79,81,83,85,87
1,75,3,75,78,81,84,87,90,93
1,75,5,75,80,85,90,95,100,105
1,75,7,75,82,89,96,103,110,117
1,75,11,75,86,97,108,119,130,141
1,75,13,75,88,101,114,127,140,153
1,75,17,75,92,109,126,143,160,177
1,75,19,75,94,113,132,151,170,189
1,76,2,76,78,80,82,84,86,88
1,76,3,76,79,82,85,88,91,94
1,76,5,76,81,86,91,96,101,106
1,76,7,76,83,90,97,104,111,118
1,76,11,76,87,98,109,120,131,142
1,76,13,76,89,102,115,128,141,154
1,76,17,76,93,110,127,144,161,178
1,76,19,76,95,114,133,152,171,190
1,77,2,77,79,81,83,85,87,89
1,77,3,77,80,83,86,89,92,95
1,77,5,77,82,87,92,97,102,107
1,77,7,77,84,91,98,105,112,119
1,77,11,77,88,99,110,121,132,143
1,77,13,77,90,103,116,129,142,155
1,77,17,77,94,111,128,145,162,179
1,77,19,77,96,115,134,153,172,191
1,78,2,78,80,82,84,86,88,90
1,78,3,78,81,84,87,90,93,96
1,78,5,78,83,88,93,98,103,108
1,78,7,78,85,92,99,106,113,120
1,78,11,78,89,100,111,122,133,144
1,78,13,78,91,104,117,130,143,156
1,78,17,78,95,112,129,146,163,180
1,78,19,78,97,116,135,154,173,192
1,79,2,79,81,83,85,87,89,91
1,79,3,79,82,85,88,91,94,97
1,79,5,79,84,89,94,99,104,109
1,79,7,79,86,93,100,107,114,121
1,79,11,79,90,101,112,123,134,145
1,79,13,79,92,105,118,131,144,157
1,79,17,79,96,113,130,147,164,181
1,79,19,79,98,117,136,155,174,193
1,80,2,80,82,84,86,88,90,92
1,80,3,80,83,86,89,92,95,98
1,80,5,80,85,90,95,100,105,110
1,80,7,80,87,94,101,108,115,122
1,80,11,80,91,102,113,124,135,146
1,80,13,80,93,106,119,132,145,158
1,80,17,80,97,114,131,148,165,182
1,80,19,80,99,118,137,156,175,194
1,81,2,81,83,85,87,89,91,93
1,81,3,81,84,87,90,93,96,99
1,81,5,81,86,91,96,101,106,111
1,81,7,81,88,95,102,109,116,123
1,81,11,81,92,103,114,125,136,147
1,81,13,81,94,107,120,133,146,159
1,81,17,81,98,115,132,149,166,183
1,81,19,81,100,119,138,157,176,195
1,82,2,82,84,86,88,90,92,94
1,82,3,82,85,88,91,94,97,100
1,82,5,82,87,92,97,102,107,112
1,82,7,82,89,96,103,110,117,124
1,82,11,82,93,104,115,126,137,148
1,82,13,82,95,108,121,134,147,160
1,82,17,82,99,116,133,150,167,184
1,82,19,82,101,120,139,158,177,196
1,83,2,83,85,87,89,91,93,95
1,83,3,83,86,89,92,95,98,101
1,83,5,83,88,93,98,103,108,113
1,83,7,83,90,97,104,111,118,125
1,83,11,83,94,105,116,127,138,149
1,83,13,83,96,109,122,135,148,161
1,83,17,83,100,117,134,151,168,185
1,83,19,83,102,121,140,159,178,197
1,84,2,84,86,88,90,92,94,96
1,84,3,84,87,90,93,96,99,102
1,84,5,84,89,94,99,104,109,114
1,84,7,84,91,98,105,112,119,126
1,84,11,84,95,106,117,128,139,150
1,84,13,84,97,110,123,136,149,162
1,84,17,84,101,118,135,152,169,186
1,84,19,84,103,122,141,160,179,198
1,85,2,85,87,89,91,93,95,97
1,85,3,85,88,91,94,97,100,103
1,85,5,85,90,95,100,105,110,115
1,85,7,85,92,99,106,113,120,127
1,85,11,85,96,107,118,129,140,151
1,85,13,85,98,111,124,137,150,163
1,85,17,85,102,119,136,153,170,187
1,85,19,85,104,123,142,161,180,199
1,86,2,86,88,90,92,94,96,98
1,86,3,86,89,92,95,98,101,104
1,86,5,86,91,96,101,106,111,116
1,86,7,86,93,100,107,114,121,128
1,86,11,86,97,108,119,130,141,152
1,86,13,86,99,112,125,138,151,164
1,86,17,86,103,120,137,154,171,188
1,86,19,86,105,124,143,162,181,200
1,87,2,87,89,91,93,95,97,99
1,87,3,87,90,93,96,99,102,105
1,87,5,87,92,97,102,107,112,117
1,87,7,87,94,101,108,115,122,129
1,87,11,87,98,109,120,131,142,153
1,87,13,87,100,113,126,139,152,165
1,87,17,87,104,121,138,155,172,189
1,87,19,87,106,125,144,163,182,201
1,88,2,88,90,92,94,96,98,100
1,88,3,88,91,94,97,100,103,106
1,88,5,88,93,98,103,108,113,118
1,88,7,88,95,102,109,116,123,130
1,88,11,88,99,110,121,132,143,154
1,88,13,88,101,114,127,140,153,166
1,88,17,88,105,122,139,156,173,190
1,88,19,88,107,126,145,164,183,202
1,89,2,89,91,93,95,97,99,101
1,89,3,89,92,95,98,101,104,107
1,89,5,89,94,99,104,109,114,119
1,89,7,89,96,103,110,117,124,131
1,89,11,89,100,111,122,133,144,155
1,89,13,89,102,115,128,141,154,167
1,89,17,89,106,123,140,157,174,191
1,89,19,89,108,127,146,165,184,203
1,90,2,90,92,94,96,98,100,102
1,90,3,90,93,96,99,102,105,108
1,90,5,90,95,100,105,110,115,120
1,90,7,90,97,104,111,118,125,132
1,90,11,90,101,112,123,134,145,156
1,90,13,90,103,116,129,142,155,168
1,90,17,90,107,124,141,158,175,192
1,90,19,90,109,128,147,166,185,204
1,91,2,91,93,95,97,99,101,103
1,91,3,91,94,97,100,103,106,109
1,91,5,91,96,101,106,111,116,121
1,91,7,91,98,105,112,119,126,133
1,91,11,91,102,113,124,135,146,157
1,91,13,91,104,117,130,143,156,169
1,91,17,91,108,125,142,159,176,193
1,91,19,91,110,129,148,167,186,205
1,92,2,92,94,96,98,100,102,104
1,92,3,92,95,98,101,104,107,110
1,92,5,92,97,102,107,112,117,122
1,92,7,92,99,106,113,120,127,134
1,92,11,92,103,114,125,136,147,158
1,92,13,92,105,118,131,144,157,170
1,92,17,92,109,126,143,160,177,194
1,92,19,92,111,130,149,168,187,206
1,93,2,93,95,97,99,101,103,105
1,93,3,93,96,99,102,105,108,111
1,93,5,93,98,103,108,113,118,123
1,93,7,93,100,107,114,121,128,135
1,93,11,93,104,115,126,137,148,159
1,93,13,93,106,119,132,145,158,171
1,93,17,93,110,127,144,161,178,195
1,93,19,93,112,131,150,169,188,207
1,94,2,94,96,98,100,102,104,106
1,94,3,94,97,100,103,106,109,112
1,94,5,94,99,104,109,114,119,124
1,94,7,94,101,108,115,122,129,136
1,94,11,94,105,116,127,138,149,160
1,94,13,94,107,120,133,146,159,172
1,94,17,94,111,128,145,162,179,196
1,94,19,94,113,132,151,170,189,208
1,95,2,95,97,99,101,103,105,107
1,95,3,95,98,101,104,107,110,113
1,95,5,95,100,105,110,115,120,125
1,95,7,95,102,109,116,123,130,137
1,95,11,95,106,117,128,139,150,161
1,95,13,95,108,121,134,147,160,173
1,95,17,95,112,129,146,163,180,197
1,95,19,95,114,133,152,171,190,209
1,96,2,96,98,100,102,104,106,108
1,96,3,96,99,102,105,108,111,114
1,96,5,96,101,106,111,116,121,126
1,96,7,96,103,110,117,124,131,138
1,96,11,96,107,118,129,140,151,162
1,96,13,96,109,122,135,148,161,174
1,96,17,96,113,130,147,164,181,198
1,96,19,96,115,134,153,172,191,210
1,97,2,97,99,101,103,105,107,109
1,97,3,97,100,103,106,109,112,115
1,97,5,97,102,107,112,117,122,127
1,97,7,97,104,111,118,125,132,139
1,97,11,97,108,119,130,141,152,163
1,97,13,97,110,123,136,149,162,175
1,97,17,97,114,131,148,165,182,199
1,97,19,97,116,135,154,173,192,211
1,98,2,98,100,102,104,106,108,110
1,98,3,98,101,104,107,110,113,116
1,98,5,98,103,108,113,118,123,128
1,98,7,98,105,112,119,126,133,140
1,98,11,98,109,120,131,142,153,164
1,98,13,98,111,124,137,150,163,176
1,98,17,98,115,132,149,166,183,200
1,98,19,98,117,136,155,174,193,212
2,101,2,101,103,105,107,109,111,113
2,101,3,101,104,107,110,113,116,119
2,101,5,101,106,111,116,121,126,131
2,101,7,101,108,115,122,129,136,143
2,101,11,101,112,123,134,145,156,167
2,101,13,101,114,127,140,153,166,179
2,101,17,101,118,135,152,169,186,203
2,101,19,101,120,139,158,177,196,215
2,102,2,102,104,106,108,110,112,114
2,102,3,102,105,108,111,114,117,120
2,102,5,102,107,112,117,122,127,132
2,102,7,102,109,116,123,130,137,144
2,102,11,102,113,124,135,146,157,168
2,102,13,102,115,128,141,154,167,180
2,102,17,102,119,136,153,170,187,204
2,102,19,102,121,140,159,178,197,216
2,103,2,103,105,107,109,111,113,115
2,103,3,103,106,109,112,115,118,121
2,103,5,103,108,113,118,123,128,133
2,103,7,103,110,117,124,131,138,145
2,103,11,103,114,125,136,147,158,169
2,103,13,103,116,129,142,155,168,181
2,103,17,103,120,137,154,171,188,205
2,103,19,103,122,141,160,179,198,217
2,104,2,104,106,108,110,112,114,116
2,104,3,104,107,110,113,116,119,122
2,104,5,104,109,114,119,124,129,134
2,104,7,104,111,118,125,132,139,146
2,104,11,104,115,126,137,148,159,170
2,104,13,104,117,130,143,156,169,182
2,104,17,104,121,138,155,172,189,206
2,104,19,104,123,142,161,180,199,218
2,105,2,105,107,109,111,113,115,117
2,105,3,105,108,111,114,117,120,123
2,105,5,105,110,115,120,125,130,135
2,105,7,105,112,119,126,133,140,147
2,105,11,105,116,127,138,149,160,171
2,105,13,105,118,131,144,157,170,183
2,105,17,105,122,139,156,173,190,207
2,105,19,105,124,143,162,181,200,219
2,106,2,106,108,110,112,114,116,118
2,106,3,106,109,112,115,118,121,124
2,106,5,106,111,116,121,126,131,136
2,106,7,106,113,120,127,134,141,148
2,106,11,106,117,128,139,150,161,172
2,106,13,106,119,132,145,158,171,184
2,106,17,106,123,140,157,174,191,208
2,106,19,106,125,144,163,182,201,220
2,107,2,107,109,111,113,115,117,119
2,107,3,107,110,113,116,119,122,125
2,107,5,107,112,117,122,127,132,137
2,107,7,107,114,121,128,135,142,149
2,107,11,107,118,129,140,151,162,173
2,107,13,107,120,133,146,159,172,185
2,107,17,107,124,141,158,175,192,209
2,107,19,107,126,145,164,183,202,221
2,108,2,108,110,112,114,116,118,120
2,108,3,108,111,114,117,120,123,126
2,108,5,108,113,118,123,128,133,138
2,108,7,108,115,122,129,136,143,150
2,108,11,108,119,130,141,152,163,174
2,108,13,108,121,134,147,160,173,186
2,108,17,108,125,142,159,176,193,210
2,108,19,108,127,146,165,184,203,222
2,109,2,109,111,113,115,117,119,121
2,109,3,109,112,115,118,121,124,127
2,109,5,109,114,119,124,129,134,139
2,109,7,109,116,123,130,137,144,151
2,109,11,109,120,131,142,153,164,175
2,109,13,109,122,135,148,161,174,187
2,109,17,109,126,143,160,177,194,211
2,109,19,109,128,147,166,185,204,223
2,110,2,110,112,114,116,118,120,122
2,110,3,110,113,116,119,122,125,128
2,110,5,110,115,120,125,130,135,140
2,110,7,110,117,124,131,138,145,152
2,110,11,110,121,132,143,154,165,176
2,110,13,110,123,136,149,162,175,188
2,110,17,110,127,144,161,178,195,212
2,110,19,110,129,148,167,186,205,224
2,111,2,111,113,115,117,119,121,123
2,111,3,111,114,117,120,123,126,129
2,111,5,111,116,121,126,131,136,141
2,111,7,111,118,125,132,139,146,153
2,111,11,111,122,133,144,155,166,177
2,111,13,111,124,137,150,163,176,189
2,111,17,111,128,145,162,179,196,213
2,111,19,111,130,149,168,187,206,225
2,112,2,112,114,116,118,120,122,124
2,112,3,112,115,118,121,124,127,130
2,112,5,112,117,122,127,132,137,142
2,112,7,112,119,126,133,140,147,154
2,112,11,112,123,134,145,156,167,178
2,112,13,112,125,138,151,164,177,190
2,112,17,112,129,146,163,180,197,214
2,112,19,112,131,150,169,188,207,226
2,113,2,113,115,117,119,121,123,125
2,113,3,113,116,119,122,125,128,131
2,113,5,113,118,123,128,133,138,143
2,113,7,113,120,127,134,141,148,155
2,113,11,113,124,135,146,157,168,179
2,113,13,113,126,139,152,165,178,191
2,113,17,113,130,147,164,181,198,215
2,113,19,113,132,151,170,189,208,227
2,114,2,114,116,118,120,122,124,126
2,114,3,114,117,120,123,126,129,132
2,114,5,114,119,124,129,134,139,144
2,114,7,114,121,128,135,142,149,156
2,114,11,114,125,136,147,158,169,180
2,114,13,114,127,140,153,166,179,192
2,114,17,114,131,148,165,182,199,216
2,114,19,114,133,152,171,190,209,228
2,115,2,115,117,119,121,123,125,127
2,115,3,115,118,121,124,127,130,133
2,115,5,115,120,125,130,135,140,145
2,115,7,115,122,129,136,143,150,157
2,115,11,115,126,137,148,159,170,181
2,115,13,115,128,141,154,167,180,193
2,115,17,115,132,149,166,183,200,217
2,115,19,115,134,153,172,191,210,229
2,116,2,116,118,120,122,124,126,128
2,116,3,116,119,122,125,128,131,134
2,116,5,116,121,126,131,136,141,146
2,116,7,116,123,130,137,144,151,158
2,116,11,116,127,138,149,160,171,182
2,116,13,116,129,142,155,168,181,194
2,116,17,116,133,150,167,184,201,218
2,116,19,116,135,154,173,192,211,230
2,117,2,117,119,121,123,125,127,129
2,117,3,117,120,123,126,129,132,135
2,117,5,117,122,127,132,137,142,147
2,117,7,117,124,131,138,145,152,159
2,117,11,117,128,139,150,161,172,183
2,117,13,117,130,143,156,169,182,195
2,117,17,117,134,151,168,185,202,219
2,117,19,117,136,155,174,193,212,231
2,118,2,118,120,122,124,126,128,130
2,118,3,118,121,124,127,130,133,136
2,118,5,118,123,128,133,138,143,148
2,118,7,118,125,132,139,146,153,160
2,118,11,118,129,140,151,162,173,184
2,118,13,118,131,144,157,170,183,196
2,118,17,118,135,152,169,186,203,220
2,118,19,118,137,156,175,194,213,232
2,119,2,119,121,123,125,127,129,131
2,119,3,119,122,125,128,131,134,137
2,119,5,119,124,129,134,139,144,149
2,119,7,119,126,133,140,147,154,161
2,119,11,119,130,141,152,163,174,185
2,119,13,119,132,145,158,171,184,197
2,119,17,119,136,153,170,187,204,221
2,119,19,119,138,157,176,195,214,233
2,120,2,120,122,124,126,128,130,132
2,120,3,120,123,126,129,132,135,138
2,120,5,120,125,130,135,140,145,150
2,120,7,120,127,134,141,148,155,162
2,120,11,120,131,142,153,164,175,186
2,120,13,120,133,146,159,172,185,198
2,120,17,120,137,154,171,188,205,222
2,120,19,120,139,158,177,196,215,234
2,121,2,121,123,125,127,129,131,133
2,121,3,121,124,127,130,133,136,139
2,121,5,121,126,131,136,141,146,151
2,121,7,121,128,135,142,149,156,163
2,121,11,121,132,143,154,165,176,187
2,121,13,121,134,147,160,173,186,199
2,121,17,121,138,155,172,189,206,223
2,121,19,121,140,159,178,197,216,235
2,122,2,122,124,126,128,130,132,134
2,122,3,122,125,128,131,134,137,140
2,122,5,122,127,132,137,142,147,152
2,122,7,122,129,136,143,150,157,164
2,122,11,122,133,144,155,166,177,188
2,122,13,122,135,148,161,174,187,200
2,122,17,122,139,156,173,190,207,224
2,122,19,122,141,160,179,198,217,236
2,123,2,123,125,127,129,131,133,135
2,123,3,123,126,129,132,135,138,141
2,123,5,123,128,133,138,143,148,153
2,123,7,123,130,137,144,151,158,165
2,123,11,123,134,145,156,167,178,189
2,123,13,123,136,149,162,175,188,201
2,123,17,123,140,157,174,191,208,225
2,123,19,123,142,161,180,199,218,237
2,124,2,124,126,128,130,132,134,136
2,124,3,124,127,130,133,136,139,142
2,124,5,124,129,134,139,144,149,154
2,124,7,124,131,138,145,152,159,166
2,124,11,124,135,146,157,168,179,190
2,124,13,124,137,150,163,176,189,202
2,124,17,124,141,158,175,192,209,226
2,124,19,124,143,162,181,200,219,238
2,125,2,125,127,129,131,133,135,137
2,125,3,125,128,131,134,137,140,143
2,125,5,125,130,135,140,145,150,155
2,125,7,125,132,139,146,153,160,167
2,125,11,125,136,147,158,169,180,191
2,125,13,125,138,151,164,177,190,203
2,125,17,125,142,159,176,193,210,227
2,125,19,125,144,163,182,201,220,239
2,126,2,126,128,130,132,134,136,138
2,126,3,126,129,132,135,138,141,144
2,126,5,126,131,136,141,146,151,156
2,126,7,126,133,140,147,154,161,168
2,126,11,126,137,148,159,170,181,192
2,126,13,126,139,152,165,178,191,204
2,126,17,126,143,160,177,194,211,228
2,126,19,126,145,164,183,202,221,240
2,127,2,127,129,131,133,135,137,139
2,127,3,127,130,133,136,139,142,145
2,127,5,127,132,137,142,147,152,157
2,127,7,127,134,141,148,155,162,169
2,127,11,127,138,149,160,171,182,193
2,127,13,127,140,153,166,179,192,205
2,127,17,127,144,161,178,195,212,229
2,127,19,127,146,165,184,203,222,241
2,128,2,128,130,132,134,136,138,140
2,128,3,128,131,134,137,140,143,146
2,128,5,128,133,138,143,148,153,158
2,128,7,128,135,142,149,156,163,170
2,128,11,128,139,150,161,172,183,194
2,128,13,128,141,154,167,180,193,206
2,128,17,128,145,162,179,196,213,230
2,128,19,128,147,166,185,204,223,242
2,129,2,129,131,133,135,137,139,141
2,129,3,129,132,135,138,141,144,147
2,129,5,129,134,139,144,149,154,159
2,129,7,129,136,143,150,157,164,171
2,129,11,129,140,151,162,173,184,195
2,129,13,129,142,155,168,181,194,207
2,129,17,129,146,163,180,197,214,231
2,129,19,129,148,167,186,205,224,243
2,130,2,130,132,134,136,138,140,142
2,130,3,130,133,136,139,142,145,148
2,130,5,130,135,140,145,150,155,160
2,130,7,130,137,144,151,158,165,172
2,130,11,130,141,152,163,174,185,196
2,130,13,130,143,156,169,182,195,208
2,130,17,130,147,164,181,198,215,232
2,130,19,130,149,168,187,206,225,244
2,131,2,131,133,135,137,139,141,143
2,131,3,131,134,137,140,143,146,149
2,131,5,131,136,141,146,151,156,161
2,131,7,131,138,145,152,159,166,173
2,131,11,131,142,153,164,175,186,197
2,131,13,131,144,157,170,183,196,209
2,131,17,131,148,165,182,199,216,233
2,131,19,131,150,169,188,207,226,245
2,132,2,132,134,136,138,140,142,144
2,132,3,132,135,138,141,144,147,150
2,132,5,132,137,142,147,152,157,162
2,132,7,132,139,146,153,160,167,174
2,132,11,132,143,154,165,176,187,198
2,132,13,132,145,158,171,184,197,210
2,132,17,132,149,166,183,200,217,234
2,132,19,132,151,170,189,208,227,246
2,133,2,133,135,137,139,141,143,145
2,133,3,133,136,139,142,145,148,151
2,133,5,133,138,143,148,153,158,163
2,133,7,133,140,147,154,161,168,175
2,133,11,133,144,155,166,177,188,199
2,133,13,133,146,159,172,185,198,211
2,133,17,133,150,167,184,201,218,235
2,133,19,133,152,171,190,209,228,247
2,134,2,134,136,138,140,142,144,146
2,134,3,134,137,140,143,146,149,152
2,134,5,134,139,144,149,154,159,164
2,134,7,134,141,148,155,162,169,176
2,134,11,134,145,156,167,178,189,200
2,134,13,134,147,160,173,186,199,212
2,134,17,134,151,168,185,202,219,236
2,134,19,134,153,172,191,210,229,248
2,135,2,135,137,139,141,143,145,147
2,135,3,135,138,141,144,147,150,153
2,135,5,135,140,145,150,155,160,165
2,135,7,135,142,149,156,163,170,177
2,135,11,135,146,157,168,179,190,201
2,135,13,135,148,161,174,187,200,213
2,135,17,135,152,169,186,203,220,237
2,135,19,135,154,173,192,211,230,249
2,136,2,136,138,140,142,144,146,148
2,136,3,136,139,142,145,148,151,154
2,136,5,136,141,146,151,156,161,166
2,136,7,136,143,150,157,164,171,178
2,136,11,136,147,158,169,180,191,202
2,136,13,136,149,162,175,188,201,214
2,136,17,136,153,170,187,204,221,238
2,136,19,136,155,174,193,212,231,250
2,137,2,137,139,141,143,145,147,149
2,137,3,137,140,143,146,149,152,155
2,137,5,137,142,147,152,157,162,167
2,137,7,137,144,151,158,165,172,179
2,137,11,137,148,159,170,181,192,203
2,137,13,137,150,163,176,189,202,215
2,137,17,137,154,171,188,205,222,239
2,137,19,137,156,175,194,213,232,251
2,138,2,138,140,142,144,146,148,150
2,138,3,138,141,144,147,150,153,156
2,138,5,138,143,148,153,158,163,168
2,138,7,138,145,152,159,166,173,180
2,138,11,138,149,160,171,182,193,204
2,138,13,138,151,164,177,190,203,216
2,138,17,138,155,172,189,206,223,240
2,138,19,138,157,176,195,214,233,252
2,139,2,139,141,143,145,147,149,151
2,139,3,139,142,145,148,151,154,157
2,139,5,139,144,149,154,159,164,169
2,139,7,139,146,153,160,167,174,181
2,139,11,139,150,161,172,183,194,205
2,139,13,139,152,165,178,191,204,217
2,139,17,139,156,173,190,207,224,241
2,139,19,139,158,177,196,215,234,253
2,140,2,140,142,144,146,148,150,152
2,140,3,140,143,146,149,152,155,158
2,140,5,140,145,150,155,160,165,170
2,140,7,140,147,154,161,168,175,182
2,140,11,140,151,162,173,184,195,206
2,140,13,140,153,166,179,192,205,218
2,140,17,140,157,174,191,208,225,242
2,140,19,140,159,178,197,216,235,254
2,141,2,141,143,145,147,149,151,153
2,141,3,141,144,147,150,153,156,159
2,141,5,141,146,151,156,161,166,171
2,141,7,141,148,155,162,169,176,183
2,141,11,141,152,163,174,185,196,207
2,141,13,141,154,167,180,193,206,219
2,141,17,141,158,175,192,209,226,243
2,141,19,141,160,179,198,217,236,255
2,142,2,142,144,146,148,150,152,154
2,142,3,142,145,148,151,154,157,160
2,142,5,142,147,152,157,162,167,172
2,142,7,142,149,156,163,170,177,184
2,142,11,142,153,164,175,186,197,208
2,142,13,142,155,168,181,194,207,220
2,142,17,142,159,176,193,210,227,244
2,142,19,142,161,180,199,218,237,256
2,143,2,143,145,147,149,151,153,155
2,143,3,143,146,149,152,155,158,161
2,143,5,143,148,153,158,163,168,173
2,143,7,143,150,157,164,171,178,185
2,143,11,143,154,165,176,187,198,209
2,143,13,143,156,169,182,195,208,221
2,143,17,143,160,177,194,211,228,245
2,143,19,143,162,181,200,219,238,257
2,144,2,144,146,148,150,152,154,156
2,144,3,144,147,150,153,156,159,162
2,144,5,144,149,154,159,164,169,174
2,144,7,144,151,158,165,172,179,186
2,144,11,144,155,166,177,188,199,210
2,144,13,144,157,170,183,196,209,222
2,144,17,144,161,178,195,212,229,246
2,144,19,144,163,182,201,220,239,258
2,145,2,145,147,149,151,153,155,157
2,145,3,145,148,151,154,157,160,163
2,145,5,145,150,155,160,165,170,175
2,145,7,145,152,159,166,173,180,187
2,145,11,145,156,167,178,189,200,211
2,145,13,145,158,171,184,197,210,223
2,145,17,145,162,179,196,213,230,247
2,145,19,145,164,183,202,221,240,259
2,146,2,146,148,150,152,154,156,158
2,146,3,146,149,152,155,158,161,164
2,146,5,146,151,156,161,166,171,176
2,146,7,146,153,160,167,174,181,188
2,146,11,146,157,168,179,190,201,212
2,146,13,146,159,172,185,198,211,224
2,146,17,146,163,180,197,214,231,248
2,146,19,146,165,184,203,222,241,260
2,147,2,147,149,151,153,155,157,159
2,147,3,147,150,153,156,159,162,165
2,147,5,147,152,157,162,167,172,177
2,147,7,147,154,161,168,175,182,189
2,147,11,147,158,169,180,191,202,213
2,147,13,147,160,173,186,199,212,225
2,147,17,147,164,181,198,215,232,249
2,147,19,147,166,185,204,223,242,261
2,148,2,148,150,152,154,156,158,160
2,148,3,148,151,154,157,160,163,166
2,148,5,148,153,158,163,168,173,178
2,148,7,148,155,162,169,176,183,190
2,148,11,148,159,170,181,192,203,214
2,148,13,148,161,174,187,200,213,226
2,148,17,148,165,182,199,216,233,250
2,148,19,148,167,186,205,224,243,262
2,149,2,149,151,153,155,157,159,161
2,149,3,149,152,155,158,161,164,167
2,149,5,149,154,159,164,169,174,179
2,149,7,149,156,163,170,177,184,191
2,149,11,149,160,171,182,193,204,215
2,149,13,149,162,175,188,201,214,227
2,149,17,149,166,183,200,217,234,251
2,149,19,149,168,187,206,225,244,263
2,150,2,150,152,154,156,158,160,162
2,150,3,150,153,156,159,162,165,168
2,150,5,150,155,160,165,170,175,180
2,150,7,150,157,164,171,178,185,192
2,150,11,150,161,172,183,194,205,216
2,150,13,150,163,176,189,202,215,228
2,150,17,150,167,184,201,218,235,252
2,150,19,150,169,188,207,226,245,264
2,151,2,151,153,155,157,159,161,163
2,151,3,151,154,157,160,163,166,169
2,151,5,151,156,161,166,171,176,181
2,151,7,151,158,165,172,179,186,193
2,151,11,151,162,173,184,195,206,217
2,151,13,151,164,177,190,203,216,229
2,151,17,151,168,185,202,219,236,253
2,151,19,151,170,189,208,227,246,265
2,152,2,152,154,156,158,160,162,164
2,152,3,152,155,158,161,164,167,170
2,152,5,152,157,162,167,172,177,182
2,152,7,152,159,166,173,180,187,194
2,152,11,152,163,174,185,196,207,218
2,152,13,152,165,178,191,204,217,230
2,152,17,152,169,186,203,220,237,254
2,152,19,152,171,190,209,228,247,266
2,153,2,153,155,157,159,161,163,165
2,153,3,153,156,159,162,165,168,171
2,153,5,153,158,163,168,173,178,183
2,153,7,153,160,167,174,181,188,195
2,153,11,153,164,175,186,197,208,219
2,153,13,153,166,179,192,205,218,231
2,153,17,153,170,187,204,221,238,255
2,153,19,153,172,191,210,229,248,267
2,154,2,154,156,158,160,162,164,166
2,154,3,154,157,160,163,166,169,172
2,154,5,154,159,164,169,174,179,184
2,154,7,154,161,168,175,182,189,196
2,154,11,154,165,176,187,198,209,220
2,154,13,154,167,180,193,206,219,232
2,154,17,154,171,188,205,222,239,256
2,154,19,154,173,192,211,230,249,268
2,155,2,155,157,159,161,163,165,167
2,155,3,155,158,161,164,167,170,173
2,155,5,155,160,165,170,175,180,185
2,155,7,155,162,169,176,183,190,197
2,155,11,155,166,177,188,199,210,221
2,155,13,155,168,181,194,207,220,233
2,155,17,155,172,189,206,223,240,257
2,155,19,155,174,193,212,231,250,269
2,156,2,156,158,160,162,164,166,168
2,156,3,156,159,162,165,168,171,174
2,156,5,156,161,166,171,176,181,186
2,156,7,156,163,170,177,184,191,198
2,156,11,156,167,178,189,200,211,222
2,156,13,156,169,182,195,208,221,234
2,156,17,156,173,190,207,224,241,258
2,156,19,156,175,194,213,232,251,270
2,157,2,157,159,161,163,165,167,169
2,157,3,157,160,163,166,169,172,175
2,157,5,157,162,167,172,177,182,187
2,157,7,157,164,171,178,185,192,199
2,157,11,157,168,179,190,201,212,223
2,157,13,157,170,183,196,209,222,235
2,157,17,157,174,191,208,225,242,259
2,157,19,157,176,195,214,233,252,271
2,158,2,158,160,162,164,166,168,170
2,158,3,158,161,164,167,170,173,176
2,158,5,158,163,168,173,178,183,188
2,158,7,158,165,172,179,186,193,200
2,158,11,158,169,180,191,202,213,224
2,158,13,158,171,184,197,210,223,236
2,158,17,158,175,192,209,226,243,260
2,158,19,158,177,196,215,234,253,272
2,159,2,159,161,163,165,167,169,171
2,159,3,159,162,165,168,171,174,177
2,159,5,159,164,169,174,179,184,189
2,159,7,159,166,173,180,187,194,201
2,159,11,159,170,181,192,203,214,225
2,159,13,159,172,185,198,211,224,237
2,159,17,159,176,193,210,227,244,261
2,159,19,159,178,197,216,235,254,273
2,160,2,160,162,164,166,168,170,172
2,160,3,160,163,166,169,172,175,178
2,160,5,160,165,170,175,180,185,190
2,160,7,160,167,174,181,188,195,202
2,160,11,160,171,182,193,204,215,226
2,160,13,160,173,186,199,212,225,238
2,160,17,160,177,194,211,228,245,262
2,160,19,160,179,198,217,236,255,274
2,161,2,161,163,165,167,169,171,173
2,161,3,161,164,167,170,173,176,179
2,161,5,161,166,171,176,181,186,191
2,161,7,161,168,175,182,189,196,203
2,161,11,161,172,183,194,205,216,227
2,161,13,161,174,187,200,213,226,239
2,161,17,161,178,195,212,229,246,263
2,161,19,161,180,199,218,237,256,275
2,162,2,162,164,166,168,170,172,174
2,162,3,162,165,168,171,174,177,180
2,162,5,162,167,172,177,182,187,192
2,162,7,162,169,176,183,190,197,204
2,162,11,162,173,184,195,206,217,228
2,162,13,162,175,188,201,214,227,240
2,162,17,162,179,196,213,230,247,264
2,162,19,162,181,200,219,238,257,276
2,163,2,163,165,167,169,171,173,175
2,163,3,163,166,169,172,175,178,181
2,163,5,163,168,173,178,183,188,193
2,163,7,163,170,177,184,191,198,205
2,163,11,163,174,185,196,207,218,229
2,163,13,163,176,189,202,215,228,241
2,163,17,163,180,197,214,231,248,265
2,163,19,163,182,201,220,239,258,277
2,164,2,164,166,168,170,172,174,176
2,164,3,164,167,170,173,176,179,182
2,164,5,164,169,174,179,184,189,194
2,164,7,164,171,178,185,192,199,206
2,164,11,164,175,186,197,208,219,230
2,164,13,164,177,190,203,216,229,242
2,164,17,164,181,198,215,232,249,266
2,164,19,164,183,202,221,240,259,278
2,165,2,165,167,169,171,173,175,177
2,165,3,165,168,171,174,177,180,183
2,165,5,165,170,175,180,185,190,195
2,165,7,165,172,179,186,193,200,207
2,165,11,165,176,187,198,209,220,231
2,165,13,165,178,191,204,217,230,243
2,165,17,165,182,199,216,233,250,267
2,165,19,165,184,203,222,241,260,279
2,166,2,166,168,170,172,174,176,178
2,166,3,166,169,172,175,178,181,184
2,166,5,166,171,176,181,186,191,196
2,166,7,166,173,180,187,194,201,208
2,166,11,166,177,188,199,210,221,232
2,166,13,166,179,192,205,218,231,244
2,166,17,166,183,200,217,234,251,268
2,166,19,166,185,204,223,242,261,280
2,167,2,167,169,171,173,175,177,179
2,167,3,167,170,173,176,179,182,185
2,167,5,167,172,177,182,187,192,197
2,167,7,167,174,181,188,195,202,209
2,167,11,167,178,189,200,211,222,233
2,167,13,167,180,193,206,219,232,245
2,167,17,167,184,201,218,235,252,269
2,167,19,167,186,205,224,243,262,281
2,168,2,168,170,172,174,176,178,180
2,168,3,168,171,174,177,180,183,186
2,168,5,168,173,178,183,188,193,198
2,168,7,168,175,182,189,196,203,210
2,168,11,168,179,190,201,212,223,234
2,168,13,168,181,194,207,220,233,246
2,168,17,168,185,202,219,236,253,270
2,168,19,168,187,206,225,244,263,282
2,169,2,169,171,173,175,177,179,181
2,169,3,169,172,175,178,181,184,187
2,169,5,169,174,179,184,189,194,199
2,169,7,169,176,183,190,197,204,211
2,169,11,169,180,191,202,213,224,235
2,169,13,169,182,195,208,221,234,247
2,169,17,169,186,203,220,237,254,271
2,169,19,169,188,207,226,245,264,283
2,170,2,170,172,174,176,178,180,182
2,170,3,170,173,176,179,182,185,188
2,170,5,170,175,180,185,190,195,200
2,170,7,170,177,184,191,198,205,212
2,170,11,170,181,192,203,214,225,236
2,170,13,170,183,196,209,222,235,248
2,170,17,170,187,204,221,238,255,272
2,170,19,170,189,208,227,246,265,284
2,171,2,171,173,175,177,179,181,183
2,171,3,171,174,177,180,183,186,189
2,171,5,171,176,181,186,191,196,201
2,171,7,171,178,185,192,199,206,213
2,171,11,171,182,193,204,215,226,237
2,171,13,171,184,197,210,223,236,249
2,171,17,171,188,205,222,239,256,273
2,171,19,171,190,209,228,247,266,285
2,172,2,172,174,176,178,180,182,184
2,172,3,172,175,178,181,184,187,190
2,172,5,172,177,182,187,192,197,202
2,172,7,172,179,186,193,200,207,214
2,172,11,172,183,194,205,216,227,238
2,172,13,172,185,198,211,224,237,250
2,172,17,172,189,206,223,240,257,274
2,172,19,172,191,210,229,248,267,286
2,173,2,173,175,177,179,181,183,185
2,173,3,173,176,179,182,185,188,191
2,173,5,173,178,183,188,193,198,203
2,173,7,173,180,187,194,201,208,215
2,173,11,173,184,195,206,217,228,239
2,173,13,173,186,199,212,225,238,251
2,173,17,173,190,207,224,241,258,275
2,173,19,173,192,211,230,249,268,287
2,174,2,174,176,178,180,182,184,186
2,174,3,174,177,180,183,186,189,192
2,174,5,174,179,184,189,194,199,204
2,174,7,174,181,188,195,202,209,216
2,174,11,174,185,196,207,218,229,240
2,174,13,174,187,200,213,226,239,252
2,174,17,174,191,208,225,242,259,276
2,174,19,174,193,212,231,250,269,288
2,175,2,175,177,179,181,183,185,187
2,175,3,175,178,181,184,187,190,193
2,175,5,175,180,185,190,195,200,205
2,175,7,175,182,189,196,203,210,217
2,175,11,175,186,197,208,219,230,241
2,175,13,175,188,201,214,227,240,253
2,175,17,175,192,209,226,243,260,277
2,175,19,175,194,213,232,251,270,289
2,176,2,176,178,180,182,184,186,188
2,176,3,176,179,182,185,188,191,194
2,176,5,176,181,186,191,196,201,206
2,176,7,176,183,190,197,204,211,218
2,176,11,176,187,198,209,220,231,242
2,176,13,176,189,202,215,228,241,254
2,176,17,176,193,210,227,244,261,278
2,176,19,176,195,214,233,252,271,290
2,177,2,177,179,181,183,185,187,189
2,177,3,177,180,183,186,189,192,195
2,177,5,177,182,187,192,197,202,207
2,177,7,177,184,191,198,205,212,219
2,177,11,177,188,199,210,221,232,243
2,177,13,177,190,203,216,229,242,255
2,177,17,177,194,211,228,245,262,279
2,177,19,177,196,215,234,253,272,291
2,178,2,178,180,182,184,186,188,190
2,178,3,178,181,184,187,190,193,196
2,178,5,178,183,188,193,198,203,208
2,178,7,178,185,192,199,206,213,220
2,178,11,178,189,200,211,222,233,244
2,178,13,178,191,204,217,230,243,256
2,178,17,178,195,212,229,246,263,280
2,178,19,178,197,216,235,254,273,292
2,179,2,179,181,183,185,187,189,191
2,179,3,179,182,185,188,191,194,197
2,179,5,179,184,189,194,199,204,209
2,179,7,179,186,193,200,207,214,221
2,179,11,179,190,201,212,223,234,245
2,179,13,179,192,205,218,231,244,257
2,179,17,179,196,213,230,247,264,281
2,179,19,179,198,217,236,255,274,293
2,180,2,180,182,184,186,188,190,192
2,180,3,180,183,186,189,192,195,198
2,180,5,180,185,190,195,200,205,210
2,180,7,180,187,194,201,208,215,222
2,180,11,180,191,202,213,224,235,246
2,180,13,180,193,206,219,232,245,258
2,180,17,180,197,214,231,248,265,282
2,180,19,180,199,218,237,256,275,294
2,181,2,181,183,185,187,189,191,193
2,181,3,181,184,187,190,193,196,199
2,181,5,181,186,191,196,201,206,211
2,181,7,181,188,195,202,209,216,223
2,181,11,181,192,203,214,225,236,247
2,181,13,181,194,207,220,233,246,259
2,181,17,181,198,215,232,249,266,283
2,181,19,181,200,219,238,257,276,295
2,182,2,182,184,186,188,190,192,194
2,182,3,182,185,188,191,194,197,200
2,182,5,182,187,192,197,202,207,212
2,182,7,182,189,196,203,210,217,224
2,182,11,182,193,204,215,226,237,248
2,182,13,182,195,208,221,234,247,260
2,182,17,182,199,216,233,250,267,284
2,182,19,182,201,220,239,258,277,296
2,183,2,183,185,187,189,191,193,195
2,183,3,183,186,189,192,195,198,201
2,183,5,183,188,193,198,203,208,213
2,183,7,183,190,197,204,211,218,225
2,183,11,183,194,205,216,227,238,249
2,183,13,183,196,209,222,235,248,261
2,183,17,183,200,217,234,251,268,285
2,183,19,183,202,221,240,259,278,297
2,184,2,184,186,188,190,192,194,196
2,184,3,184,187,190,193,196,199,202
2,184,5,184,189,194,199,204,209,214
2,184,7,184,191,198,205,212,219,226
2,184,11,184,195,206,217,228,239,250
2,184,13,184,197,210,223,236,249,262
2,184,17,184,201,218,235,252,269,286
2,184,19,184,203,222,241,260,279,298
2,185,2,185,187,189,191,193,195,197
2,185,3,185,188,191,194,197,200,203
2,185,5,185,190,195,200,205,210,215
2,185,7,185,192,199,206,213,220,227
2,185,11,185,196,207,218,229,240,251
2,185,13,185,198,211,224,237,250,263
2,185,17,185,202,219,236,253,270,287
2,185,19,185,204,223,242,261,280,299
2,186,2,186,188,190,192,194,196,198
2,186,3,186,189,192,195,198,201,204
2,186,5,186,191,196,201,206,211,216
2,186,7,186,193,200,207,214,221,228
2,186,11,186,197,208,219,230,241,252
2,186,13,186,199,212,225,238,251,264
2,186,17,186,203,220,237,254,271,288
2,186,19,186,205,224,243,262,281,300
2,187,2,187,189,191,193,195,197,199
2,187,3,187,190,193,196,199,202,205
2,187,5,187,192,197,202,207,212,217
2,187,7,187,194,201,208,215,222,229
2,187,11,187,198,209,220,231,242,253
2,187,13,187,200,213,226,239,252,265
2,187,17,187,204,221,238,255,272,289
2,187,19,187,206,225,244,263,282,301
2,188,2,188,190,192,194,196,198,200
2,188,3,188,191,194,197,200,203,206
2,188,5,188,193,198,203,208,213,218
2,188,7,188,195,202,209,216,223,230
2,188,11,188,199,210,221,232,243,254
2,188,13,188,201,214,227,240,253,266
2,188,17,188,205,222,239,256,273,290
2,188,19,188,207,226,245,264,283,302
2,189,2,189,191,193,195,197,199,201
2,189,3,189,192,195,198,201,204,207
2,189,5,189,194,199,204,209,214,219
2,189,7,189,196,203,210,217,224,231
2,189,11,189,200,211,222,233,244,255
2,189,13,189,202,215,228,241,254,267
2,189,17,189,206,223,240,257,274,291
2,189,19,189,208,227,246,265,284,303
2,190,2,190,192,194,196,198,200,202
2,190,3,190,193,196,199,202,205,208
2,190,5,190,195,200,205,210,215,220
2,190,7,190,197,204,211,218,225,232
2,190,11,190,201,212,223,234,245,256
2,190,13,190,203,216,229,242,255,268
2,190,17,190,207,224,241,258,275,292
2,190,19,190,209,228,247,266,285,304
2,191,2,191,193,195,197,199,201,203
2,191,3,191,194,197,200,203,206,209
2,191,5,191,196,201,206,211,216,221
2,191,7,191,198,205,212,219,226,233
2,191,11,191,202,213,224,235,246,257
2,191,13,191,204,217,230,243,256,269
2,191,17,191,208,225,242,259,276,293
2,191,19,191,210,229,248,267,286,305
2,192,2,192,194,196,198,200,202,204
2,192,3,192,195,198,201,204,207,210
2,192,5,192,197,202,207,212,217,222
2,192,7,192,199,206,213,220,227,234
2,192,11,192,203,214,225,236,247,258
2,192,13,192,205,218,231,244,257,270
2,192,17,192,209,226,243,260,277,294
2,192,19,192,211,230,249,268,287,306
2,193,2,193,195,197,199,201,203,205
2,193,3,193,196,199,202,205,208,211
2,193,5,193,198,203,208,213,218,223
2,193,7,193,200,207,214,221,228,235
2,193,11,193,204,215,226,237,248,259
2,193,13,193,206,219,232,245,258,271
2,193,17,193,210,227,244,261,278,295
2,193,19,193,212,231,250,269,288,307
2,194,2,194,196,198,200,202,204,206
2,194,3,194,197,200,203,206,209,212
2,194,5,194,199,204,209,214,219,224
2,194,7,194,201,208,215,222,229,236
2,194,11,194,205,216,227,238,249,260
2,194,13,194,207,220,233,246,259,272
2,194,17,194,211,228,245,262,279,296
2,194,19,194,213,232,251,270,289,308
2,195,2,195,197,199,201,203,205,207
2,195,3,195,198,201,204,207,210,213
2,195,5,195,200,205,210,215,220,225
2,195,7,195,202,209,216,223,230,237
2,195,11,195,206,217,228,239,250,261
2,195,13,195,208,221,234,247,260,273
2,195,17,195,212,229,246,263,280,297
2,195,19,195,214,233,252,271,290,309
2,196,2,196,198,200,202,204,206,208
2,196,3,196,199,202,205,208,211,214
2,196,5,196,201,206,211,216,221,226
2,196,7,196,203,210,217,224,231,238
2,196,11,196,207,218,229,240,251,262
2,196,13,196,209,222,235,248,261,274
2,196,17,196,213,230,247,264,281,298
2,196,19,196,215,234,253,272,291,310
2,197,2,197,199,201,203,205,207,209
2,197,3,197,200,203,206,209,212,215
2,197,5,197,202,207,212,217,222,227
2,197,7,197,204,211,218,225,232,239
2,197,11,197,208,219,230,241,252,263
2,197,13,197,210,223,236,249,262,275
2,197,17,197,214,231,248,265,282,299
2,197,19,197,216,235,254,273,292,311
2,198,2,198,200,202,204,206,208,210
2,198,3,198,201,204,207,210,213,216
2,198,5,198,203,208,213,218,223,228
2,198,7,198,205,212,219,226,233,240
2,198,11,198,209,220,231,242,253,264
2,198,13,198,211,224,237,250,263,276
2,198,17,198,215,232,249,266,283,300
2,198,19,198,217,236,255,274,293,312
2,199,2,199,201,203,205,207,209,211
2,199,3,199,202,205,208,211,214,217
2,199,5,199,204,209,214,219,224,229
2,199,7,199,206,213,220,227,234,241
2,199,11,199,210,221,232,243,254,265
2,199,13,199,212,225,238,251,264,277
2,199,17,199,216,233,250,267,284,301
2,199,19,199,218,237,256,275,294,313
2,200,2,200,202,204,206,208,210,212
2,200,3,200,203,206,209,212,215,218
2,200,5,200,205,210,215,220,225,230
2,200,7,200,207,214,221,228,235,242
2,200,11,200,211,222,233,244,255,266
2,200,13,200,213,226,239,252,265,278
2,200,17,200,217,234,251,268,285,302
2,200,19,200,219,238,257,276,295,314
2,201,2,201,203,205,207,209,211,213
2,201,3,201,204,207,210,213,216,219
2,201,5,201,206,211,216,221,226,231
2,201,7,201,208,215,222,229,236,243
2,201,11,201,212,223,234,245,256,267
2,201,13,201,214,227,240,253,266,279
2,201,17,201,218,235,252,269,286,303
2,201,19,201,220,239,258,277,296,315
2,202,2,202,204,206,208,210,212,214
2,202,3,202,205,208,211,214,217,220
2,202,5,202,207,212,217,222,227,232
2,202,7,202,209,216,223,230,237,244
2,202,11,202,213,224,235,246,257,268
2,202,13,202,215,228,241,254,267,280
2,202,17,202,219,236,253,270,287,304
2,202,19,202,221,240,259,278,297,316
2,203,2,203,205,207,209,211,213,215
2,203,3,203,206,209,212,215,218,221
2,203,5,203,208,213,218,223,228,233
2,203,7,203,210,217,224,231,238,245
2,203,11,203,214,225,236,247,258,269
2,203,13,203,216,229,242,255,268,281
2,203,17,203,220,237,254,271,288,305
2,203,19,203,222,241,260,279,298,317
2,204,2,204,206,208,210,212,214,216
2,204,3,204,207,210,213,216,219,222
2,204,5,204,209,214,219,224,229,234
2,204,7,204,211,218,225,232,239,246
2,204,11,204,215,226,237,248,259,270
2,204,13,204,217,230,243,256,269,282
2,204,17,204,221,238,255,272,289,306
2,204,19,204,223,242,261,280,299,318
2,205,2,205,207,209,211,213,215,217
2,205,3,205,208,211,214,217,220,223
2,205,5,205,210,215,220,225,230,235
2,205,7,205,212,219,226,233,240,247
2,205,11,205,216,227,238,249,260,271
2,205,13,205,218,231,244,257,270,283
2,205,17,205,222,239,256,273,290,307
2,205,19,205,224,243,262,281,300,319
2,206,2,206,208,210,212,214,216,218
2,206,3,206,209,212,215,218,221,224
2,206,5,206,211,216,221,226,231,236
2,206,7,206,213,220,227,234,241,248
2,206,11,206,217,228,239,250,261,272
2,206,13,206,219,232,245,258,271,284
2,206,17,206,223,240,257,274,291,308
2,206,19,206,225,244,263,282,301,320
2,207,2,207,209,211,213,215,217,219
2,207,3,207,210,213,216,219,222,225
2,207,5,207,212,217,222,227,232,237
2,207,7,207,214,221,228,235,242,249
2,207,11,207,218,229,240,251,262,273
2,207,13,207,220,233,246,259,272,285
2,207,17,207,224,241,258,275,292,309
2,207,19,207,226,245,264,283,302,321
2,208,2,208,210,212,214,216,218,220
2,208,3,208,211,214,217,220,223,226
2,208,5,208,213,218,223,228,233,238
2,208,7,208,215,222,229,236,243,250
2,208,11,208,219,230,241,252,263,274
2,208,13,208,221,234,247,260,273,286
2,208,17,208,225,242,259,276,293,310
2,208,19,208,227,246,265,284,303,322
2,209,2,209,211,213,215,217,219,221
2,209,3,209,212,215,218,221,224,227
2,209,5,209,214,219,224,229,234,239
2,209,7,209,216,223,230,237,244,251
2,209,11,209,220,231,242,253,264,275
2,209,13,209,222,235,248,261,274,287
2,209,17,209,226,243,260,277,294,311
2,209,19,209,228,247,266,285,304,323
2,210,2,210,212,214,216,218,220,222
2,210,3,210,213,216,219,222,225,228
2,210,5,210,215,220,225,230,235,240
2,210,7,210,217,224,231,238,245,252
2,210,11,210,221,232,243,254,265,276
2,210,13,210,223,236,249,262,275,288
2,210,17,210,227,244,261,278,295,312
2,210,19,210,229,248,267,286,305,324
2,211,2,211,213,215,217,219,221,223
2,211,3,211,214,217,220,223,226,229
2,211,5,211,216,221,226,231,236,241
2,211,7,211,218,225,232,239,246,253
2,211,11,211,222,233,244,255,266,277
2,211,13,211,224,237,250,263,276,289
2,211,17,211,228,245,262,279,296,313
2,211,19,211,230,249,268,287,306,325
2,212,2,212,214,216,218,220,222,224
2,212,3,212,215,218,221,224,227,230
2,212,5,212,217,222,227,232,237,242
2,212,7,212,219,226,233,240,247,254
2,212,11,212,223,234,245,256,267,278
2,212,13,212,225,238,251,264,277,290
2,212,17,212,229,246,263,280,297,314
2,212,19,212,231,250,269,288,307,326
2,213,2,213,215,217,219,221,223,225
2,213,3,213,216,219,222,225,228,231
2,213,5,213,218,223,228,233,238,243
2,213,7,213,220,227,234,241,248,255
2,213,11,213,224,235,246,257,268,279
2,213,13,213,226,239,252,265,278,291
2,213,17,213,230,247,264,281,298,315
2,213,19,213,232,251,270,289,308,327
2,214,2,214,216,218,220,222,224,226
2,214,3,214,217,220,223,226,229,232
2,214,5,214,219,224,229,234,239,244
2,214,7,214,221,228,235,242,249,256
2,214,11,214,225,236,247,258,269,280
2,214,13,214,227,240,253,266,279,292
2,214,17,214,231,248,265,282,299,316
2,214,19,214,233,252,271,290,309,328
2,215,2,215,217,219,221,223,225,227
2,215,3,215,218,221,224,227,230,233
2,215,5,215,220,225,230,235,240,245
2,215,7,215,222,229,236,243,250,257
2,215,11,215,226,237,248,259,270,281
2,215,13,215,228,241,254,267,280,293
2,215,17,215,232,249,266,283,300,317
2,215,19,215,234,253,272,291,310,329
2,216,2,216,218,220,222,224,226,228
2,216,3,216,219,222,225,228,231,234
2,216,5,216,221,226,231,236,241,246
2,216,7,216,223,230,237,244,251,258
2,216,11,216,227,238,249,260,271,282
2,216,13,216,229,242,255,268,281,294
2,216,17,216,233,250,267,284,301,318
2,216,19,216,235,254,273,292,311,330
2,217,2,217,219,221,223,225,227,229
2,217,3,217,220,223,226,229,232,235
2,217,5,217,222,227,232,237,242,247
2,217,7,217,224,231,238,245,252,259
2,217,11,217,228,239,250,261,272,283
2,217,13,217,230,243,256,269,282,295
2,217,17,217,234,251,268,285,302,319
2,217,19,217,236,255,274,293,312,331
2,218,2,218,220,222,224,226,228,230
2,218,3,218,221,224,227,230,233,236
2,218,5,218,223,228,233,238,243,248
2,218,7,218,225,232,239,246,253,260
2,218,11,218,229,240,251,262,273,284
2,218,13,218,231,244,257,270,283,296
2,218,17,218,235,252,269,286,303,320
2,218,19,218,237,256,275,294,313,332
2,219,2,219,221,223,225,227,229,231
2,219,3,219,222,225,228,231,234,237
2,219,5,219,224,229,234,239,244,249
2,219,7,219,226,233,240,247,254,261
2,219,11,219,230,241,252,263,274,285
2,219,13,219,232,245,258,271,284,297
2,219,17,219,236,253,270,287,304,321
2,219,19,219,238,257,276,295,314,333
2,220,2,220,222,224,226,228,230,232
2,220,3,220,223,226,229,232,235,238
2,220,5,220,225,230,235,240,245,250
2,220,7,220,227,234,241,248,255,262
2,220,11,220,231,242,253,264,275,286
2,220,13,220,233,246,259,272,285,298
2,220,17,220,237,254,271,288,305,322
2,220,19,220,239,258,277,296,315,334
2,221,2,221,223,225,227,229,231,233
2,221,3,221,224,227,230,233,236,239
2,221,5,221,226,231,236,241,246,251
2,221,7,221,228,235,242,249,256,263
2,221,11,221,232,243,254,265,276,287
2,221,13,221,234,247,260,273,286,299
2,221,17,221,238,255,272,289,306,323
2,221,19,221,240,259,278,297,316,335
2,222,2,222,224,226,228,230,232,234
2,222,3,222,225,228,231,234,237,240
2,222,5,222,227,232,237,242,247,252
2,222,7,222,229,236,243,250,257,264
2,222,11,222,233,244,255,266,277,288
2,222,13,222,235,248,261,274,287,300
2,222,17,222,239,256,273,290,307,324
2,222,19,222,241,260,279,298,317,336
2,223,2,223,225,227,229,231,233,235
2,223,3,223,226,229,232,235,238,241
2,223,5,223,228,233,238,243,248,253
2,223,7,223,230,237,244,251,258,265
2,223,11,223,234,245,256,267,278,289
2,223,13,223,236,249,262,275,288,301
2,223,17,223,240,257,274,291,308,325
2,223,19,223,242,261,280,299,318,337
2,224,2,224,226,228,230,232,234,236
2,224,3,224,227,230,233,236,239,242
2,224,5,224,229,234,239,244,249,254
2,224,7,224,231,238,245,252,259,266
2,224,11,224,235,246,257,268,279,290
2,224,13,224,237,250,263,276,289,302
2,224,17,224,241,258,275,292,309,326
2,224,19,224,243,262,281,300,319,338
2,225,2,225,227,229,231,233,235,237
2,225,3,225,228,231,234,237,240,243
2,225,5,225,230,235,240,245,250,255
2,225,7,225,232,239,246,253,260,267
2,225,11,225,236,247,258,269,280,291
2,225,13,225,238,251,264,277,290,303
2,225,17,225,242,259,276,293,310,327
2,225,19,225,244,263,282,301,320,339
2,226,2,226,228,230,232,234,236,238
2,226,3,226,229,232,235,238,241,244
2,226,5,226,231,236,241,246,251,256
2,226,7,226,233,240,247,254,261,268
2,226,11,226,237,248,259,270,281,292
2,226,13,226,239,252,265,278,291,304
2,226,17,226,243,260,277,294,311,328
2,226,19,226,245,264,283,302,321,340
2,227,2,227,229,231,233,235,237,239
2,227,3,227,230,233,236,239,242,245
2,227,5,227,232,237,242,247,252,257
2,227,7,227,234,241,248,255,262,269
2,227,11,227,238,249,260,271,282,293
2,227,13,227,240,253,266,279,292,305
2,227,17,227,244,261,278,295,312,329
2,227,19,227,246,265,284,303,322,341
2,228,2,228,230,232,234,236,238,240
2,228,3,228,231,234,237,240,243,246
2,228,5,228,233,238,243,248,253,258
2,228,7,228,235,242,249,256,263,270
2,228,11,228,239,250,261,272,283,294
2,228,13,228,241,254,267,280,293,306
2,228,17,228,245,262,279,296,313,330
2,228,19,228,247,266,285,304,323,342
2,229,2,229,231,233,235,237,239,241
2,229,3,229,232,235,238,241,244,247
2,229,5,229,234,239,244,249,254,259
2,229,7,229,236,243,250,257,264,271
2,229,11,229,240,251,262,273,284,295
2,229,13,229,242,255,268,281,294,307
2,229,17,229,246,263,280,297,314,331
2,229,19,229,248,267,286,305,324,343
2,230,2,230,232,234,236,238,240,242
2,230,3,230,233,236,239,242,245,248
2,230,5,230,235,240,245,250,255,260
2,230,7,230,237,244,251,258,265,272
2,230,11,230,241,252,263,274,285,296
2,230,13,230,243,256,269,282,295,308
2,230,17,230,247,264,281,298,315,332
2,230,19,230,249,268,287,306,325,344
2,231,2,231,233,235,237,239,241,243
2,231,3,231,234,237,240,243,246,249
2,231,5,231,236,241,246,251,256,261
2,231,7,231,238,245,252,259,266,273
2,231,11,231,242,253,264,275,286,297
2,231,13,231,244,257,270,283,296,309
2,231,17,231,248,265,282,299,316,333
2,231,19,231,250,269,288,307,326,345
2,232,2,232,234,236,238,240,242,244
2,232,3,232,235,238,241,244,247,250
2,232,5,232,237,242,247,252,257,262
2,232,7,232,239,246,253,260,267,274
2,232,11,232,243,254,265,276,287,298
2,232,13,232,245,258,271,284,297,310
2,232,17,232,249,266,283,300,317,334
2,232,19,232,251,270,289,308,327,346
2,233,2,233,235,237,239,241,243,245
2,233,3,233,236,239,242,245,248,251
2,233,5,233,238,243,248,253,258,263
2,233,7,233,240,247,254,261,268,275
2,233,11,233,244,255,266,277,288,299
2,233,13,233,246,259,272,285,298,311
2,233,17,233,250,267,284,301,318,335
2,233,19,233,252,271,290,309,328,347
2,234,2,234,236,238,240,242,244,246
2,234,3,234,237,240,243,246,249,252
2,234,5,234,239,244,249,254,259,264
2,234,7,234,241,248,255,262,269,276
2,234,11,234,245,256,267,278,289,300
2,234,13,234,247,260,273,286,299,312
2,234,17,234,251,268,285,302,319,336
2,234,19,234,253,272,291,310,329,348
2,235,2,235,237,239,241,243,245,247
2,235,3,235,238,241,244,247,250,253
2,235,5,235,240,245,250,255,260,265
2,235,7,235,242,249,256,263,270,277
2,235,11,235,246,257,268,279,290,301
2,235,13,235,248,261,274,287,300,313
2,235,17,235,252,269,286,303,320,337
2,235,19,235,254,273,292,311,330,349
2,236,2,236,238,240,242,244,246,248
2,236,3,236,239,242,245,248,251,254
2,236,5,236,241,246,251,256,261,266
2,236,7,236,243,250,257,264,271,278
2,236,11,236,247,258,269,280,291,302
2,236,13,236,249,262,275,288,301,314
2,236,17,236,253,270,287,304,321,338
2,236,19,236,255,274,293,312,331,350
2,237,2,237,239,241,243,245,247,249
2,237,3,237,240,243,246,249,252,255
2,237,5,237,242,247,252,257,262,267
2,237,7,237,244,251,258,265,272,279
2,237,11,237,248,259,270,281,292,303
2,237,13,237,250,263,276,289,302,315
2,237,17,237,254,271,288,305,322,339
2,237,19,237,256,275,294,313,332,351
2,238,2,238,240,242,244,246,248,250
2,238,3,238,241,244,247,250,253,256
2,238,5,238,243,248,253,258,263,268
2,238,7,238,245,252,259,266,273,280
2,238,11,238,249,260,271,282,293,304
2,238,13,238,251,264,277,290,303,316
2,238,17,238,255,272,289,306,323,340
2,238,19,238,257,276,295,314,333,352
2,239,2,239,241,243,245,247,249,251
2,239,3,239,242,245,248,251,254,257
2,239,5,239,244,249,254,259,264,269
2,239,7,239,246,253,260,267,274,281
2,239,11,239,250,261,272,283,294,305
2,239,13,239,252,265,278,291,304,317
2,239,17,239,256,273,290,307,324,341
2,239,19,239,258,277,296,315,334,353
2,240,2,240,242,244,246,248,250,252
2,240,3,240,243,246,249,252,255,258
2,240,5,240,245,250,255,260,265,270
2,240,7,240,247,254,261,268,275,282
2,240,11,240,251,262,273,284,295,306
2,240,13,240,253,266,279,292,305,318
2,240,17,240,257,274,291,308,325,342
2,240,19,240,259,278,297,316,335,354
2,241,2,241,243,245,247,249,251,253
2,241,3,241,244,247,250,253,256,259
2,241,5,241,246,251,256,261,266,271
2,241,7,241,248,255,262,269,276,283
2,241,11,241,252,263,274,285,296,307
2,241,13,241,254,267,280,293,306,319
2,241,17,241,258,275,292,309,326,343
2,241,19,241,260,279,298,317,336,355
2,242,2,242,244,246,248,250,252,254
2,242,3,242,245,248,251,254,257,260
2,242,5,242,247,252,257,262,267,272
2,242,7,242,249,256,263,270,277,284
2,242,11,242,253,264,275,286,297,308
2,242,13,242,255,268,281,294,307,320
2,242,17,242,259,276,293,310,327,344
2,242,19,242,261,280,299,318,337,356
2,243,2,243,245,247,249,251,253,255
2,243,3,243,246,249,252,255,258,261
2,243,5,243,248,253,258,263,268,273
2,243,7,243,250,257,264,271,278,285
2,243,11,243,254,265,276,287,298,309
2,243,13,243,256,269,282,295,308,321
2,243,17,243,260,277,294,311,328,345
2,243,19,243,262,281,300,319,338,357
2,244,2,244,246,248,250,252,254,256
2,244,3,244,247,250,253,256,259,262
2,244,5,244,249,254,259,264,269,274
2,244,7,244,251,258,265,272,279,286
2,244,11,244,255,266,277,288,299,310
2,244,13,244,257,270,283,296,309,322
2,244,17,244,261,278,295,312,329,346
2,244,19,244,263,282,301,320,339,358
2,245,2,245,247,249,251,253,255,257
2,245,3,245,248,251,254,257,260,263
2,245,5,245,250,255,260,265,270,275
2,245,7,245,252,259,266,273,280,287
2,245,11,245,256,267,278,289,300,311
2,245,13,245,258,271,284,297,310,323
2,245,17,245,262,279,296,313,330,347
2,245,19,245,264,283,302,321,340,359
2,246,2,246,248,250,252,254,256,258
2,246,3,246,249,252,255,258,261,264
2,246,5,246,251,256,261,266,271,276
2,246,7,246,253,260,267,274,281,288
2,246,11,246,257,268,279,290,301,312
2,246,13,246,259,272,285,298,311,324
2,246,17,246,263,280,297,314,331,348
2,246,19,246,265,284,303,322,341,360
2,247,2,247,249,251,253,255,257,259
2,247,3,247,250,253,256,259,262,265
2,247,5,247,252,257,262,267,272,277
2,247,7,247,254,261,268,275,282,289
2,247,11,247,258,269,280,291,302,313
2,247,13,247,260,273,286,299,312,325
2,247,17,247,264,281,298,315,332,349
2,247,19,247,266,285,304,323,342,361
2,248,2,248,250,252,254,256,258,260
2,248,3,248,251,254,257,260,263,266
2,248,5,248,253,258,263,268,273,278
2,248,7,248,255,262,269,276,283,290
2,248,11,248,259,270,281,292,303,314
2,248,13,248,261,274,287,300,313,326
2,248,17,248,265,282,299,316,333,350
2,248,19,248,267,286,305,324,343,362
2,249,2,249,251,253,255,257,259,261
2,249,3,249,252,255,258,261,264,267
2,249,5,249,254,259,264,269,274,279
2,249,7,249,256,263,270,277,284,291
2,249,11,249,260,271,282,293,304,315
2,249,13,249,262,275,288,301,314,327
2,249,17,249,266,283,300,317,334,351
2,249,19,249,268,287,306,325,344,363
2,250,2,250,252,254,256,258,260,262
2,250,3,250,253,256,259,262,265,268
2,250,5,250,255,260,265,270,275,280
2,250,7,250,257,264,271,278,285,292
2,250,11,250,261,272,283,294,305,316
2,250,13,250,263,276,289,302,315,328
2,250,17,250,267,284,301,318,335,352
2,250,19,250,269,288,307,326,345,364
2,251,2,251,253,255,257,259,261,263
2,251,3,251,254,257,260,263,266,269
2,251,5,251,256,261,266,271,276,281
2,251,7,251,258,265,272,279,286,293
2,251,11,251,262,273,284,295,306,317
2,251,13,251,264,277,290,303,316,329
2,251,17,251,268,285,302,319,336,353
2,251,19,251,270,289,308,327,346,365
2,252,2,252,254,256,258,260,262,264
2,252,3,252,255,258,261,264,267,270
2,252,5,252,257,262,267,272,277,282
2,252,7,252,259,266,273,280,287,294
2,252,11,252,263,274,285,296,307,318
2,252,13,252,265,278,291,304,317,330
2,252,17,252,269,286,303,320,337,354
2,252,19,252,271,290,309,328,347,366
2,253,2,253,255,257,259,261,263,265
2,253,3,253,256,259,262,265,268,271
2,253,5,253,258,263,268,273,278,283
2,253,7,253,260,267,274,281,288,295
2,253,11,253,264,275,286,297,308,319
2,253,13,253,266,279,292,305,318,331
2,253,17,253,270,287,304,321,338,355
2,253,19,253,272,291,310,329,348,367
2,254,2,254,256,258,260,262,264,266
2,254,3,254,257,260,263,266,269,272
2,254,5,254,259,264,269,274,279,284
2,254,7,254,261,268,275,282,289,296
2,254,11,254,265,276,287,298,309,320
2,254,13,254,267,280,293,306,319,332
2,254,17,254,271,288,305,322,339,356
2,254,19,254,273,292,311,330,349,368
2,255,2,255,257,259,261,263,265,267
2,255,3,255,258,261,264,267,270,273
2,255,5,255,260,265,270,275,280,285
2,255,7,255,262,269,276,283,290,297
2,255,11,255,266,277,288,299,310,321
2,255,13,255,268,281,294,307,320,333
2,255,17,255,272,289,306,323,340,357
2,255,19,255,274,293,312,331,350,369
2,256,2,256,258,260,262,264,266,268
2,256,3,256,259,262,265,268,271,274
2,256,5,256,261,266,271,276,281,286
2,256,7,256,263,270,277,284,291,298
2,256,11,256,267,278,289,300,311,322
2,256,13,256,269,282,295,308,321,334
2,256,17,256,273,290,307,324,341,358
2,256,19,256,275,294,313,332,351,370
2,257,2,257,259,261,263,265,267,269
2,257,3,257,260,263,266,269,272,275
2,257,5,257,262,267,272,277,282,287
2,257,7,257,264,271,278,285,292,299
2,257,11,257,268,279,290,301,312,323
2,257,13,257,270,283,296,309,322,335
2,257,17,257,274,291,308,325,342,359
2,257,19,257,276,295,314,333,352,371
2,258,2,258,260,262,264,266,268,270
2,258,3,258,261,264,267,270,273,276
2,258,5,258,263,268,273,278,283,288
2,258,7,258,265,272,279,286,293,300
2,258,11,258,269,280,291,302,313,324
2,258,13,258,271,284,297,310,323,336
2,258,17,258,275,292,309,326,343,360
2,258,19,258,277,296,315,334,353,372
2,259,2,259,261,263,265,267,269,271
2,259,3,259,262,265,268,271,274,277
2,259,5,259,264,269,274,279,284,289
2,259,7,259,266,273,280,287,294,301
2,259,11,259,270,281,292,303,314,325
2,259,13,259,272,285,298,311,324,337
2,259,17,259,276,293,310,327,344,361
2,259,19,259,278,297,316,335,354,373
2,260,2,260,262,264,266,268,270,272
2,260,3,260,263,266,269,272,275,278
2,260,5,260,265,270,275,280,285,290
2,260,7,260,267,274,281,288,295,302
2,260,11,260,271,282,293,304,315,326
2,260,13,260,273,286,299,312,325,338
2,260,17,260,277,294,311,328,345,362
2,260,19,260,279,298,317,336,355,374
2,261,2,261,263,265,267,269,271,273
2,261,3,261,264,267,270,273,276,279
2,261,5,261,266,271,276,281,286,291
2,261,7,261,268,275,282,289,296,303
2,261,11,261,272,283,294,305,316,327
2,261,13,261,274,287,300,313,326,339
2,261,17,261,278,295,312,329,346,363
2,261,19,261,280,299,318,337,356,375
2,262,2,262,264,266,268,270,272,274
2,262,3,262,265,268,271,274,277,280
2,262,5,262,267,272,277,282,287,292
2,262,7,262,269,276,283,290,297,304
2,262,11,262,273,284,295,306,317,328
2,262,13,262,275,288,301,314,327,340
2,262,17,262,279,296,313,330,347,364
2,262,19,262,281,300,319,338,357,376
2,263,2,263,265,267,269,271,273,275
2,263,3,263,266,269,272,275,278,281
2,263,5,263,268,273,278,283,288,293
2,263,7,263,270,277,284,291,298,305
2,263,11,263,274,285,296,307,318,329
2,263,13,263,276,289,302,315,328,341
2,263,17,263,280,297,314,331,348,365
2,263,19,263,282,301,320,339,358,377
2,264,2,264,266,268,270,272,274,276
2,264,3,264,267,270,273,276,279,282
2,264,5,264,269,274,279,284,289,294
2,264,7,264,271,278,285,292,299,306
2,264,11,264,275,286,297,308,319,330
2,264,13,264,277,290,303,316,329,342
2,264,17,264,281,298,315,332,349,366
2,264,19,264,283,302,321,340,359,378
2,265,2,265,267,269,271,273,275,277
2,265,3,265,268,271,274,277,280,283
2,265,5,265,270,275,280,285,290,295
2,265,7,265,272,279,286,293,300,307
2,265,11,265,276,287,298,309,320,331
2,265,13,265,278,291,304,317,330,343
2,265,17,265,282,299,316,333,350,367
2,265,19,265,284,303,322,341,360,379
2,266,2,266,268,270,272,274,276,278
2,266,3,266,269,272,275,278,281,284
2,266,5,266,271,276,281,286,291,296
2,266,7,266,273,280,287,294,301,308
2,266,11,266,277,288,299,310,321,332
2,266,13,266,279,292,305,318,331,344
2,266,17,266,283,300,317,334,351,368
2,266,19,266,285,304,323,342,361,380
2,267,2,267,269,271,273,275,277,279
2,267,3,267,270,273,276,279,282,285
2,267,5,267,272,277,282,287,292,297
2,267,7,267,274,281,288,295,302,309
2,267,11,267,278,289,300,311,322,333
2,267,13,267,280,293,306,319,332,345
2,267,17,267,284,301,318,335,352,369
2,267,19,267,286,305,324,343,362,381
2,268,2,268,270,272,274,276,278,280
2,268,3,268,271,274,277,280,283,286
2,268,5,268,273,278,283,288,293,298
2,268,7,268,275,282,289,296,303,310
2,268,11,268,279,290,301,312,323,334
2,268,13,268,281,294,307,320,333,346
2,268,17,268,285,302,319,336,353,370
2,268,19,268,287,306,325,344,363,382
2,269,2,269,271,273,275,277,279,281
2,269,3,269,272,275,278,281,284,287
2,269,5,269,274,279,284,289,294,299
2,269,7,269,276,283,290,297,304,311
2,269,11,269,280,291,302,313,324,335
2,269,13,269,282,295,308,321,334,347
2,269,17,269,286,303,320,337,354,371
2,269,19,269,288,307,326,345,364,383
2,270,2,270,272,274,276,278,280,282
2,270,3,270,273,276,279,282,285,288
2,270,5,270,275,280,285,290,295,300
2,270,7,270,277,284,291,298,305,312
2,270,11,270,281,292,303,314,325,336
2,270,13,270,283,296,309,322,335,348
2,270,17,270,287,304,321,338,355,372
2,270,19,270,289,308,327,346,365,384
2,271,2,271,273,275,277,279,281,283
2,271,3,271,274,277,280,283,286,289
2,271,5,271,276,281,286,291,296,301
2,271,7,271,278,285,292,299,306,313
2,271,11,271,282,293,304,315,326,337
2,271,13,271,284,297,310,323,336,349
2,271,17,271,288,305,322,339,356,373
2,271,19,271,290,309,328,347,366,385
2,272,2,272,274,276,278,280,282,284
2,272,3,272,275,278,281,284,287,290
2,272,5,272,277,282,287,292,297,302
2,272,7,272,279,286,293,300,307,314
2,272,11,272,283,294,305,316,327,338
2,272,13,272,285,298,311,324,337,350
2,272,17,272,289,306,323,340,357,374
2,272,19,272,291,310,329,348,367,386
2,273,2,273,275,277,279,281,283,285
2,273,3,273,276,279,282,285,288,291
2,273,5,273,278,283,288,293,298,303
2,273,7,273,280,287,294,301,308,315
2,273,11,273,284,295,306,317,328,339
2,273,13,273,286,299,312,325,338,351
2,273,17,273,290,307,324,341,358,375
2,273,19,273,292,311,330,349,368,387
2,274,2,274,276,278,280,282,284,286
2,274,3,274,277,280,283,286,289,292
2,274,5,274,279,284,289,294,299,304
2,274,7,274,281,288,295,302,309,316
2,274,11,274,285,296,307,318,329,340
2,274,13,274,287,300,313,326,339,352
2,274,17,274,291,308,325,342,359,376
2,274,19,274,293,312,331,350,369,388
2,275,2,275,277,279,281,283,285,287
2,275,3,275,278,281,284,287,290,293
2,275,5,275,280,285,290,295,300,305
2,275,7,275,282,289,296,303,310,317
2,275,11,275,286,297,308,319,330,341
2,275,13,275,288,301,314,327,340,353
2,275,17,275,292,309,326,343,360,377
2,275,19,275,294,313,332,351,370,389
2,276,2,276,278,280,282,284,286,288
2,276,3,276,279,282,285,288,291,294
2,276,5,276,281,286,291,296,301,306
2,276,7,276,283,290,297,304,311,318
2,276,11,276,287,298,309,320,331,342
2,276,13,276,289,302,315,328,341,354
2,276,17,276,293,310,327,344,361,378
2,276,19,276,295,314,333,352,371,390
2,277,2,277,279,281,283,285,287,289
2,277,3,277,280,283,286,289,292,295
2,277,5,277,282,287,292,297,302,307
2,277,7,277,284,291,298,305,312,319
2,277,11,277,288,299,310,321,332,343
2,277,13,277,290,303,316,329,342,355
2,277,17,277,294,311,328,345,362,379
2,277,19,277,296,315,334,353,372,391
2,278,2,278,280,282,284,286,288,290
2,278,3,278,281,284,287,290,293,296
2,278,5,278,283,288,293,298,303,308
2,278,7,278,285,292,299,306,313,320
2,278,11,278,289,300,311,322,333,344
2,278,13,278,291,304,317,330,343,356
2,278,17,278,295,312,329,346,363,380
2,278,19,278,297,316,335,354,373,392
2,279,2,279,281,283,285,287,289,291
2,279,3,279,282,285,288,291,294,297
2,279,5,279,284,289,294,299,304,309
2,279,7,279,286,293,300,307,314,321
2,279,11,279,290,301,312,323,334,345
2,279,13,279,292,305,318,331,344,357
2,279,17,279,296,313,330,347,364,381
2,279,19,279,298,317,336,355,374,393
2,280,2,280,282,284,286,288,290,292
2,280,3,280,283,286,289,292,295,298
2,280,5,280,285,290,295,300,305,310
2,280,7,280,287,294,301,308,315,322
2,280,11,280,291,302,313,324,335,346
2,280,13,280,293,306,319,332,345,358
2,280,17,280,297,314,331,348,365,382
2,280,19,280,299,318,337,356,375,394
2,281,2,281,283,285,287,289,291,293
2,281,3,281,284,287,290,293,296,299
2,281,5,281,286,291,296,301,306,311
2,281,7,281,288,295,302,309,316,323
2,281,11,281,292,303,314,325,336,347
2,281,13,281,294,307,320,333,346,359
2,281,17,281,298,315,332,349,366,383
2,281,19,281,300,319,338,357,376,395
2,282,2,282,284,286,288,290,292,294
2,282,3,282,285,288,291,294,297,300
2,282,5,282,287,292,297,302,307,312
2,282,7,282,289,296,303,310,317,324
2,282,11,282,293,304,315,326,337,348
2,282,13,282,295,308,321,334,347,360
2,282,17,282,299,316,333,350,367,384
2,282,19,282,301,320,339,358,377,396
2,283,2,283,285,287,289,291,293,295
2,283,3,283,286,289,292,295,298,301
2,283,5,283,288,293,298,303,308,313
2,283,7,283,290,297,304,311,318,325
2,283,11,283,294,305,316,327,338,349
2,283,13,283,296,309,322,335,348,361
2,283,17,283,300,317,334,351,368,385
2,283,19,283,302,321,340,359,378,397
2,284,2,284,286,288,290,292,294,296
2,284,3,284,287,290,293,296,299,302
2,284,5,284,289,294,299,304,309,314
2,284,7,284,291,298,305,312,319,326
2,284,11,284,295,306,317,328,339,350
2,284,13,284,297,310,323,336,349,362
2,284,17,284,301,318,335,352,369,386
2,284,19,284,303,322,341,360,379,398
2,285,2,285,287,289,291,293,295,297
2,285,3,285,288,291,294,297,300,303
2,285,5,285,290,295,300,305,310,315
2,285,7,285,292,299,306,313,320,327
2,285,11,285,296,307,318,329,340,351
2,285,13,285,298,311,324,337,350,363
2,285,17,285,302,319,336,353,370,387
2,285,19,285,304,323,342,361,380,399
2,286,2,286,288,290,292,294,296,298
2,286,3,286,289,292,295,298,301,304
2,286,5,286,291,296,301,306,311,316
2,286,7,286,293,300,307,314,321,328
2,286,11,286,297,308,319,330,341,352
2,286,13,286,299,312,325,338,351,364
2,286,17,286,303,320,337,354,371,388
2,286,19,286,305,324,343,362,381,400
2,287,2,287,289,291,293,295,297,299
2,287,3,287,290,293,296,299,302,305
2,287,5,287,292,297,302,307,312,317
2,287,7,287,294,301,308,315,322,329
2,287,11,287,298,309,320,331,342,353
2,287,13,287,300,313,326,339,352,365
2,287,17,287,304,321,338,355,372,389
2,287,19,287,306,325,344,363,382,401
2,288,2,288,290,292,294,296,298,300
2,288,3,288,291,294,297,300,303,306
2,288,5,288,293,298,303,308,313,318
2,288,7,288,295,302,309,316,323,330
2,288,11,288,299,310,321,332,343,354
2,288,13,288,301,314,327,340,353,366
2,288,17,288,305,322,339,356,373,390
2,288,19,288,307,326,345,364,383,402
2,289,2,289,291,293,295,297,299,301
2,289,3,289,292,295,298,301,304,307
2,289,5,289,294,299,304,309,314,319
2,289,7,289,296,303,310,317,324,331
2,289,11,289,300,311,322,333,344,355
2,289,13,289,302,315,328,341,354,367
2,289,17,289,306,323,340,357,374,391
2,289,19,289,308,327,346,365,384,403
2,290,2,290,292,294,296,298,300,302
2,290,3,290,293,296,299,302,305,308
2,290,5,290,295,300,305,310,315,320
2,290,7,290,297,304,311,318,325,332
2,290,11,290,301,312,323,334,345,356
2,290,13,290,303,316,329,342,355,368
2,290,17,290,307,324,341,358,375,392
2,290,19,290,309,328,347,366,385,404
2,291,2,291,293,295,297,299,301,303
2,291,3,291,294,297,300,303,306,309
2,291,5,291,296,301,306,311,316,321
2,291,7,291,298,305,312,319,326,333
2,291,11,291,302,313,324,335,346,357
2,291,13,291,304,317,330,343,356,369
2,291,17,291,308,325,342,359,376,393
2,291,19,291,310,329,348,367,386,405
2,292,2,292,294,296,298,300,302,304
2,292,3,292,295,298,301,304,307,310
2,292,5,292,297,302,307,312,317,322
2,292,7,292,299,306,313,320,327,334
2,292,11,292,303,314,325,336,347,358
2,292,13,292,305,318,331,344,357,370
2,292,17,292,309,326,343,360,377,394
2,292,19,292,311,330,349,368,387,406
2,293,2,293,295,297,299,301,303,305
2,293,3,293,296,299,302,305,308,311
2,293,5,293,298,303,308,313,318,323
2,293,7,293,300,307,314,321,328,335
2,293,11,293,304,315,326,337,348,359
2,293,13,293,306,319,332,345,358,371
2,293,17,293,310,327,344,361,378,395
2,293,19,293,312,331,350,369,388,407
2,294,2,294,296,298,300,302,304,306
2,294,3,294,297,300,303,306,309,312
2,294,5,294,299,304,309,314,319,324
2,294,7,294,301,308,315,322,329,336
2,294,11,294,305,316,327,338,349,360
2,294,13,294,307,320,333,346,359,372
2,294,17,294,311,328,345,362,379,396
2,294,19,294,313,332,351,370,389,408
2,295,2,295,297,299,301,303,305,307
2,295,3,295,298,301,304,307,310,313
2,295,5,295,300,305,310,315,320,325
2,295,7,295,302,309,316,323,330,337
2,295,11,295,306,317,328,339,350,361
2,295,13,295,308,321,334,347,360,373
2,295,17,295,312,329,346,363,380,397
2,295,19,295,314,333,352,371,390,409
2,296,2,296,298,300,302,304,306,308
2,296,3,296,299,302,305,308,311,314
2,296,5,296,301,306,311,316,321,326
2,296,7,296,303,310,317,324,331,338
2,296,11,296,307,318,329,340,351,362
2,296,13,296,309,322,335,348,361,374
2,296,17,296,313,330,347,364,381,398
2,296,19,296,315,334,353,372,391,410
2,297,2,297,299,301,303,305,307,309
2,297,3,297,300,303,306,309,312,315
2,297,5,297,302,307,312,317,322,327
2,297,7,297,304,311,318,325,332,339
2,297,11,297,308,319,330,341,352,363
2,297,13,297,310,323,336,349,362,375
2,297,17,297,314,331,348,365,382,399
2,297,19,297,316,335,354,373,392,411
2,298,2,298,300,302,304,306,308,310
2,298,3,298,301,304,307,310,313,316
2,298,5,298,303,308,313,318,323,328
2,298,7,298,305,312,319,326,333,340
2,298,11,298,309,320,331,342,353,364
2,298,13,298,311,324,337,350,363,376
2,298,17,298,315,332,349,366,383,400
2,298,19,298,317,336,355,374,393,412
2,299,2,299,301,303,305,307,309,311
2,299,3,299,302,305,308,311,314,317
2,299,5,299,304,309,314,319,324,329
2,299,7,299,306,313,320,327,334,341
2,299,11,299,310,321,332,343,354,365
2,299,13,299,312,325,338,351,364,377
2,299,17,299,316,333,350,367,384,401
2,299,19,299,318,337,356,375,394,413
2,300,2,300,302,304,306,308,310,312
2,300,3,300,303,306,309,312,315,318
2,300,5,300,305,310,315,320,325,330
2,300,7,300,307,314,321,328,335,342
2,300,11,300,311,322,333,344,355,366
2,300,13,300,313,326,339,352,365,378
2,300,17,300,317,334,351,368,385,402
2,300,19,300,319,338,357,376,395,414
2,301,2,301,303,305,307,309,311,313
2,301,3,301,304,307,310,313,316,319
2,301,5,301,306,311,316,321,326,331
2,301,7,301,308,315,322,329,336,343
2,301,11,301,312,323,334,345,356,367
2,301,13,301,314,327,340,353,366,379
2,301,17,301,318,335,352,369,386,403
2,301,19,301,320,339,358,377,396,415
2,302,2,302,304,306,308,310,312,314
2,302,3,302,305,308,311,314,317,320
2,302,5,302,307,312,317,322,327,332
2,302,7,302,309,316,323,330,337,344
2,302,11,302,313,324,335,346,357,368
2,302,13,302,315,328,341,354,367,380
2,302,17,302,319,336,353,370,387,404
2,302,19,302,321,340,359,378,397,416
2,303,2,303,305,307,309,311,313,315
2,303,3,303,306,309,312,315,318,321
2,303,5,303,308,313,318,323,328,333
2,303,7,303,310,317,324,331,338,345
2,303,11,303,314,325,336,347,358,369
2,303,13,303,316,329,342,355,368,381
2,303,17,303,320,337,354,371,388,405
2,303,19,303,322,341,360,379,398,417
2,304,2,304,306,308,310,312,314,316
2,304,3,304,307,310,313,316,319,322
2,304,5,304,309,314,319,324,329,334
2,304,7,304,311,318,325,332,339,346
2,304,11,304,315,326,337,348,359,370
2,304,13,304,317,330,343,356,369,382
2,304,17,304,321,338,355,372,389,406
2,304,19,304,323,342,361,380,399,418
2,305,2,305,307,309,311,313,315,317
2,305,3,305,308,311,314,317,320,323
2,305,5,305,310,315,320,325,330,335
2,305,7,305,312,319,326,333,340,347
2,305,11,305,316,327,338,349,360,371
2,305,13,305,318,331,344,357,370,383
2,305,17,305,322,339,356,373,390,407
2,305,19,305,324,343,362,381,400,419
2,306,2,306,308,310,312,314,316,318
2,306,3,306,309,312,315,318,321,324
2,306,5,306,311,316,321,326,331,336
2,306,7,306,313,320,327,334,341,348
2,306,11,306,317,328,339,350,361,372
2,306,13,306,319,332,345,358,371,384
2,306,17,306,323,340,357,374,391,408
2,306,19,306,325,344,363,382,401,420
2,307,2,307,309,311,313,315,317,319
2,307,3,307,310,313,316,319,322,325
2,307,5,307,312,317,322,327,332,337
2,307,7,307,314,321,328,335,342,349
2,307,11,307,318,329,340,351,362,373
2,307,13,307,320,333,346,359,372,385
2,307,17,307,324,341,358,375,392,409
2,307,19,307,326,345,364,383,402,421
2,308,2,308,310,312,314,316,318,320
2,308,3,308,311,314,317,320,323,326
2,308,5,308,313,318,323,328,333,338
2,308,7,308,315,322,329,336,343,350
2,308,11,308,319,330,341,352,363,374
2,308,13,308,321,334,347,360,373,386
2,308,17,308,325,342,359,376,393,410
2,308,19,308,327,346,365,384,403,422
2,309,2,309,311,313,315,317,319,321
2,309,3,309,312,315,318,321,324,327
2,309,5,309,314,319,324,329,334,339
2,309,7,309,316,323,330,337,344,351
2,309,11,309,320,331,342,353,364,375
2,309,13,309,322,335,348,361,374,387
2,309,17,309,326,343,360,377,394,411
2,309,19,309,328,347,366,385,404,423
2,310,2,310,312,314,316,318,320,322
2,310,3,310,313,316,319,322,325,328
2,310,5,310,315,320,325,330,335,340
2,310,7,310,317,324,331,338,345,352
2,310,11,310,321,332,343,354,365,376
2,310,13,310,323,336,349,362,375,388
2,310,17,310,327,344,361,378,395,412
2,310,19,310,329,348,367,386,405,424
2,311,2,311,313,315,317,319,321,323
2,311,3,311,314,317,320,323,326,329
2,311,5,311,316,321,326,331,336,341
2,311,7,311,318,325,332,339,346,353
2,311,11,311,322,333,344,355,366,377
2,311,13,311,324,337,350,363,376,389
2,311,17,311,328,345,362,379,396,413
2,311,19,311,330,349,368,387,406,425
2,312,2,312,314,316,318,320,322,324
2,312,3,312,315,318,321,324,327,330
2,312,5,312,317,322,327,332,337,342
2,312,7,312,319,326,333,340,347,354
2,312,11,312,323,334,345,356,367,378
2,312,13,312,325,338,351,364,377,390
2,312,17,312,329,346,363,380,397,414
2,312,19,312,331,350,369,388,407,426
2,313,2,313,315,317,319,321,323,325
2,313,3,313,316,319,322,325,328,331
2,313,5,313,318,323,328,333,338,343
2,313,7,313,320,327,334,341,348,355
2,313,11,313,324,335,346,357,368,379
2,313,13,313,326,339,352,365,378,391
2,313,17,313,330,347,364,381,398,415
2,313,19,313,332,351,370,389,408,427
2,314,2,314,316,318,320,322,324,326
2,314,3,314,317,320,323,326,329,332
2,314,5,314,319,324,329,334,339,344
2,314,7,314,321,328,335,342,349,356
2,314,11,314,325,336,347,358,369,380
2,314,13,314,327,340,353,366,379,392
2,314,17,314,331,348,365,382,399,416
2,314,19,314,333,352,371,390,409,428
2,315,2,315,317,319,321,323,325,327
2,315,3,315,318,321,324,327,330,333
2,315,5,315,320,325,330,335,340,345
2,315,7,315,322,329,336,343,350,357
2,315,11,315,326,337,348,359,370,381
2,315,13,315,328,341,354,367,380,393
2,315,17,315,332,349,366,383,400,417
2,315,19,315,334,353,372,391,410,429
2,316,2,316,318,320,322,324,326,328
2,316,3,316,319,322,325,328,331,334
2,316,5,316,321,326,331,336,341,346
2,316,7,316,323,330,337,344,351,358
2,316,11,316,327,338,349,360,371,382
2,316,13,316,329,342,355,368,381,394
2,316,17,316,333,350,367,384,401,418
2,316,19,316,335,354,373,392,411,430
2,317,2,317,319,321,323,325,327,329
2,317,3,317,320,323,326,329,332,335
2,317,5,317,322,327,332,337,342,347
2,317,7,317,324,331,338,345,352,359
2,317,11,317,328,339,350,361,372,383
2,317,13,317,330,343,356,369,382,395
2,317,17,317,334,351,368,385,402,419
2,317,19,317,336,355,374,393,412,431
2,318,2,318,320,322,324,326,328,330
2,318,3,318,321,324,327,330,333,336
2,318,5,318,323,328,333,338,343,348
2,318,7,318,325,332,339,346,353,360
2,318,11,318,329,340,351,362,373,384
2,318,13,318,331,344,357,370,383,396
2,318,17,318,335,352,369,386,403,420
2,318,19,318,337,356,375,394,413,432
2,319,2,319,321,323,325,327,329,331
2,319,3,319,322,325,328,331,334,337
2,319,5,319,324,329,334,339,344,349
2,319,7,319,326,333,340,347,354,361
2,319,11,319,330,341,352,363,374,385
2,319,13,319,332,345,358,371,384,397
2,319,17,319,336,353,370,387,404,421
2,319,19,319,338,357,376,395,414,433
2,320,2,320,322,324,326,328,330,332
2,320,3,320,323,326,329,332,335,338
2,320,5,320,325,330,335,340,345,350
2,320,7,320,327,334,341,348,355,362
2,320,11,320,331,342,353,364,375,386
2,320,13,320,333,346,359,372,385,398
2,320,17,320,337,354,371,388,405,422
2,320,19,320,339,358,377,396,415,434
2,321,2,321,323,325,327,329,331,333
2,321,3,321,324,327,330,333,336,339
2,321,5,321,326,331,336,341,346,351
2,321,7,321,328,335,342,349,356,363
2,321,11,321,332,343,354,365,376,387
2,321,13,321,334,347,360,373,386,399
2,321,17,321,338,355,372,389,406,423
2,321,19,321,340,359,378,397,416,435
2,322,2,322,324,326,328,330,332,334
2,322,3,322,325,328,331,334,337,340
2,322,5,322,327,332,337,342,347,352
2,322,7,322,329,336,343,350,357,364
2,322,11,322,333,344,355,366,377,388
2,322,13,322,335,348,361,374,387,400
2,322,17,322,339,356,373,390,407,424
2,322,19,322,341,360,379,398,417,436
2,323,2,323,325,327,329,331,333,335
2,323,3,323,326,329,332,335,338,341
2,323,5,323,328,333,338,343,348,353
2,323,7,323,330,337,344,351,358,365
2,323,11,323,334,345,356,367,378,389
2,323,13,323,336,349,362,375,388,401
2,323,17,323,340,357,374,391,408,425
2,323,19,323,342,361,380,399,418,437
2,324,2,324,326,328,330,332,334,336
2,324,3,324,327,330,333,336,339,342
2,324,5,324,329,334,339,344,349,354
2,324,7,324,331,338,345,352,359,366
2,324,11,324,335,346,357,368,379,390
2,324,13,324,337,350,363,376,389,402
2,324,17,324,341,358,375,392,409,426
2,324,19,324,343,362,381,400,419,438
2,325,2,325,327,329,331,333,335,337
2,325,3,325,328,331,334,337,340,343
2,325,5,325,330,335,340,345,350,355
2,325,7,325,332,339,346,353,360,367
2,325,11,325,336,347,358,369,380,391
2,325,13,325,338,351,364,377,390,403
2,325,17,325,342,359,376,393,410,427
2,325,19,325,344,363,382,401,420,439
2,326,2,326,328,330,332,334,336,338
2,326,3,326,329,332,335,338,341,344
2,326,5,326,331,336,341,346,351,356
2,326,7,326,333,340,347,354,361,368
2,326,11,326,337,348,359,370,381,392
2,326,13,326,339,352,365,378,391,404
2,326,17,326,343,360,377,394,411,428
2,326,19,326,345,364,383,402,421,440
2,327,2,327,329,331,333,335,337,339
2,327,3,327,330,333,336,339,342,345
2,327,5,327,332,337,342,347,352,357
2,327,7,327,334,341,348,355,362,369
2,327,11,327,338,349,360,371,382,393
2,327,13,327,340,353,366,379,392,405
2,327,17,327,344,361,378,395,412,429
2,327,19,327,346,365,384,403,422,441
2,328,2,328,330,332,334,336,338,340
2,328,3,328,331,334,337,340,343,346
2,328,5,328,333,338,343,348,353,358
2,328,7,328,335,342,349,356,363,370
2,328,11,328,339,350,361,372,383,394
2,328,13,328,341,354,367,380,393,406
2,328,17,328,345,362,379,396,413,430
2,328,19,328,347,366,385,404,423,442
2,329,2,329,331,333,335,337,339,341
2,329,3,329,332,335,338,341,344,347
2,329,5,329,334,339,344,349,354,359
2,329,7,329,336,343,350,357,364,371
2,329,11,329,340,351,362,373,384,395
2,329,13,329,342,355,368,381,394,407
2,329,17,329,346,363,380,397,414,431
2,329,19,329,348,367,386,405,424,443
2,330,2,330,332,334,336,338,340,342
2,330,3,330,333,336,339,342,345,348
2,330,5,330,335,340,345,350,355,360
2,330,7,330,337,344,351,358,365,372
2,330,11,330,341,352,363,374,385,396
2,330,13,330,343,356,369,382,395,408
2,330,17,330,347,364,381,398,415,432
2,330,19,330,349,368,387,406,425,444
2,331,2,331,333,335,337,339,341,343
2,331,3,331,334,337,340,343,346,349
2,331,5,331,336,341,346,351,356,361
2,331,7,331,338,345,352,359,366,373
2,331,11,331,342,353,364,375,386,397
2,331,13,331,344,357,370,383,396,409
2,331,17,331,348,365,382,399,416,433
2,331,19,331,350,369,388,407,426,445
2,332,2,332,334,336,338,340,342,344
2,332,3,332,335,338,341,344,347,350
2,332,5,332,337,342,347,352,357,362
2,332,7,332,339,346,353,360,367,374
2,332,11,332,343,354,365,376,387,398
2,332,13,332,345,358,371,384,397,410
2,332,17,332,349,366,383,400,417,434
2,332,19,332,351,370,389,408,427,446
2,333,2,333,335,337,339,341,343,345
2,333,3,333,336,339,342,345,348,351
2,333,5,333,338,343,348,353,358,363
2,333,7,333,340,347,354,361,368,375
2,333,11,333,344,355,366,377,388,399
2,333,13,333,346,359,372,385,398,411
2,333,17,333,350,367,384,401,418,435
2,333,19,333,352,371,390,409,428,447
2,334,2,334,336,338,340,342,344,346
2,334,3,334,337,340,343,346,349,352
2,334,5,334,339,344,349,354,359,364
2,334,7,334,341,348,355,362,369,376
2,334,11,334,345,356,367,378,389,400
2,334,13,334,347,360,373,386,399,412
2,334,17,334,351,368,385,402,419,436
2,334,19,334,353,372,391,410,429,448
2,335,2,335,337,339,341,343,345,347
2,335,3,335,338,341,344,347,350,353
2,335,5,335,340,345,350,355,360,365
2,335,7,335,342,349,356,363,370,377
2,335,11,335,346,357,368,379,390,401
2,335,13,335,348,361,374,387,400,413
2,335,17,335,352,369,386,403,420,437
2,335,19,335,354,373,392,411,430,449
2,336,2,336,338,340,342,344,346,348
2,336,3,336,339,342,345,348,351,354
2,336,5,336,341,346,351,356,361,366
2,336,7,336,343,350,357,364,371,378
2,336,11,336,347,358,369,380,391,402
2,336,13,336,349,362,375,388,401,414
2,336,17,336,353,370,387,404,421,438
2,336,19,336,355,374,393,412,431,450
2,337,2,337,339,341,343,345,347,349
2,337,3,337,340,343,346,349,352,355
2,337,5,337,342,347,352,357,362,367
2,337,7,337,344,351,358,365,372,379
2,337,11,337,348,359,370,381,392,403
2,337,13,337,350,363,376,389,402,415
2,337,17,337,354,371,388,405,422,439
2,337,19,337,356,375,394,413,432,451
2,338,2,338,340,342,344,346,348,350
2,338,3,338,341,344,347,350,353,356
2,338,5,338,343,348,353,358,363,368
2,338,7,338,345,352,359,366,373,380
2,338,11,338,349,360,371,382,393,404
2,338,13,338,351,364,377,390,403,416
2,338,17,338,355,372,389,406,423,440
2,338,19,338,357,376,395,414,433,452
2,339,2,339,341,343,345,347,349,351
2,339,3,339,342,345,348,351,354,357
2,339,5,339,344,349,354,359,364,369
2,339,7,339,346,353,360,367,374,381
2,339,11,339,350,361,372,383,394,405
2,339,13,339,352,365,378,391,404,417
2,339,17,339,356,373,390,407,424,441
2,339,19,339,358,377,396,415,434,453
2,340,2,340,342,344,346,348,350,352
2,340,3,340,343,346,349,352,355,358
2,340,5,340,345,350,355,360,365,370
2,340,7,340,347,354,361,368,375,382
2,340,11,340,351,362,373,384,395,406
2,340,13,340,353,366,379,392,405,418
2,340,17,340,357,374,391,408,425,442
2,340,19,340,359,378,397,416,435,454
2,341,2,341,343,345,347,349,351,353
2,341,3,341,344,347,350,353,356,359
2,341,5,341,346,351,356,361,366,371
2,341,7,341,348,355,362,369,376,383
2,341,11,341,352,363,374,385,396,407
2,341,13,341,354,367,380,393,406,419
2,341,17,341,358,375,392,409,426,443
2,341,19,341,360,379,398,417,436,455
2,342,2,342,344,346,348,350,352,354
2,342,3,342,345,348,351,354,357,360
2,342,5,342,347,352,357,362,367,372
2,342,7,342,349,356,363,370,377,384
2,342,11,342,353,364,375,386,397,408
2,342,13,342,355,368,381,394,407,420
2,342,17,342,359,376,393,410,427,444
2,342,19,342,361,380,399,418,437,456
2,343,2,343,345,347,349,351,353,355
2,343,3,343,346,349,352,355,358,361
2,343,5,343,348,353,358,363,368,373
2,343,7,343,350,357,364,371,378,385
2,343,11,343,354,365,376,387,398,409
2,343,13,343,356,369,382,395,408,421
2,343,17,343,360,377,394,411,428,445
2,343,19,343,362,381,400,419,438,457
2,344,2,344,346,348,350,352,354,356
2,344,3,344,347,350,353,356,359,362
2,344,5,344,349,354,359,364,369,374
2,344,7,344,351,358,365,372,379,386
2,344,11,344,355,366,377,388,399,410
2,344,13,344,357,370,383,396,409,422
2,344,17,344,361,378,395,412,429,446
2,344,19,344,363,382,401,420,439,458
2,345,2,345,347,349,351,353,355,357
2,345,3,345,348,351,354,357,360,363
2,345,5,345,350,355,360,365,370,375
2,345,7,345,352,359,366,373,380,387
2,345,11,345,356,367,378,389,400,411
2,345,13,345,358,371,384,397,410,423
2,345,17,345,362,379,396,413,430,447
2,345,19,345,364,383,402,421,440,459
2,346,2,346,348,350,352,354,356,358
2,346,3,346,349,352,355,358,361,364
2,346,5,346,351,356,361,366,371,376
2,346,7,346,353,360,367,374,381,388
2,346,11,346,357,368,379,390,401,412
2,346,13,346,359,372,385,398,411,424
2,346,17,346,363,380,397,414,431,448
2,346,19,346,365,384,403,422,441,460
2,347,2,347,349,351,353,355,357,359
2,347,3,347,350,353,356,359,362,365
2,347,5,347,352,357,362,367,372,377
2,347,7,347,354,361,368,375,382,389
2,347,11,347,358,369,380,391,402,413
2,347,13,347,360,373,386,399,412,425
2,347,17,347,364,381,398,415,432,449
2,347,19,347,366,385,404,423,442,461
2,348,2,348,350,352,354,356,358,360
2,348,3,348,351,354,357,360,363,366
2,348,5,348,353,358,363,368,373,378
2,348,7,348,355,362,369,376,383,390
2,348,11,348,359,370,381,392,403,414
2,348,13,348,361,374,387,400,413,426
2,348,17,348,365,382,399,416,433,450
2,348,19,348,367,386,405,424,443,462
2,349,2,349,351,353,355,357,359,361
2,349,3,349,352,355,358,361,364,367
2,349,5,349,354,359,364,369,374,379
2,349,7,349,356,363,370,377,384,391
2,349,11,349,360,371,382,393,404,415
2,349,13,349,362,375,388,401,414,427
2,349,17,349,366,383,400,417,434,451
2,349,19,349,368,387,406,425,444,463
2,350,2,350,352,354,356,358,360,362
2,350,3,350,353,356,359,362,365,368
2,350,5,350,355,360,365,370,375,380
2,350,7,350,357,364,371,378,385,392
2,350,11,350,361,372,383,394,405,416
2,350,13,350,363,376,389,402,415,428
2,350,17,350,367,384,401,418,435,452
2,350,19,350,369,388,407,426,445,464
2,351,2,351,353,355,357,359,361,363
2,351,3,351,354,357,360,363,366,369
2,351,5,351,356,361,366,371,376,381
2,351,7,351,358,365,372,379,386,393
2,351,11,351,362,373,384,395,406,417
2,351,13,351,364,377,390,403,416,429
2,351,17,351,368,385,402,419,436,453
2,351,19,351,370,389,408,427,446,465
2,352,2,352,354,356,358,360,362,364
2,352,3,352,355,358,361,364,367,370
2,352,5,352,357,362,367,372,377,382
2,352,7,352,359,366,373,380,387,394
2,352,11,352,363,374,385,396,407,418
2,352,13,352,365,378,391,404,417,430
2,352,17,352,369,386,403,420,437,454
2,352,19,352,371,390,409,428,447,466
2,353,2,353,355,357,359,361,363,365
2,353,3,353,356,359,362,365,368,371
2,353,5,353,358,363,368,373,378,383
2,353,7,353,360,367,374,381,388,395
2,353,11,353,364,375,386,397,408,419
2,353,13,353,366,379,392,405,418,431
2,353,17,353,370,387,404,421,438,455
2,353,19,353,372,391,410,429,448,467
2,354,2,354,356,358,360,362,364,366
2,354,3,354,357,360,363,366,369,372
2,354,5,354,359,364,369,374,379,384
2,354,7,354,361,368,375,382,389,396
2,354,11,354,365,376,387,398,409,420
2,354,13,354,367,380,393,406,419,432
2,354,17,354,371,388,405,422,439,456
2,354,19,354,373,392,411,430,449,468
2,355,2,355,357,359,361,363,365,367
2,355,3,355,358,361,364,367,370,373
2,355,5,355,360,365,370,375,380,385
2,355,7,355,362,369,376,383,390,397
2,355,11,355,366,377,388,399,410,421
2,355,13,355,368,381,394,407,420,433
2,355,17,355,372,389,406,423,440,457
2,355,19,355,374,393,412,431,450,469
2,356,2,356,358,360,362,364,366,368
2,356,3,356,359,362,365,368,371,374
2,356,5,356,361,366,371,376,381,386
2,356,7,356,363,370,377,384,391,398
2,356,11,356,367,378,389,400,411,422
2,356,13,356,369,382,395,408,421,434
2,356,17,356,373,390,407,424,441,458
2,356,19,356,375,394,413,432,451,470
2,357,2,357,359,361,363,365,367,369
2,357,3,357,360,363,366,369,372,375
2,357,5,357,362,367,372,377,382,387
2,357,7,357,364,371,378,385,392,399
2,357,11,357,368,379,390,401,412,423
2,357,13,357,370,383,396,409,422,435
2,357,17,357,374,391,408,425,442,459
2,357,19,357,376,395,414,433,452,471
2,358,2,358,360,362,364,366,368,370
2,358,3,358,361,364,367,370,373,376
2,358,5,358,363,368,373,378,383,388
2,358,7,358,365,372,379,386,393,400
2,358,11,358,369,380,391,402,413,424
2,358,13,358,371,384,397,410,423,436
2,358,17,358,375,392,409,426,443,460
2,358,19,358,377,396,415,434,453,472
2,359,2,359,361,363,365,367,369,371
2,359,3,359,362,365,368,371,374,377
2,359,5,359,364,369,374,379,384,389
2,359,7,359,366,373,380,387,394,401
2,359,11,359,370,381,392,403,414,425
2,359,13,359,372,385,398,411,424,437
2,359,17,359,376,393,410,427,444,461
2,359,19,359,378,397,416,435,454,473
2,360,2,360,362,364,366,368,370,372
2,360,3,360,363,366,369,372,375,378
2,360,5,360,365,370,375,380,385,390
2,360,7,360,367,374,381,388,395,402
2,360,11,360,371,382,393,404,415,426
2,360,13,360,373,386,399,412,425,438
2,360,17,360,377,394,411,428,445,462
2,360,19,360,379,398,417,436,455,474
2,361,2,361,363,365,367,369,371,373
2,361,3,361,364,367,370,373,376,379
2,361,5,361,366,371,376,381,386,391
2,361,7,361,368,375,382,389,396,403
2,361,11,361,372,383,394,405,416,427
2,361,13,361,374,387,400,413,426,439
2,361,17,361,378,395,412,429,446,463
2,361,19,361,380,399,418,437,456,475
2,362,2,362,364,366,368,370,372,374
2,362,3,362,365,368,371,374,377,380
2,362,5,362,367,372,377,382,387,392
2,362,7,362,369,376,383,390,397,404
2,362,11,362,373,384,395,406,417,428
2,362,13,362,375,388,401,414,427,440
2,362,17,362,379,396,413,430,447,464
2,362,19,362,381,400,419,438,457,476
2,363,2,363,365,367,369,371,373,375
2,363,3,363,366,369,372,375,378,381
2,363,5,363,368,373,378,383,388,393
2,363,7,363,370,377,384,391,398,405
2,363,11,363,374,385,396,407,418,429
2,363,13,363,376,389,402,415,428,441
2,363,17,363,380,397,414,431,448,465
2,363,19,363,382,401,420,439,458,477
2,364,2,364,366,368,370,372,374,376
2,364,3,364,367,370,373,376,379,382
2,364,5,364,369,374,379,384,389,394
2,364,7,364,371,378,385,392,399,406
2,364,11,364,375,386,397,408,419,430
2,364,13,364,377,390,403,416,429,442
2,364,17,364,381,398,415,432,449,466
2,364,19,364,383,402,421,440,459,478
2,365,2,365,367,369,371,373,375,377
2,365,3,365,368,371,374,377,380,383
2,365,5,365,370,375,380,385,390,395
2,365,7,365,372,379,386,393,400,407
2,365,11,365,376,387,398,409,420,431
2,365,13,365,378,391,404,417,430,443
2,365,17,365,382,399,416,433,450,467
2,365,19,365,384,403,422,441,460,479
2,366,2,366,368,370,372,374,376,378
2,366,3,366,369,372,375,378,381,384
2,366,5,366,371,376,381,386,391,396
2,366,7,366,373,380,387,394,401,408
2,366,11,366,377,388,399,410,421,432
2,366,13,366,379,392,405,418,431,444
2,366,17,366,383,400,417,434,451,468
2,366,19,366,385,404,423,442,461,480
2,367,2,367,369,371,373,375,377,379
2,367,3,367,370,373,376,379,382,385
2,367,5,367,372,377,382,387,392,397
2,367,7,367,374,381,388,395,402,409
2,367,11,367,378,389,400,411,422,433
2,367,13,367,380,393,406,419,432,445
2,367,17,367,384,401,418,435,452,469
2,367,19,367,386,405,424,443,462,481
2,368,2,368,370,372,374,376,378,380
2,368,3,368,371,374,377,380,383,386
2,368,5,368,373,378,383,388,393,398
2,368,7,368,375,382,389,396,403,410
2,368,11,368,379,390,401,412,423,434
2,368,13,368,381,394,407,420,433,446
2,368,17,368,385,402,419,436,453,470
2,368,19,368,387,406,425,444,463,482
2,369,2,369,371,373,375,377,379,381
2,369,3,369,372,375,378,381,384,387
2,369,5,369,374,379,384,389,394,399
2,369,7,369,376,383,390,397,404,411
2,369,11,369,380,391,402,413,424,435
2,369,13,369,382,395,408,421,434,447
2,369,17,369,386,403,420,437,454,471
2,369,19,369,388,407,426,445,464,483
2,370,2,370,372,374,376,378,380,382
2,370,3,370,373,376,379,382,385,388
2,370,5,370,375,380,385,390,395,400
2,370,7,370,377,384,391,398,405,412
2,370,11,370,381,392,403,414,425,436
2,370,13,370,383,396,409,422,435,448
2,370,17,370,387,404,421,438,455,472
2,370,19,370,389,408,427,446,465,484
2,371,2,371,373,375,377,379,381,383
2,371,3,371,374,377,380,383,386,389
2,371,5,371,376,381,386,391,396,401
2,371,7,371,378,385,392,399,406,413
2,371,11,371,382,393,404,415,426,437
2,371,13,371,384,397,410,423,436,449
2,371,17,371,388,405,422,439,456,473
2,371,19,371,390,409,428,447,466,485
2,372,2,372,374,376,378,380,382,384
2,372,3,372,375,378,381,384,387,390
2,372,5,372,377,382,387,392,397,402
2,372,7,372,379,386,393,400,407,414
2,372,11,372,383,394,405,416,427,438
2,372,13,372,385,398,411,424,437,450
2,372,17,372,389,406,423,440,457,474
2,372,19,372,391,410,429,448,467,486
2,373,2,373,375,377,379,381,383,385
2,373,3,373,376,379,382,385,388,391
2,373,5,373,378,383,388,393,398,403
2,373,7,373,380,387,394,401,408,415
2,373,11,373,384,395,406,417,428,439
2,373,13,373,386,399,412,425,438,451
2,373,17,373,390,407,424,441,458,475
2,373,19,373,392,411,430,449,468,487
2,374,2,374,376,378,380,382,384,386
2,374,3,374,377,380,383,386,389,392
2,374,5,374,379,384,389,394,399,404
2,374,7,374,381,388,395,402,409,416
2,374,11,374,385,396,407,418,429,440
2,374,13,374,387,400,413,426,439,452
2,374,17,374,391,408,425,442,459,476
2,374,19,374,393,412,431,450,469,488
2,375,2,375,377,379,381,383,385,387
2,375,3,375,378,381,384,387,390,393
2,375,5,375,380,385,390,395,400,405
2,375,7,375,382,389,396,403,410,417
2,375,11,375,386,397,408,419,430,441
2,375,13,375,388,401,414,427,440,453
2,375,17,375,392,409,426,443,460,477
2,375,19,375,394,413,432,451,470,489
2,376,2,376,378,380,382,384,386,388
2,376,3,376,379,382,385,388,391,394
2,376,5,376,381,386,391,396,401,406
2,376,7,376,383,390,397,404,411,418
2,376,11,376,387,398,409,420,431,442
2,376,13,376,389,402,415,428,441,454
2,376,17,376,393,410,427,444,461,478
2,376,19,376,395,414,433,452,471,490
2,377,2,377,379,381,383,385,387,389
2,377,3,377,380,383,386,389,392,395
2,377,5,377,382,387,392,397,402,407
2,377,7,377,384,391,398,405,412,419
2,377,11,377,388,399,410,421,432,443
2,377,13,377,390,403,416,429,442,455
2,377,17,377,394,411,428,445,462,479
2,377,19,377,396,415,434,453,472,491
2,378,2,378,380,382,384,386,388,390
2,378,3,378,381,384,387,390,393,396
2,378,5,378,383,388,393,398,403,408
2,378,7,378,385,392,399,406,413,420
2,378,11,378,389,400,411,422,433,444
2,378,13,378,391,404,417,430,443,456
2,378,17,378,395,412,429,446,463,480
2,378,19,378,397,416,435,454,473,492
2,379,2,379,381,383,385,387,389,391
2,379,3,379,382,385,388,391,394,397
2,379,5,379,384,389,394,399,404,409
2,379,7,379,386,393,400,407,414,421
2,379,11,379,390,401,412,423,434,445
2,379,13,379,392,405,418,431,444,457
2,379,17,379,396,413,430,447,464,481
2,379,19,379,398,417,436,455,474,493
2,380,2,380,382,384,386,388,390,392
2,380,3,380,383,386,389,392,395,398
2,380,5,380,385,390,395,400,405,410
2,380,7,380,387,394,401,408,415,422
2,380,11,380,391,402,413,424,435,446
2,380,13,380,393,406,419,432,445,458
2,380,17,380,397,414,431,448,465,482
2,380,19,380,399,418,437,456,475,494
2,381,2,381,383,385,387,389,391,393
2,381,3,381,384,387,390,393,396,399
2,381,5,381,386,391,396,401,406,411
2,381,7,381,388,395,402,409,416,423
2,381,11,381,392,403,414,425,436,447
2,381,13,381,394,407,420,433,446,459
2,381,17,381,398,415,432,449,466,483
2,381,19,381,400,419,438,457,476,495
2,382,2,382,384,386,388,390,392,394
2,382,3,382,385,388,391,394,397,400
2,382,5,382,387,392,397,402,407,412
2,382,7,382,389,396,403,410,417,424
2,382,11,382,393,404,415,426,437,448
2,382,13,382,395,408,421,434,447,460
2,382,17,382,399,416,433,450,467,484
2,382,19,382,401,420,439,458,477,496
2,383,2,383,385,387,389,391,393,395
2,383,3,383,386,389,392,395,398,401
2,383,5,383,388,393,398,403,408,413
2,383,7,383,390,397,404,411,418,425
2,383,11,383,394,405,416,427,438,449
2,383,13,383,396,409,422,435,448,461
2,383,17,383,400,417,434,451,468,485
2,383,19,383,402,421,440,459,478,497
2,384,2,384,386,388,390,392,394,396
2,384,3,384,387,390,393,396,399,402
2,384,5,384,389,394,399,404,409,414
2,384,7,384,391,398,405,412,419,426
2,384,11,384,395,406,417,428,439,450
2,384,13,384,397,410,423,436,449,462
2,384,17,384,401,418,435,452,469,486
2,384,19,384,403,422,441,460,479,498
2,385,2,385,387,389,391,393,395,397
2,385,3,385,388,391,394,397,400,403
2,385,5,385,390,395,400,405,410,415
2,385,7,385,392,399,406,413,420,427
2,385,11,385,396,407,418,429,440,451
2,385,13,385,398,411,424,437,450,463
2,385,17,385,402,419,436,453,470,487
2,385,19,385,404,423,442,461,480,499
2,386,2,386,388,390,392,394,396,398
2,386,3,386,389,392,395,398,401,404
2,386,5,386,391,396,401,406,411,416
2,386,7,386,393,400,407,414,421,428
2,386,11,386,397,408,419,430,441,452
2,386,13,386,399,412,425,438,451,464
2,386,17,386,403,420,437,454,471,488
2,386,19,386,405,424,443,462,481,500
2,387,2,387,389,391,393,395,397,399
2,387,3,387,390,393,396,399,402,405
2,387,5,387,392,397,402,407,412,417
2,387,7,387,394,401,408,415,422,429
2,387,11,387,398,409,420,431,442,453
2,387,13,387,400,413,426,439,452,465
2,387,17,387,404,421,438,455,472,489
2,387,19,387,406,425,444,463,482,501
2,388,2,388,390,392,394,396,398,400
2,388,3,388,391,394,397,400,403,406
2,388,5,388,393,398,403,408,413,418
2,388,7,388,395,402,409,416,423,430
2,388,11,388,399,410,421,432,443,454
2,388,13,388,401,414,427,440,453,466
2,388,17,388,405,422,439,456,473,490
2,388,19,388,407,426,445,464,483,502
2,389,2,389,391,393,395,397,399,401
2,389,3,389,392,395,398,401,404,407
2,389,5,389,394,399,404,409,414,419
2,389,7,389,396,403,410,417,424,431
2,389,11,389,400,411,422,433,444,455
2,389,13,389,402,415,428,441,454,467
2,389,17,389,406,423,440,457,474,491
2,389,19,389,408,427,446,465,484,503
2,390,2,390,392,394,396,398,400,402
2,390,3,390,393,396,399,402,405,408
2,390,5,390,395,400,405,410,415,420
2,390,7,390,397,404,411,418,425,432
2,390,11,390,401,412,423,434,445,456
2,390,13,390,403,416,429,442,455,468
2,390,17,390,407,424,441,458,475,492
2,390,19,390,409,428,447,466,485,504
2,391,2,391,393,395,397,399,401,403
2,391,3,391,394,397,400,403,406,409
2,391,5,391,396,401,406,411,416,421
2,391,7,391,398,405,412,419,426,433
2,391,11,391,402,413,424,435,446,457
2,391,13,391,404,417,430,443,456,469
2,391,17,391,408,425,442,459,476,493
2,391,19,391,410,429,448,467,486,505
2,392,2,392,394,396,398,400,402,404
2,392,3,392,395,398,401,404,407,410
2,392,5,392,397,402,407,412,417,422
2,392,7,392,399,406,413,420,427,434
2,392,11,392,403,414,425,436,447,458
2,392,13,392,405,418,431,444,457,470
2,392,17,392,409,426,443,460,477,494
2,392,19,392,411,430,449,468,487,506
2,393,2,393,395,397,399,401,403,405
2,393,3,393,396,399,402,405,408,411
2,393,5,393,398,403,408,413,418,423
2,393,7,393,400,407,414,421,428,435
2,393,11,393,404,415,426,437,448,459
2,393,13,393,406,419,432,445,458,471
2,393,17,393,410,427,444,461,478,495
2,393,19,393,412,431,450,469,488,507
2,394,2,394,396,398,400,402,404,406
2,394,3,394,397,400,403,406,409,412
2,394,5,394,399,404,409,414,419,424
2,394,7,394,401,408,415,422,429,436
2,394,11,394,405,416,427,438,449,460
2,394,13,394,407,420,433,446,459,472
2,394,17,394,411,428,445,462,479,496
2,394,19,394,413,432,451,470,489,508
2,395,2,395,397,399,401,403,405,407
2,395,3,395,398,401,404,407,410,413
2,395,5,395,400,405,410,415,420,425
2,395,7,395,402,409,416,423,430,437
2,395,11,395,406,417,428,439,450,461
2,395,13,395,408,421,434,447,460,473
2,395,17,395,412,429,446,463,480,497
2,395,19,395,414,433,452,471,490,509
2,396,2,396,398,400,402,404,406,408
2,396,3,396,399,402,405,408,411,414
2,396,5,396,401,406,411,416,421,426
2,396,7,396,403,410,417,424,431,438
2,396,11,396,407,418,429,440,451,462
2,396,13,396,409,422,435,448,461,474
2,396,17,396,413,430,447,464,481,498
2,396,19,396,415,434,453,472,491,510
2,397,2,397,399,401,403,405,407,409
2,397,3,397,400,403,406,409,412,415
2,397,5,397,402,407,412,417,422,427
2,397,7,397,404,411,418,425,432,439
2,397,11,397,408,419,430,441,452,463
2,397,13,397,410,423,436,449,462,475
2,397,17,397,414,431,448,465,482,499
2,397,19,397,416,435,454,473,492,511
2,398,2,398,400,402,404,406,408,410
2,398,3,398,401,404,407,410,413,416
2,398,5,398,403,408,413,418,423,428
2,398,7,398,405,412,419,426,433,440
2,398,11,398,409,420,431,442,453,464
2,398,13,398,411,424,437,450,463,476
2,398,17,398,415,432,449,466,483,500
2,398,19,398,417,436,455,474,493,512
2,399,2,399,401,403,405,407,409,411
2,399,3,399,402,405,408,411,414,417
2,399,5,399,404,409,414,419,424,429
2,399,7,399,406,413,420,427,434,441
2,399,11,399,410,421,432,443,454,465
2,399,13,399,412,425,438,451,464,477
2,399,17,399,416,433,450,467,484,501
2,399,19,399,418,437,456,475,494,513
2,400,2,400,402,404,406,408,410,412
2,400,3,400,403,406,409,412,415,418
2,400,5,400,405,410,415,420,425,430
2,400,7,400,407,414,421,428,435,442
2,400,11,400,411,422,433,444,455,466
2,400,13,400,413,426,439,452,465,478
2,400,17,400,417,434,451,468,485,502
2,400,19,400,419,438,457,476,495,514
2,401,2,401,403,405,407,409,411,413
2,401,3,401,404,407,410,413,416,419
2,401,5,401,406,411,416,421,426,431
2,401,7,401,408,415,422,429,436,443
2,401,11,401,412,423,434,445,456,467
2,401,13,401,414,427,440,453,466,479
2,401,17,401,418,435,452,469,486,503
2,401,19,401,420,439,458,477,496,515
2,402,2,402,404,406,408,410,412,414
2,402,3,402,405,408,411,414,417,420
2,402,5,402,407,412,417,422,427,432
2,402,7,402,409,416,423,430,437,444
2,402,11,402,413,424,435,446,457,468
2,402,13,402,415,428,441,454,467,480
2,402,17,402,419,436,453,470,487,504
2,402,19,402,421,440,459,478,497,516
2,403,2,403,405,407,409,411,413,415
2,403,3,403,406,409,412,415,418,421
2,403,5,403,408,413,418,423,428,433
2,403,7,403,410,417,424,431,438,445
2,403,11,403,414,425,436,447,458,469
2,403,13,403,416,429,442,455,468,481
2,403,17,403,420,437,454,471,488,505
2,403,19,403,422,441,460,479,498,517
2,404,2,404,406,408,410,412,414,416
2,404,3,404,407,410,413,416,419,422
2,404,5,404,409,414,419,424,429,434
2,404,7,404,411,418,425,432,439,446
2,404,11,404,415,426,437,448,459,470
2,404,13,404,417,430,443,456,469,482
2,404,17,404,421,438,455,472,489,506
2,404,19,404,423,442,461,480,499,518
2,405,2,405,407,409,411,413,415,417
2,405,3,405,408,411,414,417,420,423
2,405,5,405,410,415,420,425,430,435
2,405,7,405,412,419,426,433,440,447
2,405,11,405,416,427,438,449,460,471
2,405,13,405,418,431,444,457,470,483
2,405,17,405,422,439,456,473,490,507
2,405,19,405,424,443,462,481,500,519
2,406,2,406,408,410,412,414,416,418
2,406,3,406,409,412,415,418,421,424
2,406,5,406,411,416,421,426,431,436
2,406,7,406,413,420,427,434,441,448
2,406,11,406,417,428,439,450,461,472
2,406,13,406,419,432,445,458,471,484
2,406,17,406,423,440,457,474,491,508
2,406,19,406,425,444,463,482,501,520
2,407,2,407,409,411,413,415,417,419
2,407,3,407,410,413,416,419,422,425
2,407,5,407,412,417,422,427,432,437
2,407,7,407,414,421,428,435,442,449
2,407,11,407,418,429,440,451,462,473
2,407,13,407,420,433,446,459,472,485
2,407,17,407,424,441,458,475,492,509
2,407,19,407,426,445,464,483,502,521
2,408,2,408,410,412,414,416,418,420
2,408,3,408,411,414,417,420,423,426
2,408,5,408,413,418,423,428,433,438
2,408,7,408,415,422,429,436,443,450
2,408,11,408,419,430,441,452,463,474
2,408,13,408,421,434,447,460,473,486
2,408,17,408,425,442,459,476,493,510
2,408,19,408,427,446,465,484,503,522
2,409,2,409,411,413,415,417,419,421
2,409,3,409,412,415,418,421,424,427
2,409,5,409,414,419,424,429,434,439
2,409,7,409,416,423,430,437,444,451
2,409,11,409,420,431,442,453,464,475
2,409,13,409,422,435,448,461,474,487
2,409,17,409,426,443,460,477,494,511
2,409,19,409,428,447,466,485,504,523
2,410,2,410,412,414,416,418,420,422
2,410,3,410,413,416,419,422,425,428
2,410,5,410,415,420,425,430,435,440
2,410,7,410,417,424,431,438,445,452
2,410,11,410,421,432,443,454,465,476
2,410,13,410,423,436,449,462,475,488
2,410,17,410,427,444,461,478,495,512
2,410,19,410,429,448,467,486,505,524
2,411,2,411,413,415,417,419,421,423
2,411,3,411,414,417,420,423,426,429
2,411,5,411,416,421,426,431,436,441
2,411,7,411,418,425,432,439,446,453
2,411,11,411,422,433,444,455,466,477
2,411,13,411,424,437,450,463,476,489
2,411,17,411,428,445,462,479,496,513
2,411,19,411,430,449,468,487,506,525
2,412,2,412,414,416,418,420,422,424
2,412,3,412,415,418,421,424,427,430
2,412,5,412,417,422,427,432,437,442
2,412,7,412,419,426,433,440,447,454
2,412,11,412,423,434,445,456,467,478
2,412,13,412,425,438,451,464,477,490
2,412,17,412,429,446,463,480,497,514
2,412,19,412,431,450,469,488,507,526
2,413,2,413,415,417,419,421,423,425
2,413,3,413,416,419,422,425,428,431
2,413,5,413,418,423,428,433,438,443
2,413,7,413,420,427,434,441,448,455
2,413,11,413,424,435,446,457,468,479
2,413,13,413,426,439,452,465,478,491
2,413,17,413,430,447,464,481,498,515
2,413,19,413,432,451,470,489,508,527
2,414,2,414,416,418,420,422,424,426
2,414,3,414,417,420,423,426,429,432
2,414,5,414,419,424,429,434,439,444
2,414,7,414,421,428,435,442,449,456
2,414,11,414,425,436,447,458,469,480
2,414,13,414,427,440,453,466,479,492
2,414,17,414,431,448,465,482,499,516
2,414,19,414,433,452,471,490,509,528
2,415,2,415,417,419,421,423,425,427
2,415,3,415,418,421,424,427,430,433
2,415,5,415,420,425,430,435,440,445
2,415,7,415,422,429,436,443,450,457
2,415,11,415,426,437,448,459,470,481
2,415,13,415,428,441,454,467,480,493
2,415,17,415,432,449,466,483,500,517
2,415,19,415,434,453,472,491,510,529
2,416,2,416,418,420,422,424,426,428
2,416,3,416,419,422,425,428,431,434
2,416,5,416,421,426,431,436,441,446
2,416,7,416,423,430,437,444,451,458
2,416,11,416,427,438,449,460,471,482
2,416,13,416,429,442,455,468,481,494
2,416,17,416,433,450,467,484,501,518
2,416,19,416,435,454,473,492,511,530
2,417,2,417,419,421,423,425,427,429
2,417,3,417,420,423,426,429,432,435
2,417,5,417,422,427,432,437,442,447
2,417,7,417,424,431,438,445,452,459
2,417,11,417,428,439,450,461,472,483
2,417,13,417,430,443,456,469,482,495
2,417,17,417,434,451,468,485,502,519
2,417,19,417,436,455,474,493,512,531
2,418,2,418,420,422,424,426,428,430
2,418,3,418,421,424,427,430,433,436
2,418,5,418,423,428,433,438,443,448
2,418,7,418,425,432,439,446,453,460
2,418,11,418,429,440,451,462,473,484
2,418,13,418,431,444,457,470,483,496
2,418,17,418,435,452,469,486,503,520
2,418,19,418,437,456,475,494,513,532
2,419,2,419,421,423,425,427,429,431
2,419,3,419,422,425,428,431,434,437
2,419,5,419,424,429,434,439,444,449
2,419,7,419,426,433,440,447,454,461
2,419,11,419,430,441,452,463,474,485
2,419,13,419,432,445,458,471,484,497
2,419,17,419,436,453,470,487,504,521
2,419,19,419,438,457,476,495,514,533
2,420,2,420,422,424,426,428,430,432
2,420,3,420,423,426,429,432,435,438
2,420,5,420,425,430,435,440,445,450
2,420,7,420,427,434,441,448,455,462
2,420,11,420,431,442,453,464,475,486
2,420,13,420,433,446,459,472,485,498
2,420,17,420,437,454,471,488,505,522
2,420,19,420,439,458,477,496,515,534
2,421,2,421,423,425,427,429,431,433
2,421,3,421,424,427,430,433,436,439
2,421,5,421,426,431,436,441,446,451
2,421,7,421,428,435,442,449,456,463
2,421,11,421,432,443,454,465,476,487
2,421,13,421,434,447,460,473,486,499
2,421,17,421,438,455,472,489,506,523
2,421,19,421,440,459,478,497,516,535
2,422,2,422,424,426,428,430,432,434
2,422,3,422,425,428,431,434,437,440
2,422,5,422,427,432,437,442,447,452
2,422,7,422,429,436,443,450,457,464
2,422,11,422,433,444,455,466,477,488
2,422,13,422,435,448,461,474,487,500
2,422,17,422,439,456,473,490,507,524
2,422,19,422,441,460,479,498,517,536
2,423,2,423,425,427,429,431,433,435
2,423,3,423,426,429,432,435,438,441
2,423,5,423,428,433,438,443,448,453
2,423,7,423,430,437,444,451,458,465
2,423,11,423,434,445,456,467,478,489
2,423,13,423,436,449,462,475,488,501
2,423,17,423,440,457,474,491,508,525
2,423,19,423,442,461,480,499,518,537
2,424,2,424,426,428,430,432,434,436
2,424,3,424,427,430,433,436,439,442
2,424,5,424,429,434,439,444,449,454
2,424,7,424,431,438,445,452,459,466
2,424,11,424,435,446,457,468,479,490
2,424,13,424,437,450,463,476,489,502
2,424,17,424,441,458,475,492,509,526
2,424,19,424,443,462,481,500,519,538
2,425,2,425,427,429,431,433,435,437
2,425,3,425,428,431,434,437,440,443
2,425,5,425,430,435,440,445,450,455
2,425,7,425,432,439,446,453,460,467
2,425,11,425,436,447,458,469,480,491
2,425,13,425,438,451,464,477,490,503
2,425,17,425,442,459,476,493,510,527
2,425,19,425,444,463,482,501,520,539
2,426,2,426,428,430,432,434,436,438
2,426,3,426,429,432,435,438,441,444
2,426,5,426,431,436,441,446,451,456
2,426,7,426,433,440,447,454,461,468
2,426,11,426,437,448,459,470,481,492
2,426,13,426,439,452,465,478,491,504
2,426,17,426,443,460,477,494,511,528
2,426,19,426,445,464,483,502,521,540
2,427,2,427,429,431,433,435,437,439
2,427,3,427,430,433,436,439,442,445
2,427,5,427,432,437,442,447,452,457
2,427,7,427,434,441,448,455,462,469
2,427,11,427,438,449,460,471,482,493
2,427,13,427,440,453,466,479,492,505
2,427,17,427,444,461,478,495,512,529
2,427,19,427,446,465,484,503,522,541
2,428,2,428,430,432,434,436,438,440
2,428,3,428,431,434,437,440,443,446
2,428,5,428,433,438,443,448,453,458
2,428,7,428,435,442,449,456,463,470
2,428,11,428,439,450,461,472,483,494
2,428,13,428,441,454,467,480,493,506
2,428,17,428,445,462,479,496,513,530
2,428,19,428,447,466,485,504,523,542
2,429,2,429,431,433,435,437,439,441
2,429,3,429,432,435,438,441,444,447
2,429,5,429,434,439,444,449,454,459
2,429,7,429,436,443,450,457,464,471
2,429,11,429,440,451,462,473,484,495
2,429,13,429,442,455,468,481,494,507
2,429,17,429,446,463,480,497,514,531
2,429,19,429,448,467,486,505,524,543
2,430,2,430,432,434,436,438,440,442
2,430,3,430,433,436,439,442,445,448
2,430,5,430,435,440,445,450,455,460
2,430,7,430,437,444,451,458,465,472
2,430,11,430,441,452,463,474,485,496
2,430,13,430,443,456,469,482,495,508
2,430,17,430,447,464,481,498,515,532
2,430,19,430,449,468,487,506,525,544
2,431,2,431,433,435,437,439,441,443
2,431,3,431,434,437,440,443,446,449
2,431,5,431,436,441,446,451,456,461
2,431,7,431,438,445,452,459,466,473
2,431,11,431,442,453,464,475,486,497
2,431,13,431,444,457,470,483,496,509
2,431,17,431,448,465,482,499,516,533
2,431,19,431,450,469,488,507,526,545
2,432,2,432,434,436,438,440,442,444
2,432,3,432,435,438,441,444,447,450
2,432,5,432,437,442,447,452,457,462
2,432,7,432,439,446,453,460,467,474
2,432,11,432,443,454,465,476,487,498
2,432,13,432,445,458,471,484,497,510
2,432,17,432,449,466,483,500,517,534
2,432,19,432,451,470,489,508,527,546
2,433,2,433,435,437,439,441,443,445
2,433,3,433,436,439,442,445,448,451
2,433,5,433,438,443,448,453,458,463
2,433,7,433,440,447,454,461,468,475
2,433,11,433,444,455,466,477,488,499
2,433,13,433,446,459,472,485,498,511
2,433,17,433,450,467,484,501,518,535
2,433,19,433,452,471,490,509,528,547
2,434,2,434,436,438,440,442,444,446
2,434,3,434,437,440,443,446,449,452
2,434,5,434,439,444,449,454,459,464
2,434,7,434,441,448,455,462,469,476
2,434,11,434,445,456,467,478,489,500
2,434,13,434,447,460,473,486,499,512
2,434,17,434,451,468,485,502,519,536
2,434,19,434,453,472,491,510,529,548
2,435,2,435,437,439,441,443,445,447
2,435,3,435,438,441,444,447,450,453
2,435,5,435,440,445,450,455,460,465
2,435,7,435,442,449,456,463,470,477
2,435,11,435,446,457,468,479,490,501
2,435,13,435,448,461,474,487,500,513
2,435,17,435,452,469,486,503,520,537
2,435,19,435,454,473,492,511,530,549
2,436,2,436,438,440,442,444,446,448
2,436,3,436,439,442,445,448,451,454
2,436,5,436,441,446,451,456,461,466
2,436,7,436,443,450,457,464,471,478
2,436,11,436,447,458,469,480,491,502
2,436,13,436,449,462,475,488,501,514
2,436,17,436,453,470,487,504,521,538
2,436,19,436,455,474,493,512,531,550
2,437,2,437,439,441,443,445,447,449
2,437,3,437,440,443,446,449,452,455
2,437,5,437,442,447,452,457,462,467
2,437,7,437,444,451,458,465,472,479
2,437,11,437,448,459,470,481,492,503
2,437,13,437,450,463,476,489,502,515
2,437,17,437,454,471,488,505,522,539
2,437,19,437,456,475,494,513,532,551
2,438,2,438,440,442,444,446,448,450
2,438,3,438,441,444,447,450,453,456
2,438,5,438,443,448,453,458,463,468
2,438,7,438,445,452,459,466,473,480
2,438,11,438,449,460,471,482,493,504
2,438,13,438,451,464,477,490,503,516
2,438,17,438,455,472,489,506,523,540
2,438,19,438,457,476,495,514,533,552
2,439,2,439,441,443,445,447,449,451
2,439,3,439,442,445,448,451,454,457
2,439,5,439,444,449,454,459,464,469
2,439,7,439,446,453,460,467,474,481
2,439,11,439,450,461,472,483,494,505
2,439,13,439,452,465,478,491,504,517
2,439,17,439,456,473,490,507,524,541
2,439,19,439,458,477,496,515,534,553
2,440,2,440,442,444,446,448,450,452
2,440,3,440,443,446,449,452,455,458
2,440,5,440,445,450,455,460,465,470
2,440,7,440,447,454,461,468,475,482
2,440,11,440,451,462,473,484,495,506
2,440,13,440,453,466,479,492,505,518
2,440,17,440,457,474,491,508,525,542
2,440,19,440,459,478,497,516,535,554
2,441,2,441,443,445,447,449,451,453
2,441,3,441,444,447,450,453,456,459
2,441,5,441,446,451,456,461,466,471
2,441,7,441,448,455,462,469,476,483
2,441,11,441,452,463,474,485,496,507
2,441,13,441,454,467,480,493,506,519
2,441,17,441,458,475,492,509,526,543
2,441,19,441,460,479,498,517,536,555
2,442,2,442,444,446,448,450,452,454
2,442,3,442,445,448,451,454,457,460
2,442,5,442,447,452,457,462,467,472
2,442,7,442,449,456,463,470,477,484
2,442,11,442,453,464,475,486,497,508
2,442,13,442,455,468,481,494,507,520
2,442,17,442,459,476,493,510,527,544
2,442,19,442,461,480,499,518,537,556
2,443,2,443,445,447,449,451,453,455
2,443,3,443,446,449,452,455,458,461
2,443,5,443,448,453,458,463,468,473
2,443,7,443,450,457,464,471,478,485
2,443,11,443,454,465,476,487,498,509
2,443,13,443,456,469,482,495,508,521
2,443,17,443,460,477,494,511,528,545
2,443,19,443,462,481,500,519,538,557
2,444,2,444,446,448,450,452,454,456
2,444,3,444,447,450,453,456,459,462
2,444,5,444,449,454,459,464,469,474
2,444,7,444,451,458,465,472,479,486
2,444,11,444,455,466,477,488,499,510
2,444,13,444,457,470,483,496,509,522
2,444,17,444,461,478,495,512,529,546
2,444,19,444,463,482,501,520,539,558
2,445,2,445,447,449,451,453,455,457
2,445,3,445,448,451,454,457,460,463
2,445,5,445,450,455,460,465,470,475
2,445,7,445,452,459,466,473,480,487
2,445,11,445,456,467,478,489,500,511
2,445,13,445,458,471,484,497,510,523
2,445,17,445,462,479,496,513,530,547
2,445,19,445,464,483,502,521,540,559
2,446,2,446,448,450,452,454,456,458
2,446,3,446,449,452,455,458,461,464
2,446,5,446,451,456,461,466,471,476
2,446,7,446,453,460,467,474,481,488
2,446,11,446,457,468,479,490,501,512
2,446,13,446,459,472,485,498,511,524
2,446,17,446,463,480,497,514,531,548
2,446,19,446,465,484,503,522,541,560
2,447,2,447,449,451,453,455,457,459
2,447,3,447,450,453,456,459,462,465
2,447,5,447,452,457,462,467,472,477
2,447,7,447,454,461,468,475,482,489
2,447,11,447,458,469,480,491,502,513
2,447,13,447,460,473,486,499,512,525
2,447,17,447,464,481,498,515,532,549
2,447,19,447,466,485,504,523,542,561
2,448,2,448,450,452,454,456,458,460
2,448,3,448,451,454,457,460,463,466
2,448,5,448,453,458,463,468,473,478
2,448,7,448,455,462,469,476,483,490
2,448,11,448,459,470,481,492,503,514
2,448,13,448,461,474,487,500,513,526
2,448,17,448,465,482,499,516,533,550
2,448,19,448,467,486,505,524,543,562
2,449,2,449,451,453,455,457,459,461
2,449,3,449,452,455,458,461,464,467
2,449,5,449,454,459,464,469,474,479
2,449,7,449,456,463,470,477,484,491
2,449,11,449,460,471,482,493,504,515
2,449,13,449,462,475,488,501,514,527
2,449,17,449,466,483,500,517,534,551
2,449,19,449,468,487,506,525,544,563
2,450,2,450,452,454,456,458,460,462
2,450,3,450,453,456,459,462,465,468
2,450,5,450,455,460,465,470,475,480
2,450,7,450,457,464,471,478,485,492
2,450,11,450,461,472,483,494,505,516
2,450,13,450,463,476,489,502,515,528
2,450,17,450,467,484,501,518,535,552
2,450,19,450,469,488,507,526,545,564
2,451,2,451,453,455,457,459,461,463
2,451,3,451,454,457,460,463,466,469
2,451,5,451,456,461,466,471,476,481
2,451,7,451,458,465,472,479,486,493
2,451,11,451,462,473,484,495,506,517
2,451,13,451,464,477,490,503,516,529
2,451,17,451,468,485,502,519,536,553
2,451,19,451,470,489,508,527,546,565
2,452,2,452,454,456,458,460,462,464
2,452,3,452,455,458,461,464,467,470
2,452,5,452,457,462,467,472,477,482
2,452,7,452,459,466,473,480,487,494
2,452,11,452,463,474,485,496,507,518
2,452,13,452,465,478,491,504,517,530
2,452,17,452,469,486,503,520,537,554
2,452,19,452,471,490,509,528,547,566
2,453,2,453,455,457,459,461,463,465
2,453,3,453,456,459,462,465,468,471
2,453,5,453,458,463,468,473,478,483
2,453,7,453,460,467,474,481,488,495
2,453,11,453,464,475,486,497,508,519
2,453,13,453,466,479,492,505,518,531
2,453,17,453,470,487,504,521,538,555
2,453,19,453,472,491,510,529,548,567
2,454,2,454,456,458,460,462,464,466
2,454,3,454,457,460,463,466,469,472
2,454,5,454,459,464,469,474,479,484
2,454,7,454,461,468,475,482,489,496
2,454,11,454,465,476,487,498,509,520
2,454,13,454,467,480,493,506,519,532
2,454,17,454,471,488,505,522,539,556
2,454,19,454,473,492,511,530,549,568
2,455,2,455,457,459,461,463,465,467
2,455,3,455,458,461,464,467,470,473
2,455,5,455,460,465,470,475,480,485
2,455,7,455,462,469,476,483,490,497
2,455,11,455,466,477,488,499,510,521
2,455,13,455,468,481,494,507,520,533
2,455,17,455,472,489,506,523,540,557
2,455,19,455,474,493,512,531,550,569
2,456,2,456,458,460,462,464,466,468
2,456,3,456,459,462,465,468,471,474
2,456,5,456,461,466,471,476,481,486
2,456,7,456,463,470,477,484,491,498
2,456,11,456,467,478,489,500,511,522
2,456,13,456,469,482,495,508,521,534
2,456,17,456,473,490,507,524,541,558
2,456,19,456,475,494,513,532,551,570
2,457,2,457,459,461,463,465,467,469
2,457,3,457,460,463,466,469,472,475
2,457,5,457,462,467,472,477,482,487
2,457,7,457,464,471,478,485,492,499
2,457,11,457,468,479,490,501,512,523
2,457,13,457,470,483,496,509,522,535
2,457,17,457,474,491,508,525,542,559
2,457,19,457,476,495,514,533,552,571
2,458,2,458,460,462,464,466,468,470
2,458,3,458,461,464,467,470,473,476
2,458,5,458,463,468,473,478,483,488
2,458,7,458,465,472,479,486,493,500
2,458,11,458,469,480,491,502,513,524
2,458,13,458,471,484,497,510,523,536
2,458,17,458,475,492,509,526,543,560
2,458,19,458,477,496,515,534,553,572
2,459,2,459,461,463,465,467,469,471
2,459,3,459,462,465,468,471,474,477
2,459,5,459,464,469,474,479,484,489
2,459,7,459,466,473,480,487,494,501
2,459,11,459,470,481,492,503,514,525
2,459,13,459,472,485,498,511,524,537
2,459,17,459,476,493,510,527,544,561
2,459,19,459,478,497,516,535,554,573
2,460,2,460,462,464,466,468,470,472
2,460,3,460,463,466,469,472,475,478
2,460,5,460,465,470,475,480,485,490
2,460,7,460,467,474,481,488,495,502
2,460,11,460,471,482,493,504,515,526
2,460,13,460,473,486,499,512,525,538
2,460,17,460,477,494,511,528,545,562
2,460,19,460,479,498,517,536,555,574
2,461,2,461,463,465,467,469,471,473
2,461,3,461,464,467,470,473,476,479
2,461,5,461,466,471,476,481,486,491
2,461,7,461,468,475,482,489,496,503
2,461,11,461,472,483,494,505,516,527
2,461,13,461,474,487,500,513,526,539
2,461,17,461,478,495,512,529,546,563
2,461,19,461,480,499,518,537,556,575
2,462,2,462,464,466,468,470,472,474
2,462,3,462,465,468,471,474,477,480
2,462,5,462,467,472,477,482,487,492
2,462,7,462,469,476,483,490,497,504
2,462,11,462,473,484,495,506,517,528
2,462,13,462,475,488,501,514,527,540
2,462,17,462,479,496,513,530,547,564
2,462,19,462,481,500,519,538,557,576
2,463,2,463,465,467,469,471,473,475
2,463,3,463,466,469,472,475,478,481
2,463,5,463,468,473,478,483,488,493
2,463,7,463,470,477,484,491,498,505
2,463,11,463,474,485,496,507,518,529
2,463,13,463,476,489,502,515,528,541
2,463,17,463,480,497,514,531,548,565
2,463,19,463,482,501,520,539,558,577
2,464,2,464,466,468,470,472,474,476
2,464,3,464,467,470,473,476,479,482
2,464,5,464,469,474,479,484,489,494
2,464,7,464,471,478,485,492,499,506
2,464,11,464,475,486,497,508,519,530
2,464,13,464,477,490,503,516,529,542
2,464,17,464,481,498,515,532,549,566
2,464,19,464,483,502,521,540,559,578
2,465,2,465,467,469,471,473,475,477
2,465,3,465,468,471,474,477,480,483
2,465,5,465,470,475,480,485,490,495
2,465,7,465,472,479,486,493,500,507
2,465,11,465,476,487,498,509,520,531
2,465,13,465,478,491,504,517,530,543
2,465,17,465,482,499,516,533,550,567
2,465,19,465,484,503,522,541,560,579
2,466,2,466,468,470,472,474,476,478
2,466,3,466,469,472,475,478,481,484
2,466,5,466,471,476,481,486,491,496
2,466,7,466,473,480,487,494,501,508
2,466,11,466,477,488,499,510,521,532
2,466,13,466,479,492,505,518,531,544
2,466,17,466,483,500,517,534,551,568
2,466,19,466,485,504,523,542,561,580
2,467,2,467,469,471,473,475,477,479
2,467,3,467,470,473,476,479,482,485
2,467,5,467,472,477,482,487,492,497
2,467,7,467,474,481,488,495,502,509
2,467,11,467,478,489,500,511,522,533
2,467,13,467,480,493,506,519,532,545
2,467,17,467,484,501,518,535,552,569
2,467,19,467,486,505,524,543,562,581
2,468,2,468,470,472,474,476,478,480
2,468,3,468,471,474,477,480,483,486
2,468,5,468,473,478,483,488,493,498
2,468,7,468,475,482,489,496,503,510
2,468,11,468,479,490,501,512,523,534
2,468,13,468,481,494,507,520,533,546
2,468,17,468,485,502,519,536,553,570
2,468,19,468,487,506,525,544,563,582
2,469,2,469,471,473,475,477,479,481
2,469,3,469,472,475,478,481,484,487
2,469,5,469,474,479,484,489,494,499
2,469,7,469,476,483,490,497,504,511
2,469,11,469,480,491,502,513,524,535
2,469,13,469,482,495,508,521,534,547
2,469,17,469,486,503,520,537,554,571
2,469,19,469,488,507,526,545,564,583
2,470,2,470,472,474,476,478,480,482
2,470,3,470,473,476,479,482,485,488
2,470,5,470,475,480,485,490,495,500
2,470,7,470,477,484,491,498,505,512
2,470,11,470,481,492,503,514,525,536
2,470,13,470,483,496,509,522,535,548
2,470,17,470,487,504,521,538,555,572
2,470,19,470,489,508,527,546,565,584
2,471,2,471,473,475,477,479,481,483
2,471,3,471,474,477,480,483,486,489
2,471,5,471,476,481,486,491,496,501
2,471,7,471,478,485,492,499,506,513
2,471,11,471,482,493,504,515,526,537
2,471,13,471,484,497,510,523,536,549
2,471,17,471,488,505,522,539,556,573
2,471,19,471,490,509,528,547,566,585
2,472,2,472,474,476,478,480,482,484
2,472,3,472,475,478,481,484,487,490
2,472,5,472,477,482,487,492,497,502
2,472,7,472,479,486,493,500,507,514
2,472,11,472,483,494,505,516,527,538
2,472,13,472,485,498,511,524,537,550
2,472,17,472,489,506,523,540,557,574
2,472,19,472,491,510,529,548,567,586
2,473,2,473,475,477,479,481,483,485
2,473,3,473,476,479,482,485,488,491
2,473,5,473,478,483,488,493,498,503
2,473,7,473,480,487,494,501,508,515
2,473,11,473,484,495,506,517,528,539
2,473,13,473,486,499,512,525,538,551
2,473,17,473,490,507,524,541,558,575
2,473,19,473,492,511,530,549,568,587
2,474,2,474,476,478,480,482,484,486
2,474,3,474,477,480,483,486,489,492
2,474,5,474,479,484,489,494,499,504
2,474,7,474,481,488,495,502,509,516
2,474,11,474,485,496,507,518,529,540
2,474,13,474,487,500,513,526,539,552
2,474,17,474,491,508,525,542,559,576
2,474,19,474,493,512,531,550,569,588
2,475,2,475,477,479,481,483,485,487
2,475,3,475,478,481,484,487,490,493
2,475,5,475,480,485,490,495,500,505
2,475,7,475,482,489,496,503,510,517
2,475,11,475,486,497,508,519,530,541
2,475,13,475,488,501,514,527,540,553
2,475,17,475,492,509,526,543,560,577
2,475,19,475,494,513,532,551,570,589
2,476,2,476,478,480,482,484,486,488
2,476,3,476,479,482,485,488,491,494
2,476,5,476,481,486,491,496,501,506
2,476,7,476,483,490,497,504,511,518
2,476,11,476,487,498,509,520,531,542
2,476,13,476,489,502,515,528,541,554
2,476,17,476,493,510,527,544,561,578
2,476,19,476,495,514,533,552,571,590
2,477,2,477,479,481,483,485,487,489
2,477,3,477,480,483,486,489,492,495
2,477,5,477,482,487,492,497,502,507
2,477,7,477,484,491,498,505,512,519
2,477,11,477,488,499,510,521,532,543
2,477,13,477,490,503,516,529,542,555
2,477,17,477,494,511,528,545,562,579
2,477,19,477,496,515,534,553,572,591
2,478,2,478,480,482,484,486,488,490
2,478,3,478,481,484,487,490,493,496
2,478,5,478,483,488,493,498,503,508
2,478,7,478,485,492,499,506,513,520
2,478,11,478,489,500,511,522,533,544
2,478,13,478,491,504,517,530,543,556
2,478,17,478,495,512,529,546,563,580
2,478,19,478,497,516,535,554,573,592
2,479,2,479,481,483,485,487,489,491
2,479,3,479,482,485,488,491,494,497
2,479,5,479,484,489,494,499,504,509
2,479,7,479,486,493,500,507,514,521
2,479,11,479,490,501,512,523,534,545
2,479,13,479,492,505,518,531,544,557
2,479,17,479,496,513,530,547,564,581
2,479,19,479,498,517,536,555,574,593
2,480,2,480,482,484,486,488,490,492
2,480,3,480,483,486,489,492,495,498
2,480,5,480,485,490,495,500,505,510
2,480,7,480,487,494,501,508,515,522
2,480,11,480,491,502,513,524,535,546
2,480,13,480,493,506,519,532,545,558
2,480,17,480,497,514,531,548,565,582
2,480,19,480,499,518,537,556,575,594
2,481,2,481,483,485,487,489,491,493
2,481,3,481,484,487,490,493,496,499
2,481,5,481,486,491,496,501,506,511
2,481,7,481,488,495,502,509,516,523
2,481,11,481,492,503,514,525,536,547
2,481,13,481,494,507,520,533,546,559
2,481,17,481,498,515,532,549,566,583
2,481,19,481,500,519,538,557,576,595
2,482,2,482,484,486,488,490,492,494
2,482,3,482,485,488,491,494,497,500
2,482,5,482,487,492,497,502,507,512
2,482,7,482,489,496,503,510,517,524
2,482,11,482,493,504,515,526,537,548
2,482,13,482,495,508,521,534,547,560
2,482,17,482,499,516,533,550,567,584
2,482,19,482,501,520,539,558,577,596
2,483,2,483,485,487,489,491,493,495
2,483,3,483,486,489,492,495,498,501
2,483,5,483,488,493,498,503,508,513
2,483,7,483,490,497,504,511,518,525
2,483,11,483,494,505,516,527,538,549
2,483,13,483,496,509,522,535,548,561
2,483,17,483,500,517,534,551,568,585
2,483,19,483,502,521,540,559,578,597
2,484,2,484,486,488,490,492,494,496
2,484,3,484,487,490,493,496,499,502
2,484,5,484,489,494,499,504,509,514
2,484,7,484,491,498,505,512,519,526
2,484,11,484,495,506,517,528,539,550
2,484,13,484,497,510,523,536,549,562
2,484,17,484,501,518,535,552,569,586
2,484,19,484,503,522,541,560,579,598
2,485,2,485,487,489,491,493,495,497
2,485,3,485,488,491,494,497,500,503
2,485,5,485,490,495,500,505,510,515
2,485,7,485,492,499,506,513,520,527
2,485,11,485,496,507,518,529,540,551
2,485,13,485,498,511,524,537,550,563
2,485,17,485,502,519,536,553,570,587
2,485,19,485,504,523,542,561,580,599
2,486,2,486,488,490,492,494,496,498
2,486,3,486,489,492,495,498,501,504
2,486,5,486,491,496,501,506,511,516
2,486,7,486,493,500,507,514,521,528
2,486,11,486,497,508,519,530,541,552
2,486,13,486,499,512,525,538,551,564
2,486,17,486,503,520,537,554,571,588
2,486,19,486,505,524,543,562,581,600
2,487,2,487,489,491,493,495,497,499
2,487,3,487,490,493,496,499,502,505
2,487,5,487,492,497,502,507,512,517
2,487,7,487,494,501,508,515,522,529
2,487,11,487,498,509,520,531,542,553
2,487,13,487,500,513,526,539,552,565
2,487,17,487,504,521,538,555,572,589
2,487,19,487,506,525,544,563,582,601
2,488,2,488,490,492,494,496,498,500
2,488,3,488,491,494,497,500,503,506
2,488,5,488,493,498,503,508,513,518
2,488,7,488,495,502,509,516,523,530
2,488,11,488,499,510,521,532,543,554
2,488,13,488,501,514,527,540,553,566
2,488,17,488,505,522,539,556,573,590
2,488,19,488,507,526,545,564,583,602
2,489,2,489,491,493,495,497,499,501
2,489,3,489,492,495,498,501,504,507
2,489,5,489,494,499,504,509,514,519
2,489,7,489,496,503,510,517,524,531
2,489,11,489,500,511,522,533,544,555
2,489,13,489,502,515,528,541,554,567
2,489,17,489,506,523,540,557,574,591
2,489,19,489,508,527,546,565,584,603
2,490,2,490,492,494,496,498,500,502
2,490,3,490,493,496,499,502,505,508
2,490,5,490,495,500,505,510,515,520
2,490,7,490,497,504,511,518,525,532
2,490,11,490,501,512,523,534,545,556
2,490,13,490,503,516,529,542,555,568
2,490,17,490,507,524,541,558,575,592
2,490,19,490,509,528,547,566,585,604
2,491,2,491,493,495,497,499,501,503
2,491,3,491,494,497,500,503,506,509
2,491,5,491,496,501,506,511,516,521
2,491,7,491,498,505,512,519,526,533
2,491,11,491,502,513,524,535,546,557
2,491,13,491,504,517,530,543,556,569
2,491,17,491,508,525,542,559,576,593
2,491,19,491,510,529,548,567,586,605
2,492,2,492,494,496,498,500,502,504
2,492,3,492,495,498,501,504,507,510
2,492,5,492,497,502,507,512,517,522
2,492,7,492,499,506,513,520,527,534
2,492,11,492,503,514,525,536,547,558
2,492,13,492,505,518,531,544,557,570
2,492,17,492,509,526,543,560,577,594
2,492,19,492,511,530,549,568,587,606
2,493,2,493,495,497,499,501,503,505
2,493,3,493,496,499,502,505,508,511
2,493,5,493,498,503,508,513,518,523
2,493,7,493,500,507,514,521,528,535
2,493,11,493,504,515,526,537,548,559
2,493,13,493,506,519,532,545,558,571
2,493,17,493,510,527,544,561,578,595
2,493,19,493,512,531,550,569,588,607
2,494,2,494,496,498,500,502,504,506
2,494,3,494,497,500,503,506,509,512
2,494,5,494,499,504,509,514,519,524
2,494,7,494,501,508,515,522,529,536
2,494,11,494,505,516,527,538,549,560
2,494,13,494,507,520,533,546,559,572
2,494,17,494,511,528,545,562,579,596
2,494,19,494,513,532,551,570,589,608
2,495,2,495,497,499,501,503,505,507
2,495,3,495,498,501,504,507,510,513
2,495,5,495,500,505,510,515,520,525
2,495,7,495,502,509,516,523,530,537
2,495,11,495,506,517,528,539,550,561
2,495,13,495,508,521,534,547,560,573
2,495,17,495,512,529,546,563,580,597
2,495,19,495,514,533,552,571,590,609
2,496,2,496,498,500,502,504,506,508
2,496,3,496,499,502,505,508,511,514
2,496,5,496,501,506,511,516,521,526
2,496,7,496,503,510,517,524,531,538
2,496,11,496,507,518,529,540,551,562
2,496,13,496,509,522,535,548,561,574
2,496,17,496,513,530,547,564,581,598
2,496,19,496,515,534,553,572,591,610
2,497,2,497,499,501,503,505,507,509
2,497,3,497,500,503,506,509,512,515
2,497,5,497,502,507,512,517,522,527
2,497,7,497,504,511,518,525,532,539
2,497,11,497,508,519,530,541,552,563
2,497,13,497,510,523,536,549,562,575
2,497,17,497,514,531,548,565,582,599
2,497,19,497,516,535,554,573,592,611
2,498,2,498,500,502,504,506,508,510
2,498,3,498,501,504,507,510,513,516
2,498,5,498,503,508,513,518,523,528
2,498,7,498,505,512,519,526,533,540
2,498,11,498,509,520,531,542,553,564
2,498,13,498,511,524,537,550,563,576
2,498,17,498,515,532,549,566,583,600
2,498,19,498,517,536,555,574,593,612
2,499,2,499,501,503,505,507,509,511
2,499,3,499,502,505,508,511,514,517
2,499,5,499,504,509,514,519,524,529
2,499,7,499,506,513,520,527,534,541
2,499,11,499,510,521,532,543,554,565
2,499,13,499,512,525,538,551,564,577
2,499,17,499,516,533,550,567,584,601
2,499,19,499,518,537,556,575,594,613
2,500,2,500,502,504,506,508,510,512
2,500,3,500,503,506,509,512,515,518
2,500,5,500,505,510,515,520,525,530
2,500,7,500,507,514,521,528,535,542
2,500,11,500,511,522,533,544,555,566
2,500,13,500,513,526,539,552,565,578
2,500,17,500,517,534,551,568,585,602
2,500,19,500,519,538,557,576,595,614
3,601,2,601,603,605,607,609,611,613
3,601,3,601,604,607,610,613,616,619
3,601,5,601,606,611,616,621,626,631
3,601,7,601,608,615,622,629,636,643
3,601,11,601,612,623,634,645,656,667
3,601,13,601,614,627,640,653,666,679
3,601,17,601,618,635,652,669,686,703
3,601,19,601,620,639,658,677,696,715
3,602,2,602,604,606,608,610,612,614
3,602,3,602,605,608,611,614,617,620
3,602,5,602,607,612,617,622,627,632
3,602,7,602,609,616,623,630,637,644
3,602,11,602,613,624,635,646,657,668
3,602,13,602,615,628,641,654,667,680
3,602,17,602,619,636,653,670,687,704
3,602,19,602,621,640,659,678,697,716
3,603,2,603,605,607,609,611,613,615
3,603,3,603,606,609,612,615,618,621
3,603,5,603,608,613,618,623,628,633
3,603,7,603,610,617,624,631,638,645
3,603,11,603,614,625,636,647,658,669
3,603,13,603,616,629,642,655,668,681
3,603,17,603,620,637,654,671,688,705
3,603,19,603,622,641,660,679,698,717
3,604,2,604,606,608,610,612,614,616
3,604,3,604,607,610,613,616,619,622
3,604,5,604,609,614,619,624,629,634
3,604,7,604,611,618,625,632,639,646
3,604,11,604,615,626,637,648,659,670
3,604,13,604,617,630,643,656,669,682
3,604,17,604,621,638,655,672,689,706
3,604,19,604,623,642,661,680,699,718
3,605,2,605,607,609,611,613,615,617
3,605,3,605,608,611,614,617,620,623
3,605,5,605,610,615,620,625,630,635
3,605,7,605,612,619,626,633,640,647
3,605,11,605,616,627,638,649,660,671
3,605,13,605,618,631,644,657,670,683
3,605,17,605,622,639,656,673,690,707
3,605,19,605,624,643,662,681,700,719
3,606,2,606,608,610,612,614,616,618
3,606,3,606,609,612,615,618,621,624
3,606,5,606,611,616,621,626,631,636
3,606,7,606,613,620,627,634,641,648
3,606,11,606,617,628,639,650,661,672
3,606,13,606,619,632,645,658,671,684
3,606,17,606,623,640,657,674,691,708
3,606,19,606,625,644,663,682,701,720
3,607,2,607,609,611,613,615,617,619
3,607,3,607,610,613,616,619,622,625
3,607,5,607,612,617,622,627,632,637
3,607,7,607,614,621,628,635,642,649
3,607,11,607,618,629,640,651,662,673
3,607,13,607,620,633,646,659,672,685
3,607,17,607,624,641,658,675,692,709
3,607,19,607,626,645,664,683,702,721
3,608,2,608,610,612,614,616,618,620
3,608,3,608,611,614,617,620,623,626
3,608,5,608,613,618,623,628,633,638
3,608,7,608,615,622,629,636,643,650
3,608,11,608,619,630,641,652,663,674
3,608,13,608,621,634,647,660,673,686
3,608,17,608,625,642,659,676,693,710
3,608,19,608,627,646,665,684,703,722
3,609,2,609,611,613,615,617,619,621
3,609,3,609,612,615,618,621,624,627
3,609,5,609,614,619,624,629,634,639
3,609,7,609,616,623,630,637,644,651
3,609,11,609,620,631,642,653,664,675
3,609,13,609,622,635,648,661,674,687
3,609,17,609,626,643,660,677,694,711
3,609,19,609,628,647,666,685,704,723
3,610,2,610,612,614,616,618,620,622
3,610,3,610,613,616,619,622,625,628
3,610,5,610,615,620,625,630,635,640
3,610,7,610,617,624,631,638,645,652
3,610,11,610,621,632,643,654,665,676
3,610,13,610,623,636,649,662,675,688
3,610,17,610,627,644,661,678,695,712
3,610,19,610,629,648,667,686,705,724
3,611,2,611,613,615,617,619,621,623
3,611,3,611,614,617,620,623,626,629
3,611,5,611,616,621,626,631,636,641
3,611,7,611,618,625,632,639,646,653
3,611,11,611,622,633,644,655,666,677
3,611,13,611,624,637,650,663,676,689
3,611,17,611,628,645,662,679,696,713
3,611,19,611,630,649,668,687,706,725
3,612,2,612,614,616,618,620,622,624
3,612,3,612,615,618,621,624,627,630
3,612,5,612,617,622,627,632,637,642
3,612,7,612,619,626,633,640,647,654
3,612,11,612,623,634,645,656,667,678
3,612,13,612,625,638,651,664,677,690
3,612,17,612,629,646,663,680,697,714
3,612,19,612,631,650,669,688,707,726
3,613,2,613,615,617,619,621,623,625
3,613,3,613,616,619,622,625,628,631
3,613,5,613,618,623,628,633,638,643
3,613,7,613,620,627,634,641,648,655
3,613,11,613,624,635,646,657,668,679
3,613,13,613,626,639,652,665,678,691
3,613,17,613,630,647,664,681,698,715
3,613,19,613,632,651,670,689,708,727
3,614,2,614,616,618,620,622,624,626
3,614,3,614,617,620,623,626,629,632
3,614,5,614,619,624,629,634,639,644
3,614,7,614,621,628,635,642,649,656
3,614,11,614,625,636,647,658,669,680
3,614,13,614,627,640,653,666,679,692
3,614,17,614,631,648,665,682,699,716
3,614,19,614,633,652,671,690,709,728
3,615,2,615,617,619,621,623,625,627
3,615,3,615,618,621,624,627,630,633
3,615,5,615,620,625,630,635,640,645
3,615,7,615,622,629,636,643,650,657
3,615,11,615,626,637,648,659,670,681
3,615,13,615,628,641,654,667,680,693
3,615,17,615,632,649,666,683,700,717
3,615,19,615,634,653,672,691,710,729
3,616,2,616,618,620,622,624,626,628
3,616,3,616,619,622,625,628,631,634
3,616,5,616,621,626,631,636,641,646
3,616,7,616,623,630,637,644,651,658
3,616,11,616,627,638,649,660,671,682
3,616,13,616,629,642,655,668,681,694
3,616,17,616,633,650,667,684,701,718
3,616,19,616,635,654,673,692,711,730
3,617,2,617,619,621,623,625,627,629
3,617,3,617,620,623,626,629,632,635
3,617,5,617,622,627,632,637,642,647
3,617,7,617,624,631,638,645,652,659
3,617,11,617,628,639,650,661,672,683
3,617,13,617,630,643,656,669,682,695
3,617,17,617,634,651,668,685,702,719
3,617,19,617,636,655,674,693,712,731
3,618,2,618,620,622,624,626,628,630
3,618,3,618,621,624,627,630,633,636
3,618,5,618,623,628,633,638,643,648
3,618,7,618,625,632,639,646,653,660
3,618,11,618,629,640,651,662,673,684
3,618,13,618,631,644,657,670,683,696
3,618,17,618,635,652,669,686,703,720
3,618,19,618,637,656,675,694,713,732
3,619,2,619,621,623,625,627,629,631
3,619,3,619,622,625,628,631,634,637
3,619,5,619,624,629,634,639,644,649
3,619,7,619,626,633,640,647,654,661
3,619,11,619,630,641,652,663,674,685
3,619,13,619,632,645,658,671,684,697
3,619,17,619,636,653,670,687,704,721
3,619,19,619,638,657,676,695,714,733
3,620,2,620,622,624,626,628,630,632
3,620,3,620,623,626,629,632,635,638
3,620,5,620,625,630,635,640,645,650
3,620,7,620,627,634,641,648,655,662
3,620,11,620,631,642,653,664,675,686
3,620,13,620,633,646,659,672,685,698
3,620,17,620,637,654,671,688,705,722
3,620,19,620,639,658,677,696,715,734
3,621,2,621,623,625,627,629,631,633
3,621,3,621,624,627,630,633,636,639
3,621,5,621,626,631,636,641,646,651
3,621,7,621,628,635,642,649,656,663
3,621,11,621,632,643,654,665,676,687
3,621,13,621,634,647,660,673,686,699
3,621,17,621,638,655,672,689,706,723
3,621,19,621,640,659,678,697,716,735
3,622,2,622,624,626,628,630,632,634
3,622,3,622,625,628,631,634,637,640
3,622,5,622,627,632,637,642,647,652
3,622,7,622,629,636,643,650,657,664
3,622,11,622,633,644,655,666,677,688
3,622,13,622,635,648,661,674,687,700
3,622,17,622,639,656,673,690,707,724
3,622,19,622,641,660,679,698,717,736
3,623,2,623,625,627,629,631,633,635
3,623,3,623,626,629,632,635,638,641
3,623,5,623,628,633,638,643,648,653
3,623,7,623,630,637,644,651,658,665
3,623,11,623,634,645,656,667,678,689
3,623,13,623,636,649,662,675,688,701
3,623,17,623,640,657,674,691,708,725
3,623,19,623,642,661,680,699,718,737
3,624,2,624,626,628,630,632,634,636
3,624,3,624,627,630,633,636,639,642
3,624,5,624,629,634,639,644,649,654
3,624,7,624,631,638,645,652,659,666
3,624,11,624,635,646,657,668,679,690
3,624,13,624,637,650,663,676,689,702
3,624,17,624,641,658,675,692,709,726
3,624,19,624,643,662,681,700,719,738
3,625,2,625,627,629,631,633,635,637
3,625,3,625,628,631,634,637,640,643
3,625,5,625,630,635,640,645,650,655
3,625,7,625,632,639,646,653,660,667
3,625,11,625,636,647,658,669,680,691
3,625,13,625,638,651,664,677,690,703
3,625,17,625,642,659,676,693,710,727
3,625,19,625,644,663,682,701,720,739
3,626,2,626,628,630,632,634,636,638
3,626,3,626,629,632,635,638,641,644
3,626,5,626,631,636,641,646,651,656
3,626,7,626,633,640,647,654,661,668
3,626,11,626,637,648,659,670,681,692
3,626,13,626,639,652,665,678,691,704
3,626,17,626,643,660,677,694,711,728
3,626,19,626,645,664,683,702,721,740
3,627,2,627,629,631,633,635,637,639
3,627,3,627,630,633,636,639,642,645
3,627,5,627,632,637,642,647,652,657
3,627,7,627,634,641,648,655,662,669
3,627,11,627,638,649,660,671,682,693
3,627,13,627,640,653,666,679,692,705
3,627,17,627,644,661,678,695,712,729
3,627,19,627,646,665,684,703,722,741
3,628,2,628,630,632,634,636,638,640
3,628,3,628,631,634,637,640,643,646
3,628,5,628,633,638,643,648,653,658
3,628,7,628,635,642,649,656,663,670
3,628,11,628,639,650,661,672,683,694
3,628,13,628,641,654,667,680,693,706
3,628,17,628,645,662,679,696,713,730
3,628,19,628,647,666,685,704,723,742
3,629,2,629,631,633,635,637,639,641
3,629,3,629,632,635,638,641,644,647
3,629,5,629,634,639,644,649,654,659
3,629,7,629,636,643,650,657,664,671
3,629,11,629,640,651,662,673,684,695
3,629,13,629,642,655,668,681,694,707
3,629,17,629,646,663,680,697,714,731
3,629,19,629,648,667,686,705,724,743
3,630,2,630,632,634,636,638,640,642
3,630,3,630,633,636,639,642,645,648
3,630,5,630,635,640,645,650,655,660
3,630,7,630,637,644,651,658,665,672
3,630,11,630,641,652,663,674,685,696
3,630,13,630,643,656,669,682,695,708
3,630,17,630,647,664,681,698,715,732
3,630,19,630,649,668,687,706,725,744
3,631,2,631,633,635,637,639,641,643
3,631,3,631,634,637,640,643,646,649
3,631,5,631,636,641,646,651,656,661
3,631,7,631,638,645,652,659,666,673
3,631,11,631,642,653,664,675,686,697
3,631,13,631,644,657,670,683,696,709
3,631,17,631,648,665,682,699,716,733
3,631,19,631,650,669,688,707,726,745
3,632,2,632,634,636,638,640,642,644
3,632,3,632,635,638,641,644,647,650
3,632,5,632,637,642,647,652,657,662
3,632,7,632,639,646,653,660,667,674
3,632,11,632,643,654,665,676,687,698
3,632,13,632,645,658,671,684,697,710
3,632,17,632,649,666,683,700,717,734
3,632,19,632,651,670,689,708,727,746
3,633,2,633,635,637,639,641,643,645
3,633,3,633,636,639,642,645,648,651
3,633,5,633,638,643,648,653,658,663
3,633,7,633,640,647,654,661,668,675
3,633,11,633,644,655,666,677,688,699
3,633,13,633,646,659,672,685,698,711
3,633,17,633,650,667,684,701,718,735
3,633,19,633,652,671,690,709,728,747
3,634,2,634,636,638,640,642,644,646
3,634,3,634,637,640,643,646,649,652
3,634,5,634,639,644,649,654,659,664
3,634,7,634,641,648,655,662,669,676
3,634,11,634,645,656,667,678,689,700
3,634,13,634,647,660,673,686,699,712
3,634,17,634,651,668,685,702,719,736
3,634,19,634,653,672,691,710,729,748
3,635,2,635,637,639,641,643,645,647
3,635,3,635,638,641,644,647,650,653
3,635,5,635,640,645,650,655,660,665
3,635,7,635,642,649,656,663,670,677
3,635,11,635,646,657,668,679,690,701
3,635,13,635,648,661,674,687,700,713
3,635,17,635,652,669,686,703,720,737
3,635,19,635,654,673,692,711,730,749
3,636,2,636,638,640,642,644,646,648
3,636,3,636,639,642,645,648,651,654
3,636,5,636,641,646,651,656,661,666
3,636,7,636,643,650,657,664,671,678
3,636,11,636,647,658,669,680,691,702
3,636,13,636,649,662,675,688,701,714
3,636,17,636,653,670,687,704,721,738
3,636,19,636,655,674,693,712,731,750
3,637,2,637,639,641,643,645,647,649
3,637,3,637,640,643,646,649,652,655
3,637,5,637,642,647,652,657,662,667
3,637,7,637,644,651,658,665,672,679
3,637,11,637,648,659,670,681,692,703
3,637,13,637,650,663,676,689,702,715
3,637,17,637,654,671,688,705,722,739
3,637,19,637,656,675,694,713,732,751
3,638,2,638,640,642,644,646,648,650
3,638,3,638,641,644,647,650,653,656
3,638,5,638,643,648,653,658,663,668
3,638,7,638,645,652,659,666,673,680
3,638,11,638,649,660,671,682,693,704
3,638,13,638,651,664,677,690,703,716
3,638,17,638,655,672,689,706,723,740
3,638,19,638,657,676,695,714,733,752
3,639,2,639,641,643,645,647,649,651
3,639,3,639,642,645,648,651,654,657
3,639,5,639,644,649,654,659,664,669
3,639,7,639,646,653,660,667,674,681
3,639,11,639,650,661,672,683,694,705
3,639,13,639,652,665,678,691,704,717
3,639,17,639,656,673,690,707,724,741
3,639,19,639,658,677,696,715,734,753
3,640,2,640,642,644,646,648,650,652
3,640,3,640,643,646,649,652,655,658
3,640,5,640,645,650,655,660,665,670
3,640,7,640,647,654,661,668,675,682
3,640,11,640,651,662,673,684,695,706
3,640,13,640,653,666,679,692,705,718
3,640,17,640,657,674,691,708,725,742
3,640,19,640,659,678,697,716,735,754
3,641,2,641,643,645,647,649,651,653
3,641,3,641,644,647,650,653,656,659
3,641,5,641,646,651,656,661,666,671
3,641,7,641,648,655,662,669,676,683
3,641,11,641,652,663,674,685,696,707
3,641,13,641,654,667,680,693,706,719
3,641,17,641,658,675,692,709,726,743
3,641,19,641,660,679,698,717,736,755
3,642,2,642,644,646,648,650,652,654
3,642,3,642,645,648,651,654,657,660
3,642,5,642,647,652,657,662,667,672
3,642,7,642,649,656,663,670,677,684
3,642,11,642,653,664,675,686,697,708
3,642,13,642,655,668,681,694,707,720
3,642,17,642,659,676,693,710,727,744
3,642,19,642,661,680,699,718,737,756
3,643,2,643,645,647,649,651,653,655
3,643,3,643,646,649,652,655,658,661
3,643,5,643,648,653,658,663,668,673
3,643,7,643,650,657,664,671,678,685
3,643,11,643,654,665,676,687,698,709
3,643,13,643,656,669,682,695,708,721
3,643,17,643,660,677,694,711,728,745
3,643,19,643,662,681,700,719,738,757
3,644,2,644,646,648,650,652,654,656
3,644,3,644,647,650,653,656,659,662
3,644,5,644,649,654,659,664,669,674
3,644,7,644,651,658,665,672,679,686
3,644,11,644,655,666,677,688,699,710
3,644,13,644,657,670,683,696,709,722
3,644,17,644,661,678,695,712,729,746
3,644,19,644,663,682,701,720,739,758
3,645,2,645,647,649,651,653,655,657
3,645,3,645,648,651,654,657,660,663
3,645,5,645,650,655,660,665,670,675
3,645,7,645,652,659,666,673,680,687
3,645,11,645,656,667,678,689,700,711
3,645,13,645,658,671,684,697,710,723
3,645,17,645,662,679,696,713,730,747
3,645,19,645,664,683,702,721,740,759
3,646,2,646,648,650,652,654,656,658
3,646,3,646,649,652,655,658,661,664
3,646,5,646,651,656,661,666,671,676
3,646,7,646,653,660,667,674,681,688
3,646,11,646,657,668,679,690,701,712
3,646,13,646,659,672,685,698,711,724
3,646,17,646,663,680,697,714,731,748
3,646,19,646,665,684,703,722,741,760
3,647,2,647,649,651,653,655,657,659
3,647,3,647,650,653,656,659,662,665
3,647,5,647,652,657,662,667,672,677
3,647,7,647,654,661,668,675,682,689
3,647,11,647,658,669,680,691,702,713
3,647,13,647,660,673,686,699,712,725
3,647,17,647,664,681,698,715,732,749
3,647,19,647,666,685,704,723,742,761
3,648,2,648,650,652,654,656,658,660
3,648,3,648,651,654,657,660,663,666
3,648,5,648,653,658,663,668,673,678
3,648,7,648,655,662,669,676,683,690
3,648,11,648,659,670,681,692,703,714
3,648,13,648,661,674,687,700,713,726
3,648,17,648,665,682,699,716,733,750
3,648,19,648,667,686,705,724,743,762
3,649,2,649,651,653,655,657,659,661
3,649,3,649,652,655,658,661,664,667
3,649,5,649,654,659,664,669,674,679
3,649,7,649,656,663,670,677,684,691
3,649,11,649,660,671,682,693,704,715
3,649,13,649,662,675,688,701,714,727
3,649,17,649,666,683,700,717,734,751
3,649,19,649,668,687,706,725,744,763
3,650,2,650,652,654,656,658,660,662
3,650,3,650,653,656,659,662,665,668
3,650,5,650,655,660,665,670,675,680
3,650,7,650,657,664,671,678,685,692
3,650,11,650,661,672,683,694,705,716
3,650,13,650,663,676,689,702,715,728
3,650,17,650,667,684,701,718,735,752
3,650,19,650,669,688,707,726,745,764
3,651,2,651,653,655,657,659,661,663
3,651,3,651,654,657,660,663,666,669
3,651,5,651,656,661,666,671,676,681
3,651,7,651,658,665,672,679,686,693
3,651,11,651,662,673,684,695,706,717
3,651,13,651,664,677,690,703,716,729
3,651,17,651,668,685,702,719,736,753
3,651,19,651,670,689,708,727,746,765
3,652,2,652,654,656,658,660,662,664
3,652,3,652,655,658,661,664,667,670
3,652,5,652,657,662,667,672,677,682
3,652,7,652,659,666,673,680,687,694
3,652,11,652,663,674,685,696,707,718
3,652,13,652,665,678,691,704,717,730
3,652,17,652,669,686,703,720,737,754
3,652,19,652,671,690,709,728,747,766
3,653,2,653,655,657,659,661,663,665
3,653,3,653,656,659,662,665,668,671
3,653,5,653,658,663,668,673,678,683
3,653,7,653,660,667,674,681,688,695
3,653,11,653,664,675,686,697,708,719
3,653,13,653,666,679,692,705,718,731
3,653,17,653,670,687,704,721,738,755
3,653,19,653,672,691,710,729,748,767
3,654,2,654,656,658,660,662,664,666
3,654,3,654,657,660,663,666,669,672
3,654,5,654,659,664,669,674,679,684
3,654,7,654,661,668,675,682,689,696
3,654,11,654,665,676,687,698,709,720
3,654,13,654,667,680,693,706,719,732
3,654,17,654,671,688,705,722,739,756
3,654,19,654,673,692,711,730,749,768
3,655,2,655,657,659,661,663,665,667
3,655,3,655,658,661,664,667,670,673
3,655,5,655,660,665,670,675,680,685
3,655,7,655,662,669,676,683,690,697
3,655,11,655,666,677,688,699,710,721
3,655,13,655,668,681,694,707,720,733
3,655,17,655,672,689,706,723,740,757
3,655,19,655,674,693,712,731,750,769
3,656,2,656,658,660,662,664,666,668
3,656,3,656,659,662,665,668,671,674
3,656,5,656,661,666,671,676,681,686
3,656,7,656,663,670,677,684,691,698
3,656,11,656,667,678,689,700,711,722
3,656,13,656,669,682,695,708,721,734
3,656,17,656,673,690,707,724,741,758
3,656,19,656,675,694,713,732,751,770
3,657,2,657,659,661,663,665,667,669
3,657,3,657,660,663,666,669,672,675
3,657,5,657,662,667,672,677,682,687
3,657,7,657,664,671,678,685,692,699
3,657,11,657,668,679,690,701,712,723
3,657,13,657,670,683,696,709,722,735
3,657,17,657,674,691,708,725,742,759
3,657,19,657,676,695,714,733,752,771
3,658,2,658,660,662,664,666,668,670
3,658,3,658,661,664,667,670,673,676
3,658,5,658,663,668,673,678,683,688
3,658,7,658,665,672,679,686,693,700
3,658,11,658,669,680,691,702,713,724
3,658,13,658,671,684,697,710,723,736
3,658,17,658,675,692,709,726,743,760
3,658,19,658,677,696,715,734,753,772
3,659,2,659,661,663,665,667,669,671
3,659,3,659,662,665,668,671,674,677
3,659,5,659,664,669,674,679,684,689
3,659,7,659,666,673,680,687,694,701
3,659,11,659,670,681,692,703,714,725
3,659,13,659,672,685,698,711,724,737
3,659,17,659,676,693,710,727,744,761
3,659,19,659,678,697,716,735,754,773
3,660,2,660,662,664,666,668,670,672
3,660,3,660,663,666,669,672,675,678
3,660,5,660,665,670,675,680,685,690
3,660,7,660,667,674,681,688,695,702
3,660,11,660,671,682,693,704,715,726
3,660,13,660,673,686,699,712,725,738
3,660,17,660,677,694,711,728,745,762
3,660,19,660,679,698,717,736,755,774
3,661,2,661,663,665,667,669,671,673
3,661,3,661,664,667,670,673,676,679
3,661,5,661,666,671,676,681,686,691
3,661,7,661,668,675,682,689,696,703
3,661,11,661,672,683,694,705,716,727
3,661,13,661,674,687,700,713,726,739
3,661,17,661,678,695,712,729,746,763
3,661,19,661,680,699,718,737,756,775
3,662,2,662,664,666,668,670,672,674
3,662,3,662,665,668,671,674,677,680
3,662,5,662,667,672,677,682,687,692
3,662,7,662,669,676,683,690,697,704
3,662,11,662,673,684,695,706,717,728
3,662,13,662,675,688,701,714,727,740
3,662,17,662,679,696,713,730,747,764
3,662,19,662,681,700,719,738,757,776
3,663,2,663,665,667,669,671,673,675
3,663,3,663,666,669,672,675,678,681
3,663,5,663,668,673,678,683,688,693
3,663,7,663,670,677,684,691,698,705
3,663,11,663,674,685,696,707,718,729
3,663,13,663,676,689,702,715,728,741
3,663,17,663,680,697,714,731,748,765
3,663,19,663,682,701,720,739,758,777
3,664,2,664,666,668,670,672,674,676
3,664,3,664,667,670,673,676,679,682
3,664,5,664,669,674,679,684,689,694
3,664,7,664,671,678,685,692,699,706
3,664,11,664,675,686,697,708,719,730
3,664,13,664,677,690,703,716,729,742
3,664,17,664,681,698,715,732,749,766
3,664,19,664,683,702,721,740,759,778
3,665,2,665,667,669,671,673,675,677
3,665,3,665,668,671,674,677,680,683
3,665,5,665,670,675,680,685,690,695
3,665,7,665,672,679,686,693,700,707
3,665,11,665,676,687,698,709,720,731
3,665,13,665,678,691,704,717,730,743
3,665,17,665,682,699,716,733,750,767
3,665,19,665,684,703,722,741,760,779
3,666,2,666,668,670,672,674,676,678
3,666,3,666,669,672,675,678,681,684
3,666,5,666,671,676,681,686,691,696
3,666,7,666,673,680,687,694,701,708
3,666,11,666,677,688,699,710,721,732
3,666,13,666,679,692,705,718,731,744
3,666,17,666,683,700,717,734,751,768
3,666,19,666,685,704,723,742,761,780
3,667,2,667,669,671,673,675,677,679
3,667,3,667,670,673,676,679,682,685
3,667,5,667,672,677,682,687,692,697
3,667,7,667,674,681,688,695,702,709
3,667,11,667,678,689,700,711,722,733
3,667,13,667,680,693,706,719,732,745
3,667,17,667,684,701,718,735,752,769
3,667,19,667,686,705,724,743,762,781
3,668,2,668,670,672,674,676,678,680
3,668,3,668,671,674,677,680,683,686
3,668,5,668,673,678,683,688,693,698
3,668,7,668,675,682,689,696,703,710
3,668,11,668,679,690,701,712,723,734
3,668,13,668,681,694,707,720,733,746
3,668,17,668,685,702,719,736,753,770
3,668,19,668,687,706,725,744,763,782
3,669,2,669,671,673,675,677,679,681
3,669,3,669,672,675,678,681,684,687
3,669,5,669,674,679,684,689,694,699
3,669,7,669,676,683,690,697,704,711
3,669,11,669,680,691,702,713,724,735
3,669,13,669,682,695,708,721,734,747
3,669,17,669,686,703,720,737,754,771
3,669,19,669,688,707,726,745,764,783
3,670,2,670,672,674,676,678,680,682
3,670,3,670,673,676,679,682,685,688
3,670,5,670,675,680,685,690,695,700
3,670,7,670,677,684,691,698,705,712
3,670,11,670,681,692,703,714,725,736
3,670,13,670,683,696,709,722,735,748
3,670,17,670,687,704,721,738,755,772
3,670,19,670,689,708,727,746,765,784
3,671,2,671,673,675,677,679,681,683
3,671,3,671,674,677,680,683,686,689
3,671,5,671,676,681,686,691,696,701
3,671,7,671,678,685,692,699,706,713
3,671,11,671,682,693,704,715,726,737
3,671,13,671,684,697,710,723,736,749
3,671,17,671,688,705,722,739,756,773
3,671,19,671,690,709,728,747,766,785
3,672,2,672,674,676,678,680,682,684
3,672,3,672,675,678,681,684,687,690
3,672,5,672,677,682,687,692,697,702
3,672,7,672,679,686,693,700,707,714
3,672,11,672,683,694,705,716,727,738
3,672,13,672,685,698,711,724,737,750
3,672,17,672,689,706,723,740,757,774
3,672,19,672,691,710,729,748,767,786
3,673,2,673,675,677,679,681,683,685
3,673,3,673,676,679,682,685,688,691
3,673,5,673,678,683,688,693,698,703
3,673,7,673,680,687,694,701,708,715
3,673,11,673,684,695,706,717,728,739
3,673,13,673,686,699,712,725,738,751
3,673,17,673,690,707,724,741,758,775
3,673,19,673,692,711,730,749,768,787
3,674,2,674,676,678,680,682,684,686
3,674,3,674,677,680,683,686,689,692
3,674,5,674,679,684,689,694,699,704
3,674,7,674,681,688,695,702,709,716
3,674,11,674,685,696,707,718,729,740
3,674,13,674,687,700,713,726,739,752
3,674,17,674,691,708,725,742,759,776
3,674,19,674,693,712,731,750,769,788
3,675,2,675,677,679,681,683,685,687
3,675,3,675,678,681,684,687,690,693
3,675,5,675,680,685,690,695,700,705
3,675,7,675,682,689,696,703,710,717
3,675,11,675,686,697,708,719,730,741
3,675,13,675,688,701,714,727,740,753
3,675,17,675,692,709,726,743,760,777
3,675,19,675,694,713,732,751,770,789
3,676,2,676,678,680,682,684,686,688
3,676,3,676,679,682,685,688,691,694
3,676,5,676,681,686,691,696,701,706
3,676,7,676,683,690,697,704,711,718
3,676,11,676,687,698,709,720,731,742
3,676,13,676,689,702,715,728,741,754
3,676,17,676,693,710,727,744,761,778
3,676,19,676,695,714,733,752,771,790
3,677,2,677,679,681,683,685,687,689
3,677,3,677,680,683,686,689,692,695
3,677,5,677,682,687,692,697,702,707
3,677,7,677,684,691,698,705,712,719
3,677,11,677,688,699,710,721,732,743
3,677,13,677,690,703,716,729,742,755
3,677,17,677,694,711,728,745,762,779
3,677,19,677,696,715,734,753,772,791
3,678,2,678,680,682,684,686,688,690
3,678,3,678,681,684,687,690,693,696
3,678,5,678,683,688,693,698,703,708
3,678,7,678,685,692,699,706,713,720
3,678,11,678,689,700,711,722,733,744
3,678,13,678,691,704,717,730,743,756
3,678,17,678,695,712,729,746,763,780
3,678,19,678,697,716,735,754,773,792
3,679,2,679,681,683,685,687,689,691
3,679,3,679,682,685,688,691,694,697
3,679,5,679,684,689,694,699,704,709
3,679,7,679,686,693,700,707,714,721
3,679,11,679,690,701,712,723,734,745
3,679,13,679,692,705,718,731,744,757
3,679,17,679,696,713,730,747,764,781
3,679,19,679,698,717,736,755,774,793
3,680,2,680,682,684,686,688,690,692
3,680,3,680,683,686,689,692,695,698
3,680,5,680,685,690,695,700,705,710
3,680,7,680,687,694,701,708,715,722
3,680,11,680,691,702,713,724,735,746
3,680,13,680,693,706,719,732,745,758
3,680,17,680,697,714,731,748,765,782
3,680,19,680,699,718,737,756,775,794
3,681,2,681,683,685,687,689,691,693
3,681,3,681,684,687,690,693,696,699
3,681,5,681,686,691,696,701,706,711
3,681,7,681,688,695,702,709,716,723
3,681,11,681,692,703,714,725,736,747
3,681,13,681,694,707,720,733,746,759
3,681,17,681,698,715,732,749,766,783
3,681,19,681,700,719,738,757,776,795
3,682,2,682,684,686,688,690,692,694
3,682,3,682,685,688,691,694,697,700
3,682,5,682,687,692,697,702,707,712
3,682,7,682,689,696,703,710,717,724
3,682,11,682,693,704,715,726,737,748
3,682,13,682,695,708,721,734,747,760
3,682,17,682,699,716,733,750,767,784
3,682,19,682,701,720,739,758,777,796
3,683,2,683,685,687,689,691,693,695
3,683,3,683,686,689,692,695,698,701
3,683,5,683,688,693,698,703,708,713
3,683,7,683,690,697,704,711,718,725
3,683,11,683,694,705,716,727,738,749
3,683,13,683,696,709,722,735,748,761
3,683,17,683,700,717,734,751,768,785
3,683,19,683,702,721,740,759,778,797
3,684,2,684,686,688,690,692,694,696
3,684,3,684,687,690,693,696,699,702
3,684,5,684,689,694,699,704,709,714
3,684,7,684,691,698,705,712,719,726
3,684,11,684,695,706,717,728,739,750
3,684,13,684,697,710,723,736,749,762
3,684,17,684,701,718,735,752,769,786
3,684,19,684,703,722,741,760,779,798
3,685,2,685,687,689,691,693,695,697
3,685,3,685,688,691,694,697,700,703
3,685,5,685,690,695,700,705,710,715
3,685,7,685,692,699,706,713,720,727
3,685,11,685,696,707,718,729,740,751
3,685,13,685,698,711,724,737,750,763
3,685,17,685,702,719,736,753,770,787
3,685,19,685,704,723,742,761,780,799
3,686,2,686,688,690,692,694,696,698
3,686,3,686,689,692,695,698,701,704
3,686,5,686,691,696,701,706,711,716
3,686,7,686,693,700,707,714,721,728
3,686,11,686,697,708,719,730,741,752
3,686,13,686,699,712,725,738,751,764
3,686,17,686,703,720,737,754,771,788
3,686,19,686,705,724,743,762,781,800
3,687,2,687,689,691,693,695,697,699
3,687,3,687,690,693,696,699,702,705
3,687,5,687,692,697,702,707,712,717
3,687,7,687,694,701,708,715,722,729
3,687,11,687,698,709,720,731,742,753
3,687,13,687,700,713,726,739,752,765
3,687,17,687,704,721,738,755,772,789
3,687,19,687,706,725,744,763,782,801
3,688,2,688,690,692,694,696,698,700
3,688,3,688,691,694,697,700,703,706
3,688,5,688,693,698,703,708,713,718
3,688,7,688,695,702,709,716,723,730
3,688,11,688,699,710,721,732,743,754
3,688,13,688,701,714,727,740,753,766
3,688,17,688,705,722,739,756,773,790
3,688,19,688,707,726,745,764,783,802
3,689,2,689,691,693,695,697,699,701
3,689,3,689,692,695,698,701,704,707
3,689,5,689,694,699,704,709,714,719
3,689,7,689,696,703,710,717,724,731
3,689,11,689,700,711,722,733,744,755
3,689,13,689,702,715,728,741,754,767
3,689,17,689,706,723,740,757,774,791
3,689,19,689,708,727,746,765,784,803
3,690,2,690,692,694,696,698,700,702
3,690,3,690,693,696,699,702,705,708
3,690,5,690,695,700,705,710,715,720
3,690,7,690,697,704,711,718,725,732
3,690,11,690,701,712,723,734,745,756
3,690,13,690,703,716,729,742,755,768
3,690,17,690,707,724,741,758,775,792
3,690,19,690,709,728,747,766,785,804
3,691,2,691,693,695,697,699,701,703
3,691,3,691,694,697,700,703,706,709
3,691,5,691,696,701,706,711,716,721
3,691,7,691,698,705,712,719,726,733
3,691,11,691,702,713,724,735,746,757
3,691,13,691,704,717,730,743,756,769
3,691,17,691,708,725,742,759,776,793
3,691,19,691,710,729,748,767,786,805
3,692,2,692,694,696,698,700,702,704
3,692,3,692,695,698,701,704,707,710
3,692,5,692,697,702,707,712,717,722
3,692,7,692,699,706,713,720,727,734
3,692,11,692,703,714,725,736,747,758
3,692,13,692,705,718,731,744,757,770
3,692,17,692,709,726,743,760,777,794
3,692,19,692,711,730,749,768,787,806
3,693,2,693,695,697,699,701,703,705
3,693,3,693,696,699,702,705,708,711
3,693,5,693,698,703,708,713,718,723
3,693,7,693,700,707,714,721,728,735
3,693,11,693,704,715,726,737,748,759
3,693,13,693,706,719,732,745,758,771
3,693,17,693,710,727,744,761,778,795
3,693,19,693,712,731,750,769,788,807
3,694,2,694,696,698,700,702,704,706
3,694,3,694,697,700,703,706,709,712
3,694,5,694,699,704,709,714,719,724
3,694,7,694,701,708,715,722,729,736
3,694,11,694,705,716,727,738,749,760
3,694,13,694,707,720,733,746,759,772
3,694,17,694,711,728,745,762,779,796
3,694,19,694,713,732,751,770,789,808
3,695,2,695,697,699,701,703,705,707
3,695,3,695,698,701,704,707,710,713
3,695,5,695,700,705,710,715,720,725
3,695,7,695,702,709,716,723,730,737
3,695,11,695,706,717,728,739,750,761
3,695,13,695,708,721,734,747,760,773
3,695,17,695,712,729,746,763,780,797
3,695,19,695,714,733,752,771,790,809
3,696,2,696,698,700,702,704,706,708
3,696,3,696,699,702,705,708,711,714
3,696,5,696,701,706,711,716,721,726
3,696,7,696,703,710,717,724,731,738
3,696,11,696,707,718,729,740,751,762
3,696,13,696,709,722,735,748,761,774
3,696,17,696,713,730,747,764,781,798
3,696,19,696,715,734,753,772,791,810
3,697,2,697,699,701,703,705,707,709
3,697,3,697,700,703,706,709,712,715
3,697,5,697,702,707,712,717,722,727
3,697,7,697,704,711,718,725,732,739
3,697,11,697,708,719,730,741,752,763
3,697,13,697,710,723,736,749,762,775
3,697,17,697,714,731,748,765,782,799
3,697,19,697,716,735,754,773,792,811
3,698,2,698,700,702,704,706,708,710
3,698,3,698,701,704,707,710,713,716
3,698,5,698,703,708,713,718,723,728
3,698,7,698,705,712,719,726,733,740
3,698,11,698,709,720,731,742,753,764
3,698,13,698,711,724,737,750,763,776
3,698,17,698,715,732,749,766,783,800
3,698,19,698,717,736,755,774,793,812
3,699,2,699,701,703,705,707,709,711
3,699,3,699,702,705,708,711,714,717
3,699,5,699,704,709,714,719,724,729
3,699,7,699,706,713,720,727,734,741
3,699,11,699,710,721,732,743,754,765
3,699,13,699,712,725,738,751,764,777
3,699,17,699,716,733,750,767,784,801
3,699,19,699,718,737,756,775,794,813
3,700,2,700,702,704,706,708,710,712
3,700,3,700,703,706,709,712,715,718
3,700,5,700,705,710,715,720,725,730
3,700,7,700,707,714,721,728,735,742
3,700,11,700,711,722,733,744,755,766
3,700,13,700,713,726,739,752,765,778
3,700,17,700,717,734,751,768,785,802
3,700,19,700,719,738,757,776,795,814
3,701,2,701,703,705,707,709,711,713
3,701,3,701,704,707,710,713,716,719
3,701,5,701,706,711,716,721,726,731
3,701,7,701,708,715,722,729,736,743
3,701,11,701,712,723,734,745,756,767
3,701,13,701,714,727,740,753,766,779
3,701,17,701,718,735,752,769,786,803
3,701,19,701,720,739,758,777,796,815
3,702,2,702,704,706,708,710,712,714
3,702,3,702,705,708,711,714,717,720
3,702,5,702,707,712,717,722,727,732
3,702,7,702,709,716,723,730,737,744
3,702,11,702,713,724,735,746,757,768
3,702,13,702,715,728,741,754,767,780
3,702,17,702,719,736,753,770,787,804
3,702,19,702,721,740,759,778,797,816
3,703,2,703,705,707,709,711,713,715
3,703,3,703,706,709,712,715,718,721
3,703,5,703,708,713,718,723,728,733
3,703,7,703,710,717,724,731,738,745
3,703,11,703,714,725,736,747,758,769
3,703,13,703,716,729,742,755,768,781
3,703,17,703,720,737,754,771,788,805
3,703,19,703,722,741,760,779,798,817
3,704,2,704,706,708,710,712,714,716
3,704,3,704,707,710,713,716,719,722
3,704,5,704,709,714,719,724,729,734
3,704,7,704,711,718,725,732,739,746
3,704,11,704,715,726,737,748,759,770
3,704,13,704,717,730,743,756,769,782
3,704,17,704,721,738,755,772,789,806
3,704,19,704,723,742,761,780,799,818
3,705,2,705,707,709,711,713,715,717
3,705,3,705,708,711,714,717,720,723
3,705,5,705,710,715,720,725,730,735
3,705,7,705,712,719,726,733,740,747
3,705,11,705,716,727,738,749,760,771
3,705,13,705,718,731,744,757,770,783
3,705,17,705,722,739,756,773,790,807
3,705,19,705,724,743,762,781,800,819
3,706,2,706,708,710,712,714,716,718
3,706,3,706,709,712,715,718,721,724
3,706,5,706,711,716,721,726,731,736
3,706,7,706,713,720,727,734,741,748
3,706,11,706,717,728,739,750,761,772
3,706,13,706,719,732,745,758,771,784
3,706,17,706,723,740,757,774,791,808
3,706,19,706,725,744,763,782,801,820
3,707,2,707,709,711,713,715,717,719
3,707,3,707,710,713,716,719,722,725
3,707,5,707,712,717,722,727,732,737
3,707,7,707,714,721,728,735,742,749
3,707,11,707,718,729,740,751,762,773
3,707,13,707,720,733,746,759,772,785
3,707,17,707,724,741,758,775,792,809
3,707,19,707,726,745,764,783,802,821
3,708,2,708,710,712,714,716,718,720
3,708,3,708,711,714,717,720,723,726
3,708,5,708,713,718,723,728,733,738
3,708,7,708,715,722,729,736,743,750
3,708,11,708,719,730,741,752,763,774
3,708,13,708,721,734,747,760,773,786
3,708,17,708,725,742,759,776,793,810
3,708,19,708,727,746,765,784,803,822
3,709,2,709,711,713,715,717,719,721
3,709,3,709,712,715,718,721,724,727
3,709,5,709,714,719,724,729,734,739
3,709,7,709,716,723,730,737,744,751
3,709,11,709,720,731,742,753,764,775
3,709,13,709,722,735,748,761,774,787
3,709,17,709,726,743,760,777,794,811
3,709,19,709,728,747,766,785,804,823
3,710,2,710,712,714,716,718,720,722
3,710,3,710,713,716,719,722,725,728
3,710,5,710,715,720,725,730,735,740
3,710,7,710,717,724,731,738,745,752
3,710,11,710,721,732,743,754,765,776
3,710,13,710,723,736,749,762,775,788
3,710,17,710,727,744,761,778,795,812
3,710,19,710,729,748,767,786,805,824
3,711,2,711,713,715,717,719,721,723
3,711,3,711,714,717,720,723,726,729
3,711,5,711,716,721,726,731,736,741
3,711,7,711,718,725,732,739,746,753
3,711,11,711,722,733,744,755,766,777
3,711,13,711,724,737,750,763,776,789
3,711,17,711,728,745,762,779,796,813
3,711,19,711,730,749,768,787,806,825
3,712,2,712,714,716,718,720,722,724
3,712,3,712,715,718,721,724,727,730
3,712,5,712,717,722,727,732,737,742
3,712,7,712,719,726,733,740,747,754
3,712,11,712,723,734,745,756,767,778
3,712,13,712,725,738,751,764,777,790
3,712,17,712,729,746,763,780,797,814
3,712,19,712,731,750,769,788,807,826
3,713,2,713,715,717,719,721,723,725
3,713,3,713,716,719,722,725,728,731
3,713,5,713,718,723,728,733,738,743
3,713,7,713,720,727,734,741,748,755
3,713,11,713,724,735,746,757,768,779
3,713,13,713,726,739,752,765,778,791
3,713,17,713,730,747,764,781,798,815
3,713,19,713,732,751,770,789,808,827
3,714,2,714,716,718,720,722,724,726
3,714,3,714,717,720,723,726,729,732
3,714,5,714,719,724,729,734,739,744
3,714,7,714,721,728,735,742,749,756
3,714,11,714,725,736,747,758,769,780
3,714,13,714,727,740,753,766,779,792
3,714,17,714,731,748,765,782,799,816
3,714,19,714,733,752,771,790,809,828
3,715,2,715,717,719,721,723,725,727
3,715,3,715,718,721,724,727,730,733
3,715,5,715,720,725,730,735,740,745
3,715,7,715,722,729,736,743,750,757
3,715,11,715,726,737,748,759,770,781
3,715,13,715,728,741,754,767,780,793
3,715,17,715,732,749,766,783,800,817
3,715,19,715,734,753,772,791,810,829
3,716,2,716,718,720,722,724,726,728
3,716,3,716,719,722,725,728,731,734
3,716,5,716,721,726,731,736,741,746
3,716,7,716,723,730,737,744,751,758
3,716,11,716,727,738,749,760,771,782
3,716,13,716,729,742,755,768,781,794
3,716,17,716,733,750,767,784,801,818
3,716,19,716,735,754,773,792,811,830
3,717,2,717,719,721,723,725,727,729
3,717,3,717,720,723,726,729,732,735
3,717,5,717,722,727,732,737,742,747
3,717,7,717,724,731,738,745,752,759
3,717,11,717,728,739,750,761,772,783
3,717,13,717,730,743,756,769,782,795
3,717,17,717,734,751,768,785,802,819
3,717,19,717,736,755,774,793,812,831
3,718,2,718,720,722,724,726,728,730
3,718,3,718,721,724,727,730,733,736
3,718,5,718,723,728,733,738,743,748
3,718,7,718,725,732,739,746,753,760
3,718,11,718,729,740,751,762,773,784
3,718,13,718,731,744,757,770,783,796
3,718,17,718,735,752,769,786,803,820
3,718,19,718,737,756,775,794,813,832
3,719,2,719,721,723,725,727,729,731
3,719,3,719,722,725,728,731,734,737
3,719,5,719,724,729,734,739,744,749
3,719,7,719,726,733,740,747,754,761
3,719,11,719,730,741,752,763,774,785
3,719,13,719,732,745,758,771,784,797
3,719,17,719,736,753,770,787,804,821
3,719,19,719,738,757,776,795,814,833
3,720,2,720,722,724,726,728,730,732
3,720,3,720,723,726,729,732,735,738
3,720,5,720,725,730,735,740,745,750
3,720,7,720,727,734,741,748,755,762
3,720,11,720,731,742,753,764,775,786
3,720,13,720,733,746,759,772,785,798
3,720,17,720,737,754,771,788,805,822
3,720,19,720,739,758,777,796,815,834
3,721,2,721,723,725,727,729,731,733
3,721,3,721,724,727,730,733,736,739
3,721,5,721,726,731,736,741,746,751
3,721,7,721,728,735,742,749,756,763
3,721,11,721,732,743,754,765,776,787
3,721,13,721,734,747,760,773,786,799
3,721,17,721,738,755,772,789,806,823
3,721,19,721,740,759,778,797,816,835
3,722,2,722,724,726,728,730,732,734
3,722,3,722,725,728,731,734,737,740
3,722,5,722,727,732,737,742,747,752
3,722,7,722,729,736,743,750,757,764
3,722,11,722,733,744,755,766,777,788
3,722,13,722,735,748,761,774,787,800
3,722,17,722,739,756,773,790,807,824
3,722,19,722,741,760,779,798,817,836
3,723,2,723,725,727,729,731,733,735
3,723,3,723,726,729,732,735,738,741
3,723,5,723,728,733,738,743,748,753
3,723,7,723,730,737,744,751,758,765
3,723,11,723,734,745,756,767,778,789
3,723,13,723,736,749,762,775,788,801
3,723,17,723,740,757,774,791,808,825
3,723,19,723,742,761,780,799,818,837
3,724,2,724,726,728,730,732,734,736
3,724,3,724,727,730,733,736,739,742
3,724,5,724,729,734,739,744,749,754
3,724,7,724,731,738,745,752,759,766
3,724,11,724,735,746,757,768,779,790
3,724,13,724,737,750,763,776,789,802
3,724,17,724,741,758,775,792,809,826
3,724,19,724,743,762,781,800,819,838
3,725,2,725,727,729,731,733,735,737
3,725,3,725,728,731,734,737,740,743
3,725,5,725,730,735,740,745,750,755
3,725,7,725,732,739,746,753,760,767
3,725,11,725,736,747,758,769,780,791
3,725,13,725,738,751,764,777,790,803
3,725,17,725,742,759,776,793,810,827
3,725,19,725,744,763,782,801,820,839
3,726,2,726,728,730,732,734,736,738
3,726,3,726,729,732,735,738,741,744
3,726,5,726,731,736,741,746,751,756
3,726,7,726,733,740,747,754,761,768
3,726,11,726,737,748,759,770,781,792
3,726,13,726,739,752,765,778,791,804
3,726,17,726,743,760,777,794,811,828
3,726,19,726,745,764,783,802,821,840
3,727,2,727,729,731,733,735,737,739
3,727,3,727,730,733,736,739,742,745
3,727,5,727,732,737,742,747,752,757
3,727,7,727,734,741,748,755,762,769
3,727,11,727,738,749,760,771,782,793
3,727,13,727,740,753,766,779,792,805
3,727,17,727,744,761,778,795,812,829
3,727,19,727,746,765,784,803,822,841
3,728,2,728,730,732,734,736,738,740
3,728,3,728,731,734,737,740,743,746
3,728,5,728,733,738,743,748,753,758
3,728,7,728,735,742,749,756,763,770
3,728,11,728,739,750,761,772,783,794
3,728,13,728,741,754,767,780,793,806
3,728,17,728,745,762,779,796,813,830
3,728,19,728,747,766,785,804,823,842
3,729,2,729,731,733,735,737,739,741
3,729,3,729,732,735,738,741,744,747
3,729,5,729,734,739,744,749,754,759
3,729,7,729,736,743,750,757,764,771
3,729,11,729,740,751,762,773,784,795
3,729,13,729,742,755,768,781,794,807
3,729,17,729,746,763,780,797,814,831
3,729,19,729,748,767,786,805,824,843
3,730,2,730,732,734,736,738,740,742
3,730,3,730,733,736,739,742,745,748
3,730,5,730,735,740,745,750,755,760
3,730,7,730,737,744,751,758,765,772
3,730,11,730,741,752,763,774,785,796
3,730,13,730,743,756,769,782,795,808
3,730,17,730,747,764,781,798,815,832
3,730,19,730,749,768,787,806,825,844
3,731,2,731,733,735,737,739,741,743
3,731,3,731,734,737,740,743,746,749
3,731,5,731,736,741,746,751,756,761
3,731,7,731,738,745,752,759,766,773
3,731,11,731,742,753,764,775,786,797
3,731,13,731,744,757,770,783,796,809
3,731,17,731,748,765,782,799,816,833
3,731,19,731,750,769,788,807,826,845
3,732,2,732,734,736,738,740,742,744
3,732,3,732,735,738,741,744,747,750
3,732,5,732,737,742,747,752,757,762
3,732,7,732,739,746,753,760,767,774
3,732,11,732,743,754,765,776,787,798
3,732,13,732,745,758,771,784,797,810
3,732,17,732,749,766,783,800,817,834
3,732,19,732,751,770,789,808,827,846
3,733,2,733,735,737,739,741,743,745
3,733,3,733,736,739,742,745,748,751
3,733,5,733,738,743,748,753,758,763
3,733,7,733,740,747,754,761,768,775
3,733,11,733,744,755,766,777,788,799
3,733,13,733,746,759,772,785,798,811
3,733,17,733,750,767,784,801,818,835
3,733,19,733,752,771,790,809,828,847
3,734,2,734,736,738,740,742,744,746
3,734,3,734,737,740,743,746,749,752
3,734,5,734,739,744,749,754,759,764
3,734,7,734,741,748,755,762,769,776
3,734,11,734,745,756,767,778,789,800
3,734,13,734,747,760,773,786,799,812
3,734,17,734,751,768,785,802,819,836
3,734,19,734,753,772,791,810,829,848
3,735,2,735,737,739,741,743,745,747
3,735,3,735,738,741,744,747,750,753
3,735,5,735,740,745,750,755,760,765
3,735,7,735,742,749,756,763,770,777
3,735,11,735,746,757,768,779,790,801
3,735,13,735,748,761,774,787,800,813
3,735,17,735,752,769,786,803,820,837
3,735,19,735,754,773,792,811,830,849
3,736,2,736,738,740,742,744,746,748
3,736,3,736,739,742,745,748,751,754
3,736,5,736,741,746,751,756,761,766
3,736,7,736,743,750,757,764,771,778
3,736,11,736,747,758,769,780,791,802
3,736,13,736,749,762,775,788,801,814
3,736,17,736,753,770,787,804,821,838
3,736,19,736,755,774,793,812,831,850
3,737,2,737,739,741,743,745,747,749
3,737,3,737,740,743,746,749,752,755
3,737,5,737,742,747,752,757,762,767
3,737,7,737,744,751,758,765,772,779
3,737,11,737,748,759,770,781,792,803
3,737,13,737,750,763,776,789,802,815
3,737,17,737,754,771,788,805,822,839
3,737,19,737,756,775,794,813,832,851
3,738,2,738,740,742,744,746,748,750
3,738,3,738,741,744,747,750,753,756
3,738,5,738,743,748,753,758,763,768
3,738,7,738,745,752,759,766,773,780
3,738,11,738,749,760,771,782,793,804
3,738,13,738,751,764,777,790,803,816
3,738,17,738,755,772,789,806,823,840
3,738,19,738,757,776,795,814,833,852
3,739,2,739,741,743,745,747,749,751
3,739,3,739,742,745,748,751,754,757
3,739,5,739,744,749,754,759,764,769
3,739,7,739,746,753,760,767,774,781
3,739,11,739,750,761,772,783,794,805
3,739,13,739,752,765,778,791,804,817
3,739,17,739,756,773,790,807,824,841
3,739,19,739,758,777,796,815,834,853
3,740,2,740,742,744,746,748,750,752
3,740,3,740,743,746,749,752,755,758
3,740,5,740,745,750,755,760,765,770
3,740,7,740,747,754,761,768,775,782
3,740,11,740,751,762,773,784,795,806
3,740,13,740,753,766,779,792,805,818
3,740,17,740,757,774,791,808,825,842
3,740,19,740,759,778,797,816,835,854
3,741,2,741,743,745,747,749,751,753
3,741,3,741,744,747,750,753,756,759
3,741,5,741,746,751,756,761,766,771
3,741,7,741,748,755,762,769,776,783
3,741,11,741,752,763,774,785,796,807
3,741,13,741,754,767,780,793,806,819
3,741,17,741,758,775,792,809,826,843
3,741,19,741,760,779,798,817,836,855
3,742,2,742,744,746,748,750,752,754
3,742,3,742,745,748,751,754,757,760
3,742,5,742,747,752,757,762,767,772
3,742,7,742,749,756,763,770,777,784
3,742,11,742,753,764,775,786,797,808
3,742,13,742,755,768,781,794,807,820
3,742,17,742,759,776,793,810,827,844
3,742,19,742,761,780,799,818,837,856
3,743,2,743,745,747,749,751,753,755
3,743,3,743,746,749,752,755,758,761
3,743,5,743,748,753,758,763,768,773
3,743,7,743,750,757,764,771,778,785
3,743,11,743,754,765,776,787,798,809
3,743,13,743,756,769,782,795,808,821
3,743,17,743,760,777,794,811,828,845
3,743,19,743,762,781,800,819,838,857
3,744,2,744,746,748,750,752,754,756
3,744,3,744,747,750,753,756,759,762
3,744,5,744,749,754,759,764,769,774
3,744,7,744,751,758,765,772,779,786
3,744,11,744,755,766,777,788,799,810
3,744,13,744,757,770,783,796,809,822
3,744,17,744,761,778,795,812,829,846
3,744,19,744,763,782,801,820,839,858
3,745,2,745,747,749,751,753,755,757
3,745,3,745,748,751,754,757,760,763
3,745,5,745,750,755,760,765,770,775
3,745,7,745,752,759,766,773,780,787
3,745,11,745,756,767,778,789,800,811
3,745,13,745,758,771,784,797,810,823
3,745,17,745,762,779,796,813,830,847
3,745,19,745,764,783,802,821,840,859
3,746,2,746,748,750,752,754,756,758
3,746,3,746,749,752,755,758,761,764
3,746,5,746,751,756,761,766,771,776
3,746,7,746,753,760,767,774,781,788
3,746,11,746,757,768,779,790,801,812
3,746,13,746,759,772,785,798,811,824
3,746,17,746,763,780,797,814,831,848
3,746,19,746,765,784,803,822,841,860
3,747,2,747,749,751,753,755,757,759
3,747,3,747,750,753,756,759,762,765
3,747,5,747,752,757,762,767,772,777
3,747,7,747,754,761,768,775,782,789
3,747,11,747,758,769,780,791,802,813
3,747,13,747,760,773,786,799,812,825
3,747,17,747,764,781,798,815,832,849
3,747,19,747,766,785,804,823,842,861
3,748,2,748,750,752,754,756,758,760
3,748,3,748,751,754,757,760,763,766
3,748,5,748,753,758,763,768,773,778
3,748,7,748,755,762,769,776,783,790
3,748,11,748,759,770,781,792,803,814
3,748,13,748,761,774,787,800,813,826
3,748,17,748,765,782,799,816,833,850
3,748,19,748,767,786,805,824,843,862
3,749,2,749,751,753,755,757,759,761
3,749,3,749,752,755,758,761,764,767
3,749,5,749,754,759,764,769,774,779
3,749,7,749,756,763,770,777,784,791
3,749,11,749,760,771,782,793,804,815
3,749,13,749,762,775,788,801,814,827
3,749,17,749,766,783,800,817,834,851
3,749,19,749,768,787,806,825,844,863
3,750,2,750,752,754,756,758,760,762
3,750,3,750,753,756,759,762,765,768
3,750,5,750,755,760,765,770,775,780
3,750,7,750,757,764,771,778,785,792
3,750,11,750,761,772,783,794,805,816
3,750,13,750,763,776,789,802,815,828
3,750,17,750,767,784,801,818,835,852
3,750,19,750,769,788,807,826,845,864
3,751,2,751,753,755,757,759,761,763
3,751,3,751,754,757,760,763,766,769
3,751,5,751,756,761,766,771,776,781
3,751,7,751,758,765,772,779,786,793
3,751,11,751,762,773,784,795,806,817
3,751,13,751,764,777,790,803,816,829
3,751,17,751,768,785,802,819,836,853
3,751,19,751,770,789,808,827,846,865
3,752,2,752,754,756,758,760,762,764
3,752,3,752,755,758,761,764,767,770
3,752,5,752,757,762,767,772,777,782
3,752,7,752,759,766,773,780,787,794
3,752,11,752,763,774,785,796,807,818
3,752,13,752,765,778,791,804,817,830
3,752,17,752,769,786,803,820,837,854
3,752,19,752,771,790,809,828,847,866
3,753,2,753,755,757,759,761,763,765
3,753,3,753,756,759,762,765,768,771
3,753,5,753,758,763,768,773,778,783
3,753,7,753,760,767,774,781,788,795
3,753,11,753,764,775,786,797,808,819
3,753,13,753,766,779,792,805,818,831
3,753,17,753,770,787,804,821,838,855
3,753,19,753,772,791,810,829,848,867
3,754,2,754,756,758,760,762,764,766
3,754,3,754,757,760,763,766,769,772
3,754,5,754,759,764,769,774,779,784
3,754,7,754,761,768,775,782,789,796
3,754,11,754,765,776,787,798,809,820
3,754,13,754,767,780,793,806,819,832
3,754,17,754,771,788,805,822,839,856
3,754,19,754,773,792,811,830,849,868
3,755,2,755,757,759,761,763,765,767
3,755,3,755,758,761,764,767,770,773
3,755,5,755,760,765,770,775,780,785
3,755,7,755,762,769,776,783,790,797
3,755,11,755,766,777,788,799,810,821
3,755,13,755,768,781,794,807,820,833
3,755,17,755,772,789,806,823,840,857
3,755,19,755,774,793,812,831,850,869
3,756,2,756,758,760,762,764,766,768
3,756,3,756,759,762,765,768,771,774
3,756,5,756,761,766,771,776,781,786
3,756,7,756,763,770,777,784,791,798
3,756,11,756,767,778,789,800,811,822
3,756,13,756,769,782,795,808,821,834
3,756,17,756,773,790,807,824,841,858
3,756,19,756,775,794,813,832,851,870
3,757,2,757,759,761,763,765,767,769
3,757,3,757,760,763,766,769,772,775
3,757,5,757,762,767,772,777,782,787
3,757,7,757,764,771,778,785,792,799
3,757,11,757,768,779,790,801,812,823
3,757,13,757,770,783,796,809,822,835
3,757,17,757,774,791,808,825,842,859
3,757,19,757,776,795,814,833,852,871
3,758,2,758,760,762,764,766,768,770
3,758,3,758,761,764,767,770,773,776
3,758,5,758,763,768,773,778,783,788
3,758,7,758,765,772,779,786,793,800
3,758,11,758,769,780,791,802,813,824
3,758,13,758,771,784,797,810,823,836
3,758,17,758,775,792,809,826,843,860
3,758,19,758,777,796,815,834,853,872
3,759,2,759,761,763,765,767,769,771
3,759,3,759,762,765,768,771,774,777
3,759,5,759,764,769,774,779,784,789
3,759,7,759,766,773,780,787,794,801
3,759,11,759,770,781,792,803,814,825
3,759,13,759,772,785,798,811,824,837
3,759,17,759,776,793,810,827,844,861
3,759,19,759,778,797,816,835,854,873
3,760,2,760,762,764,766,768,770,772
3,760,3,760,763,766,769,772,775,778
3,760,5,760,765,770,775,780,785,790
3,760,7,760,767,774,781,788,795,802
3,760,11,760,771,782,793,804,815,826
3,760,13,760,773,786,799,812,825,838
3,760,17,760,777,794,811,828,845,862
3,760,19,760,779,798,817,836,855,874
3,761,2,761,763,765,767,769,771,773
3,761,3,761,764,767,770,773,776,779
3,761,5,761,766,771,776,781,786,791
3,761,7,761,768,775,782,789,796,803
3,761,11,761,772,783,794,805,816,827
3,761,13,761,774,787,800,813,826,839
3,761,17,761,778,795,812,829,846,863
3,761,19,761,780,799,818,837,856,875
3,762,2,762,764,766,768,770,772,774
3,762,3,762,765,768,771,774,777,780
3,762,5,762,767,772,777,782,787,792
3,762,7,762,769,776,783,790,797,804
3,762,11,762,773,784,795,806,817,828
3,762,13,762,775,788,801,814,827,840
3,762,17,762,779,796,813,830,847,864
3,762,19,762,781,800,819,838,857,876
3,763,2,763,765,767,769,771,773,775
3,763,3,763,766,769,772,775,778,781
3,763,5,763,768,773,778,783,788,793
3,763,7,763,770,777,784,791,798,805
3,763,11,763,774,785,796,807,818,829
3,763,13,763,776,789,802,815,828,841
3,763,17,763,780,797,814,831,848,865
3,763,19,763,782,801,820,839,858,877
3,764,2,764,766,768,770,772,774,776
3,764,3,764,767,770,773,776,779,782
3,764,5,764,769,774,779,784,789,794
3,764,7,764,771,778,785,792,799,806
3,764,11,764,775,786,797,808,819,830
3,764,13,764,777,790,803,816,829,842
3,764,17,764,781,798,815,832,849,866
3,764,19,764,783,802,821,840,859,878
3,765,2,765,767,769,771,773,775,777
3,765,3,765,768,771,774,777,780,783
3,765,5,765,770,775,780,785,790,795
3,765,7,765,772,779,786,793,800,807
3,765,11,765,776,787,798,809,820,831
3,765,13,765,778,791,804,817,830,843
3,765,17,765,782,799,816,833,850,867
3,765,19,765,784,803,822,841,860,879
3,766,2,766,768,770,772,774,776,778
3,766,3,766,769,772,775,778,781,784
3,766,5,766,771,776,781,786,791,796
3,766,7,766,773,780,787,794,801,808
3,766,11,766,777,788,799,810,821,832
3,766,13,766,779,792,805,818,831,844
3,766,17,766,783,800,817,834,851,868
3,766,19,766,785,804,823,842,861,880
3,767,2,767,769,771,773,775,777,779
3,767,3,767,770,773,776,779,782,785
3,767,5,767,772,777,782,787,792,797
3,767,7,767,774,781,788,795,802,809
3,767,11,767,778,789,800,811,822,833
3,767,13,767,780,793,806,819,832,845
3,767,17,767,784,801,818,835,852,869
3,767,19,767,786,805,824,843,862,881
3,768,2,768,770,772,774,776,778,780
3,768,3,768,771,774,777,780,783,786
3,768,5,768,773,778,783,788,793,798
3,768,7,768,775,782,789,796,803,810
3,768,11,768,779,790,801,812,823,834
3,768,13,768,781,794,807,820,833,846
3,768,17,768,785,802,819,836,853,870
3,768,19,768,787,806,825,844,863,882
3,769,2,769,771,773,775,777,779,781
3,769,3,769,772,775,778,781,784,787
3,769,5,769,774,779,784,789,794,799
3,769,7,769,776,783,790,797,804,811
3,769,11,769,780,791,802,813,824,835
3,769,13,769,782,795,808,821,834,847
3,769,17,769,786,803,820,837,854,871
3,769,19,769,788,807,826,845,864,883
3,770,2,770,772,774,776,778,780,782
3,770,3,770,773,776,779,782,785,788
3,770,5,770,775,780,785,790,795,800
3,770,7,770,777,784,791,798,805,812
3,770,11,770,781,792,803,814,825,836
3,770,13,770,783,796,809,822,835,848
3,770,17,770,787,804,821,838,855,872
3,770,19,770,789,808,827,846,865,884
3,771,2,771,773,775,777,779,781,783
3,771,3,771,774,777,780,783,786,789
3,771,5,771,776,781,786,791,796,801
3,771,7,771,778,785,792,799,806,813
3,771,11,771,782,793,804,815,826,837
3,771,13,771,784,797,810,823,836,849
3,771,17,771,788,805,822,839,856,873
3,771,19,771,790,809,828,847,866,885
3,772,2,772,774,776,778,780,782,784
3,772,3,772,775,778,781,784,787,790
3,772,5,772,777,782,787,792,797,802
3,772,7,772,779,786,793,800,807,814
3,772,11,772,783,794,805,816,827,838
3,772,13,772,785,798,811,824,837,850
3,772,17,772,789,806,823,840,857,874
3,772,19,772,791,810,829,848,867,886
3,773,2,773,775,777,779,781,783,785
3,773,3,773,776,779,782,785,788,791
3,773,5,773,778,783,788,793,798,803
3,773,7,773,780,787,794,801,808,815
3,773,11,773,784,795,806,817,828,839
3,773,13,773,786,799,812,825,838,851
3,773,17,773,790,807,824,841,858,875
3,773,19,773,792,811,830,849,868,887
3,774,2,774,776,778,780,782,784,786
3,774,3,774,777,780,783,786,789,792
3,774,5,774,779,784,789,794,799,804
3,774,7,774,781,788,795,802,809,816
3,774,11,774,785,796,807,818,829,840
3,774,13,774,787,800,813,826,839,852
3,774,17,774,791,808,825,842,859,876
3,774,19,774,793,812,831,850,869,888
3,775,2,775,777,779,781,783,785,787
3,775,3,775,778,781,784,787,790,793
3,775,5,775,780,785,790,795,800,805
3,775,7,775,782,789,796,803,810,817
3,775,11,775,786,797,808,819,830,841
3,775,13,775,788,801,814,827,840,853
3,775,17,775,792,809,826,843,860,877
3,775,19,775,794,813,832,851,870,889
3,776,2,776,778,780,782,784,786,788
3,776,3,776,779,782,785,788,791,794
3,776,5,776,781,786,791,796,801,806
3,776,7,776,783,790,797,804,811,818
3,776,11,776,787,798,809,820,831,842
3,776,13,776,789,802,815,828,841,854
3,776,17,776,793,810,827,844,861,878
3,776,19,776,795,814,833,852,871,890
3,777,2,777,779,781,783,785,787,789
3,777,3,777,780,783,786,789,792,795
3,777,5,777,782,787,792,797,802,807
3,777,7,777,784,791,798,805,812,819
3,777,11,777,788,799,810,821,832,843
3,777,13,777,790,803,816,829,842,855
3,777,17,777,794,811,828,845,862,879
3,777,19,777,796,815,834,853,872,891
3,778,2,778,780,782,784,786,788,790
3,778,3,778,781,784,787,790,793,796
3,778,5,778,783,788,793,798,803,808
3,778,7,778,785,792,799,806,813,820
3,778,11,778,789,800,811,822,833,844
3,778,13,778,791,804,817,830,843,856
3,778,17,778,795,812,829,846,863,880
3,778,19,778,797,816,835,854,873,892
3,779,2,779,781,783,785,787,789,791
3,779,3,779,782,785,788,791,794,797
3,779,5,779,784,789,794,799,804,809
3,779,7,779,786,793,800,807,814,821
3,779,11,779,790,801,812,823,834,845
3,779,13,779,792,805,818,831,844,857
3,779,17,779,796,813,830,847,864,881
3,779,19,779,798,817,836,855,874,893
3,780,2,780,782,784,786,788,790,792
3,780,3,780,783,786,789,792,795,798
3,780,5,780,785,790,795,800,805,810
3,780,7,780,787,794,801,808,815,822
3,780,11,780,791,802,813,824,835,846
3,780,13,780,793,806,819,832,845,858
3,780,17,780,797,814,831,848,865,882
3,780,19,780,799,818,837,856,875,894
3,781,2,781,783,785,787,789,791,793
3,781,3,781,784,787,790,793,796,799
3,781,5,781,786,791,796,801,806,811
3,781,7,781,788,795,802,809,816,823
3,781,11,781,792,803,814,825,836,847
3,781,13,781,794,807,820,833,846,859
3,781,17,781,798,815,832,849,866,883
3,781,19,781,800,819,838,857,876,895
3,782,2,782,784,786,788,790,792,794
3,782,3,782,785,788,791,794,797,800
3,782,5,782,787,792,797,802,807,812
3,782,7,782,789,796,803,810,817,824
3,782,11,782,793,804,815,826,837,848
3,782,13,782,795,808,821,834,847,860
3,782,17,782,799,816,833,850,867,884
3,782,19,782,801,820,839,858,877,896
3,783,2,783,785,787,789,791,793,795
3,783,3,783,786,789,792,795,798,801
3,783,5,783,788,793,798,803,808,813
3,783,7,783,790,797,804,811,818,825
3,783,11,783,794,805,816,827,838,849
3,783,13,783,796,809,822,835,848,861
3,783,17,783,800,817,834,851,868,885
3,783,19,783,802,821,840,859,878,897
3,784,2,784,786,788,790,792,794,796
3,784,3,784,787,790,793,796,799,802
3,784,5,784,789,794,799,804,809,814
3,784,7,784,791,798,805,812,819,826
3,784,11,784,795,806,817,828,839,850
3,784,13,784,797,810,823,836,849,862
3,784,17,784,801,818,835,852,869,886
3,784,19,784,803,822,841,860,879,898
3,785,2,785,787,789,791,793,795,797
3,785,3,785,788,791,794,797,800,803
3,785,5,785,790,795,800,805,810,815
3,785,7,785,792,799,806,813,820,827
3,785,11,785,796,807,818,829,840,851
3,785,13,785,798,811,824,837,850,863
3,785,17,785,802,819,836,853,870,887
3,785,19,785,804,823,842,861,880,899
3,786,2,786,788,790,792,794,796,798
3,786,3,786,789,792,795,798,801,804
3,786,5,786,791,796,801,806,811,816
3,786,7,786,793,800,807,814,821,828
3,786,11,786,797,808,819,830,841,852
3,786,13,786,799,812,825,838,851,864
3,786,17,786,803,820,837,854,871,888
3,786,19,786,805,824,843,862,881,900
3,787,2,787,789,791,793,795,797,799
3,787,3,787,790,793,796,799,802,805
3,787,5,787,792,797,802,807,812,817
3,787,7,787,794,801,808,815,822,829
3,787,11,787,798,809,820,831,842,853
3,787,13,787,800,813,826,839,852,865
3,787,17,787,804,821,838,855,872,889
3,787,19,787,806,825,844,863,882,901
3,788,2,788,790,792,794,796,798,800
3,788,3,788,791,794,797,800,803,806
3,788,5,788,793,798,803,808,813,818
3,788,7,788,795,802,809,816,823,830
3,788,11,788,799,810,821,832,843,854
3,788,13,788,801,814,827,840,853,866
3,788,17,788,805,822,839,856,873,890
3,788,19,788,807,826,845,864,883,902
3,789,2,789,791,793,795,797,799,801
3,789,3,789,792,795,798,801,804,807
3,789,5,789,794,799,804,809,814,819
3,789,7,789,796,803,810,817,824,831
3,789,11,789,800,811,822,833,844,855
3,789,13,789,802,815,828,841,854,867
3,789,17,789,806,823,840,857,874,891
3,789,19,789,808,827,846,865,884,903
3,790,2,790,792,794,796,798,800,802
3,790,3,790,793,796,799,802,805,808
3,790,5,790,795,800,805,810,815,820
3,790,7,790,797,804,811,818,825,832
3,790,11,790,801,812,823,834,845,856
3,790,13,790,803,816,829,842,855,868
3,790,17,790,807,824,841,858,875,892
3,790,19,790,809,828,847,866,885,904
3,791,2,791,793,795,797,799,801,803
3,791,3,791,794,797,800,803,806,809
3,791,5,791,796,801,806,811,816,821
3,791,7,791,798,805,812,819,826,833
3,791,11,791,802,813,824,835,846,857
3,791,13,791,804,817,830,843,856,869
3,791,17,791,808,825,842,859,876,893
3,791,19,791,810,829,848,867,886,905
3,792,2,792,794,796,798,800,802,804
3,792,3,792,795,798,801,804,807,810
3,792,5,792,797,802,807,812,817,822
3,792,7,792,799,806,813,820,827,834
3,792,11,792,803,814,825,836,847,858
3,792,13,792,805,818,831,844,857,870
3,792,17,792,809,826,843,860,877,894
3,792,19,792,811,830,849,868,887,906
3,793,2,793,795,797,799,801,803,805
3,793,3,793,796,799,802,805,808,811
3,793,5,793,798,803,808,813,818,823
3,793,7,793,800,807,814,821,828,835
3,793,11,793,804,815,826,837,848,859
3,793,13,793,806,819,832,845,858,871
3,793,17,793,810,827,844,861,878,895
3,793,19,793,812,831,850,869,888,907
3,794,2,794,796,798,800,802,804,806
3,794,3,794,797,800,803,806,809,812
3,794,5,794,799,804,809,814,819,824
3,794,7,794,801,808,815,822,829,836
3,794,11,794,805,816,827,838,849,860
3,794,13,794,807,820,833,846,859,872
3,794,17,794,811,828,845,862,879,896
3,794,19,794,813,832,851,870,889,908
3,795,2,795,797,799,801,803,805,807
3,795,3,795,798,801,804,807,810,813
3,795,5,795,800,805,810,815,820,825
3,795,7,795,802,809,816,823,830,837
3,795,11,795,806,817,828,839,850,861
3,795,13,795,808,821,834,847,860,873
3,795,17,795,812,829,846,863,880,897
3,795,19,795,814,833,852,871,890,909
3,796,2,796,798,800,802,804,806,808
3,796,3,796,799,802,805,808,811,814
3,796,5,796,801,806,811,816,821,826
3,796,7,796,803,810,817,824,831,838
3,796,11,796,807,818,829,840,851,862
3,796,13,796,809,822,835,848,861,874
3,796,17,796,813,830,847,864,881,898
3,796,19,796,815,834,853,872,891,910
3,797,2,797,799,801,803,805,807,809
3,797,3,797,800,803,806,809,812,815
3,797,5,797,802,807,812,817,822,827
3,797,7,797,804,811,818,825,832,839
3,797,11,797,808,819,830,841,852,863
3,797,13,797,810,823,836,849,862,875
3,797,17,797,814,831,848,865,882,899
3,797,19,797,816,835,854,873,892,911
3,798,2,798,800,802,804,806,808,810
3,798,3,798,801,804,807,810,813,816
3,798,5,798,803,808,813,818,823,828
3,798,7,798,805,812,819,826,833,840
3,798,11,798,809,820,831,842,853,864
3,798,13,798,811,824,837,850,863,876
3,798,17,798,815,832,849,866,883,900
3,798,19,798,817,836,855,874,893,912
3,799,2,799,801,803,805,807,809,811
3,799,3,799,802,805,808,811,814,817
3,799,5,799,804,809,814,819,824,829
3,799,7,799,806,813,820,827,834,841
3,799,11,799,810,821,832,843,854,865
3,799,13,799,812,825,838,851,864,877
3,799,17,799,816,833,850,867,884,901
3,799,19,799,818,837,856,875,894,913
3,800,2,800,802,804,806,808,810,812
3,800,3,800,803,806,809,812,815,818
3,800,5,800,805,810,815,820,825,830
3,800,7,800,807,814,821,828,835,842
3,800,11,800,811,822,833,844,855,866
3,800,13,800,813,826,839,852,865,878
3,800,17,800,817,834,851,868,885,902
3,800,19,800,819,838,857,876,895,914
