1,3,2,3,5,5,8,10,10,13
1,3,3,3,6,6,8,11,11,13
1,3,5,3,8,8,8,13,13,13
1,3,7,3,10,10,8,15,15,13
1,3,11,3,14,14,8,19,19,13
1,3,13,3,16,16,8,21,21,13
1,3,17,3,20,20,8,25,25,13
1,3,19,3,22,22,8,27,27,13
1,4,2,4,6,6,9,11,11,14
1,4,3,4,7,7,9,12,12,14
1,4,5,4,9,9,9,14,14,14
1,4,7,4,11,11,9,16,16,14
1,4,11,4,15,15,9,20,20,14
1,4,13,4,17,17,9,22,22,14
1,4,17,4,21,21,9,26,26,14
1,4,19,4,23,23,9,28,28,14
1,5,2,5,7,7,10,12,12,15
1,5,3,5,8,8,10,13,13,15
1,5,5,5,10,10,10,15,15,15
1,5,7,5,12,12,10,17,17,15
1,5,11,5,16,16,10,21,21,15
1,5,13,5,18,18,10,23,23,15
1,5,17,5,22,22,10,27,27,15
1,5,19,5,24,24,10,29,29,15
1,6,2,6,8,8,11,13,13,16
1,6,3,6,9,9,11,14,14,16
1,6,5,6,11,11,11,16,16,16
1,6,7,6,13,13,11,18,18,16
1,6,11,6,17,17,11,22,22,16
1,6,13,6,19,19,11,24,24,16
1,6,17,6,23,23,11,28,28,16
1,6,19,6,25,25,11,30,30,16
1,7,2,7,9,9,12,14,14,17
1,7,3,7,10,10,12,15,15,17
1,7,5,7,12,12,12,17,17,17
1,7,7,7,14,14,12,19,19,17
1,7,11,7,18,18,12,23,23,17
1,7,13,7,20,20,12,25,25,17
1,7,17,7,24,24,12,29,29,17
1,7,19,7,26,26,12,31,31,17
1,8,2,8,10,10,13,15,15,18
1,8,3,8,11,11,13,16,16,18
1,8,5,8,13,13,13,18,18,18
1,8,7,8,15,15,13,20,20,18
1,8,11,8,19,19,13,24,24,18
1,8,13,8,21,21,13,26,26,18
1,8,17,8,25,25,13,30,30,18
1,8,19,8,27,27,13,32,32,18
1,9,2,9,11,11,14,16,16,19
1,9,3,9,12,12,14,17,17,19
1,9,5,9,14,14,14,19,19,19
1,9,7,9,16,16,14,21,21,19
1,9,11,9,20,20,14,25,25,19
1,9,13,9,22,22,14,27,27,19
1,9,17,9,26,26,14,31,31,19
1,9,19,9,28,28,14,33,33,19
1,10,2,10,12,12,15,17,17,20
1,10,3,10,13,13,15,18,18,20
1,10,5,10,15,15,15,20,20,20
1,10,7,10,17,17,15,22,22,20
1,10,11,10,21,21,15,26,26,20
1,10,13,10,23,23,15,28,28,20
1,10,17,10,27,27,15,32,32,20
1,10,19,10,29,29,15,34,34,20
1,11,2,11,13,13,16,18,18,21
1,11,3,11,14,14,16,19,19,21
1,11,5,11,16,16,16,21,21,21
1,11,7,11,18,18,16,23,23,21
1,11,11,11,22,22,16,27,27,21
1,11,13,11,24,24,16,29,29,21
1,11,17,11,28,28,16,33,33,21
1,11,19,11,30,30,16,35,35,21
1,12,2,12,14,14,17,19,19,22
1,12,3,12,15,15,17,20,20,22
1,12,5,12,17,17,17,22,22,22
1,12,7,12,19,19,17,24,24,22
1,12,11,12,23,23,17,28,28,22
1,12,13,12,25,25,17,30,30,22
1,12,17,12,29,29,17,34,34,22
1,12,19,12,31,31,17,36,36,22
1,13,2,13,15,15,18,20,20,23
1,13,3,13,16,16,18,21,21,23
1,13,5,13,18,18,18,23,23,23
1,13,7,13,20,20,18,25,25,23
1,13,11,13,24,24,18,29,29,23
1,13,13,13,26,26,18,31,31,23
1,13,17,13,30,30,18,35,35,23
1,13,19,13,32,32,18,37,37,23
1,14,2,14,16,16,19,21,21,24
1,14,3,14,17,17,19,22,22,24
1,14,5,14,19,19,19,24,24,24
1,14,7,14,21,21,19,26,26,24
1,14,11,14,25,25,19,30,30,24
1,14,13,14,27,27,19,32,32,24
1,14,17,14,31,31,19,36,36,24
1,14,19,14,33,33,19,38,38,24
1,15,2,15,17,17,20,22,22,25
1,15,3,15,18,18,20,23,23,25
1,15,5,15,20,20,20,25,25,25
1,15,7,15,22,22,20,27,27,25
1,15,11,15,26,26,20,31,31,25
1,15,13,15,28,28,20,33,33,25
1,15,17,15,32,32,20,37,37,25
1,15,19,15,34,34,20,39,39,25
1,16,2,16,18,18,21,23,23,26
1,16,3,16,19,19,21,24,24,26
1,16,5,16,21,21,21,26,26,26
1,16,7,16,23,23,21,28,28,26
1,16,11,16,27,27,21,32,32,26
1,16,13,16,29,29,21,34,34,26
1,16,17,16,33,33,21,38,38,26
1,16,19,16,35,35,21,40,40,26
1,17,2,17,19,19,22,24,24,27
1,17,3,17,20,20,22,25,25,27
1,17,5,17,22,22,22,27,27,27
1,17,7,17,24,24,22,29,29,27
1,17,11,17,28,28,22,33,33,27
1,17,13,17,30,30,22,35,35,27
1,17,17,17,34,34,22,39,39,27
1,17,19,17,36,36,22,41,41,27
1,18,2,18,20,20,23,25,25,28
1,18,3,18,21,21,23,26,26,28
1,18,5,18,23,23,23,28,28,28
1,18,7,18,25,25,23,30,30,28
1,18,11,18,29,29,23,34,34,28
1,18,13,18,31,31,23,36,36,28
1,18,17,18,35,35,23,40,40,28
1,18,19,18,37,37,23,42,42,28
1,19,2,19,21,21,24,26,26,29
1,19,3,19,22,22,24,27,27,29
1,19,5,19,24,24,24,29,29,29
1,19,7,19,26,26,24,31,31,29
1,19,11,19,30,30,24,35,35,29
1,19,13,19,32,32,24,37,37,29
1,19,17,19,36,36,24,41,41,29
1,19,19,19,38,38,24,43,43,29
1,20,2,20,22,22,25,27,27,30
1,20,3,20,23,23,25,28,28,30
1,20,5,20,25,25,25,30,30,30
1,20,7,20,27,27,25,32,32,30
1,20,11,20,31,31,25,36,36,30
1,20,13,20,33,33,25,38,38,30
1,20,17,20,37,37,25,42,42,30
1,20,19,20,39,39,25,44,44,30
1,21,2,21,23,23,26,28,28,31
1,21,3,21,24,24,26,29,29,31
1,21,5,21,26,26,26,31,31,31
1,21,7,21,28,28,26,33,33,31
1,21,11,21,32,32,26,37,37,31
1,21,13,21,34,34,26,39,39,31
1,21,17,21,38,38,26,43,43,31
1,21,19,21,40,40,26,45,45,31
1,22,2,22,24,24,27,29,29,32
1,22,3,22,25,25,27,30,30,32
1,22,5,22,27,27,27,32,32,32
1,22,7,22,29,29,27,34,34,32
1,22,11,22,33,33,27,38,38,32
1,22,13,22,35,35,27,40,40,32
1,22,17,22,39,39,27,44,44,32
1,22,19,22,41,41,27,46,46,32
1,23,2,23,25,25,28,30,30,33
1,23,3,23,26,26,28,31,31,33
1,23,5,23,28,28,28,33,33,33
1,23,7,23,30,30,28,35,35,33
1,23,11,23,34,34,28,39,39,33
1,23,13,23,36,36,28,41,41,33
1,23,17,23,40,40,28,45,45,33
1,23,19,23,42,42,28,47,47,33
1,24,2,24,26,26,29,31,31,34
1,24,3,24,27,27,29,32,32,34
1,24,5,24,29,29,29,34,34,34
1,24,7,24,31,31,29,36,36,34
1,24,11,24,35,35,29,40,40,34
1,24,13,24,37,37,29,42,42,34
1,24,17,24,41,41,29,46,46,34
1,24,19,24,43,43,29,48,48,34
1,25,2,25,27,27,30,32,32,35
1,25,3,25,28,28,30,33,33,35
1,25,5,25,30,30,30,35,35,35
1,25,7,25,32,32,30,37,37,35
1,25,11,25,36,36,30,41,41,35
1,25,13,25,38,38,30,43,43,35
1,25,17,25,42,42,30,47,47,35
1,25,19,25,44,44,30,49,49,35
1,26,2,26,28,28,31,33,33,36
1,26,3,26,29,29,31,34,34,36
1,26,5,26,31,31,31,36,36,36
1,26,7,26,33,33,31,38,38,36
1,26,11,26,37,37,31,42,42,36
1,26,13,26,39,39,31,44,44,36
1,26,17,26,43,43,31,48,48,36
1,26,19,26,45,45,31,50,50,36
1,27,2,27,29,29,32,34,34,37
1,27,3,27,30,30,32,35,35,37
1,27,5,27,32,32,32,37,37,37
1,27,7,27,34,34,32,39,39,37
1,27,11,27,38,38,32,43,43,37
1,27,13,27,40,40,32,45,45,37
1,27,17,27,44,44,32,49,49,37
1,27,19,27,46,46,32,51,51,37
1,28,2,28,30,30,33,35,35,38
1,28,3,28,31,31,33,36,36,38
1,28,5,28,33,33,33,38,38,38
1,28,7,28,35,35,33,40,40,38
1,28,11,28,39,39,33,44,44,38
1,28,13,28,41,41,33,46,46,38
1,28,17,28,45,45,33,50,50,38
1,28,19,28,47,47,33,52,52,38
1,29,2,29,31,31,34,36,36,39
1,29,3,29,32,32,34,37,37,39
1,29,5,29,34,34,34,39,39,39
1,29,7,29,36,36,34,41,41,39
1,29,11,29,40,40,34,45,45,39
1,29,13,29,42,42,34,47,47,39
1,29,17,29,46,46,34,51,51,39
1,29,19,29,48,48,34,53,53,39
1,30,2,30,32,32,35,37,37,40
1,30,3,30,33,33,35,38,38,40
1,30,5,30,35,35,35,40,40,40
1,30,7,30,37,37,35,42,42,40
1,30,11,30,41,41,35,46,46,40
1,30,13,30,43,43,35,48,48,40
1,30,17,30,47,47,35,52,52,40
1,30,19,30,49,49,35,54,54,40
1,31,2,31,33,33,36,38,38,41
1,31,3,31,34,34,36,39,39,41
1,31,5,31,36,36,36,41,41,41
1,31,7,31,38,38,36,43,43,41
1,31,11,31,42,42,36,47,47,41
1,31,13,31,44,44,36,49,49,41
1,31,17,31,48,48,36,53,53,41
1,31,19,31,50,50,36,55,55,41
1,32,2,32,34,34,37,39,39,42
1,32,3,32,35,35,37,40,40,42
1,32,5,32,37,37,37,42,42,42
1,32,7,32,39,39,37,44,44,42
1,32,11,32,43,43,37,48,48,42
1,32,13,32,45,45,37,50,50,42
1,32,17,32,49,49,37,54,54,42
1,32,19,32,51,51,37,56,56,42
1,33,2,33,35,35,38,40,40,43
1,33,3,33,36,36,38,41,41,43
1,33,5,33,38,38,38,43,43,43
1,33,7,33,40,40,38,45,45,43
1,33,11,33,44,44,38,49,49,43
1,33,13,33,46,46,38,51,51,43
1,33,17,33,50,50,38,55,55,43
1,33,19,33,52,52,38,57,57,43
1,34,2,34,36,36,39,41,41,44
1,34,3,34,37,37,39,42,42,44
1,34,5,34,39,39,39,44,44,44
1,34,7,34,41,41,39,46,46,44
1,34,11,34,45,45,39,50,50,44
1,34,13,34,47,47,39,52,52,44
1,34,17,34,51,51,39,56,56,44
1,34,19,34,53,53,39,58,58,44
1,35,2,35,37,37,40,42,42,45
1,35,3,35,38,38,40,43,43,45
1,35,5,35,40,40,40,45,45,45
1,35,7,35,42,42,40,47,47,45
1,35,11,35,46,46,40,51,51,45
1,35,13,35,48,48,40,53,53,45
1,35,17,35,52,52,40,57,57,45
1,35,19,35,54,54,40,59,59,45
1,36,2,36,38,38,41,43,43,46
1,36,3,36,39,39,41,44,44,46
1,36,5,36,41,41,41,46,46,46
1,36,7,36,43,43,41,48,48,46
1,36,11,36,47,47,41,52,52,46
1,36,13,36,49,49,41,54,54,46
1,36,17,36,53,53,41,58,58,46
1,36,19,36,55,55,41,60,60,46
1,37,2,37,39,39,42,44,44,47
1,37,3,37,40,40,42,45,45,47
1,37,5,37,42,42,42,47,47,47
1,37,7,37,44,44,42,49,49,47
1,37,11,37,48,48,42,53,53,47
1,37,13,37,50,50,42,55,55,47
1,37,17,37,54,54,42,59,59,47
1,37,19,37,56,56,42,61,61,47
1,38,2,38,40,40,43,45,45,48
1,38,3,38,41,41,43,46,46,48
1,38,5,38,43,43,43,48,48,48
1,38,7,38,45,45,43,50,50,48
1,38,11,38,49,49,43,54,54,48
1,38,13,38,51,51,43,56,56,48
1,38,17,38,55,55,43,60,60,48
1,38,19,38,57,57,43,62,62,48
1,39,2,39,41,41,44,46,46,49
1,39,3,39,42,42,44,47,47,49
1,39,5,39,44,44,44,49,49,49
1,39,7,39,46,46,44,51,51,49
1,39,11,39,50,50,44,55,55,49
1,39,13,39,52,52,44,57,57,49
1,39,17,39,56,56,44,61,61,49
1,39,19,39,58,58,44,63,63,49
1,40,2,40,42,42,45,47,47,50
1,40,3,40,43,43,45,48,48,50
1,40,5,40,45,45,45,50,50,50
1,40,7,40,47,47,45,52,52,50
1,40,11,40,51,51,45,56,56,50
1,40,13,40,53,53,45,58,58,50
1,40,17,40,57,57,45,62,62,50
1,40,19,40,59,59,45,64,64,50
1,41,2,41,43,43,46,48,48,51
1,41,3,41,44,44,46,49,49,51
1,41,5,41,46,46,46,51,51,51
1,41,7,41,48,48,46,53,53,51
1,41,11,41,52,52,46,57,57,51
1,41,13,41,54,54,46,59,59,51
1,41,17,41,58,58,46,63,63,51
1,41,19,41,60,60,46,65,65,51
1,42,2,42,44,44,47,49,49,52
1,42,3,42,45,45,47,50,50,52
1,42,5,42,47,47,47,52,52,52
1,42,7,42,49,49,47,54,54,52
1,42,11,42,53,53,47,58,58,52
1,42,13,42,55,55,47,60,60,52
1,42,17,42,59,59,47,64,64,52
1,42,19,42,61,61,47,66,66,52
1,43,2,43,45,45,48,50,50,53
1,43,3,43,46,46,48,51,51,53
1,43,5,43,48,48,48,53,53,53
1,43,7,43,50,50,48,55,55,53
1,43,11,43,54,54,48,59,59,53
1,43,13,43,56,56,48,61,61,53
1,43,17,43,60,60,48,65,65,53
1,43,19,43,62,62,48,67,67,53
1,44,2,44,46,46,49,51,51,54
1,44,3,44,47,47,49,52,52,54
1,44,5,44,49,49,49,54,54,54
1,44,7,44,51,51,49,56,56,54
1,44,11,44,55,55,49,60,60,54
1,44,13,44,57,57,49,62,62,54
1,44,17,44,61,61,49,66,66,54
1,44,19,44,63,63,49,68,68,54
1,45,2,45,47,47,50,52,52,55
1,45,3,45,48,48,50,53,53,55
1,45,5,45,50,50,50,55,55,55
1,45,7,45,52,52,50,57,57,55
1,45,11,45,56,56,50,61,61,55
1,45,13,45,58,58,50,63,63,55
1,45,17,45,62,62,50,67,67,55
1,45,19,45,64,64,50,69,69,55
1,46,2,46,48,48,51,53,53,56
1,46,3,46,49,49,51,54,54,56
1,46,5,46,51,51,51,56,56,56
1,46,7,46,53,53,51,58,58,56
1,46,11,46,57,57,51,62,62,56
1,46,13,46,59,59,51,64,64,56
1,46,17,46,63,63,51,68,68,56
1,46,19,46,65,65,51,70,70,56
1,47,2,47,49,49,52,54,54,57
1,47,3,47,50,50,52,55,55,57
1,47,5,47,52,52,52,57,57,57
1,47,7,47,54,54,52,59,59,57
1,47,11,47,58,58,52,63,63,57
1,47,13,47,60,60,52,65,65,57
1,47,17,47,64,64,52,69,69,57
1,47,19,47,66,66,52,71,71,57
1,48,2,48,50,50,53,55,55,58
1,48,3,48,51,51,53,56,56,58
1,48,5,48,53,53,53,58,58,58
1,48,7,48,55,55,53,60,60,58
1,48,11,48,59,59,53,64,64,58
1,48,13,48,61,61,53,66,66,58
1,48,17,48,65,65,53,70,70,58
1,48,19,48,67,67,53,72,72,58
1,49,2,49,51,51,54,56,56,59
1,49,3,49,52,52,54,57,57,59
1,49,5,49,54,54,54,59,59,59
1,49,7,49,56,56,54,61,61,59
1,49,11,49,60,60,54,65,65,59
1,49,13,49,62,62,54,67,67,59
1,49,17,49,66,66,54,71,71,59
1,49,19,49,68,68,54,73,73,59
1,50,2,50,52,52,55,57,57,60
1,50,3,50,53,53,55,58,58,60
1,50,5,50,55,55,55,60,60,60
1,50,7,50,57,57,55,62,62,60
1,50,11,50,61,61,55,66,66,60
1,50,13,50,63,63,55,68,68,60
1,50,17,50,67,67,55,72,72,60
1,50,19,50,69,69,55,74,74,60
1,51,2,51,53,53,56,58,58,61
1,51,3,51,54,54,56,59,59,61
1,51,5,51,56,56,56,61,61,61
1,51,7,51,58,58,56,63,63,61
1,51,11,51,62,62,56,67,67,61
1,51,13,51,64,64,56,69,69,61
1,51,17,51,68,68,56,73,73,61
1,51,19,51,70,70,56,75,75,61
1,52,2,52,54,54,57,59,59,62
1,52,3,52,55,55,57,60,60,62
1,52,5,52,57,57,57,62,62,62
1,52,7,52,59,59,57,64,64,62
1,52,11,52,63,63,57,68,68,62
1,52,13,52,65,65,57,70,70,62
1,52,17,52,69,69,57,74,74,62
1,52,19,52,71,71,57,76,76,62
1,53,2,53,55,55,58,60,60,63
1,53,3,53,56,56,58,61,61,63
1,53,5,53,58,58,58,63,63,63
1,53,7,53,60,60,58,65,65,63
1,53,11,53,64,64,58,69,69,63
1,53,13,53,66,66,58,71,71,63
1,53,17,53,70,70,58,75,75,63
1,53,19,53,72,72,58,77,77,63
1,54,2,54,56,56,59,61,61,64
1,54,3,54,57,57,59,62,62,64
1,54,5,54,59,59,59,64,64,64
1,54,7,54,61,61,59,66,66,64
1,54,11,54,65,65,59,70,70,64
1,54,13,54,67,67,59,72,72,64
1,54,17,54,71,71,59,76,76,64
1,54,19,54,73,73,59,78,78,64
1,55,2,55,57,57,60,62,62,65
1,55,3,55,58,58,60,63,63,65
1,55,5,55,60,60,60,65,65,65
1,55,7,55,62,62,60,67,67,65
1,55,11,55,66,66,60,71,71,65
1,55,13,55,68,68,60,73,73,65
1,55,17,55,72,72,60,77,77,65
1,55,19,55,74,74,60,79,79,65
1,56,2,56,58,58,61,63,63,66
1,56,3,56,59,59,61,64,64,66
1,56,5,56,61,61,61,66,66,66
1,56,7,56,63,63,61,68,68,66
1,56,11,56,67,67,61,72,72,66
1,56,13,56,69,69,61,74,74,66
1,56,17,56,73,73,61,78,78,66
1,56,19,56,75,75,61,80,80,66
1,57,2,57,59,59,62,64,64,67
1,57,3,57,60,60,62,65,65,67
1,57,5,57,62,62,62,67,67,67
1,57,7,57,64,64,62,69,69,67
1,57,11,57,68,68,62,73,73,67
1,57,13,57,70,70,62,75,75,67
1,57,17,57,74,74,62,79,79,67
1,57,19,57,76,76,62,81,81,67
1,58,2,58,60,60,63,65,65,68
1,58,3,58,61,61,63,66,66,68
1,58,5,58,63,63,63,68,68,68
1,58,7,58,65,65,63,70,70,68
1,58,11,58,69,69,63,74,74,68
1,58,13,58,71,71,63,76,76,68
1,58,17,58,75,75,63,80,80,68
1,58,19,58,77,77,63,82,82,68
1,59,2,59,61,61,64,66,66,69
1,59,3,59,62,62,64,67,67,69
1,59,5,59,64,64,64,69,69,69
1,59,7,59,66,66,64,71,71,69
1,59,11,59,70,70,64,75,75,69
1,59,13,59,72,72,64,77,77,69
1,59,17,59,76,76,64,81,81,69
1,59,19,59,78,78,64,83,83,69
1,60,2,60,62,62,65,67,67,70
1,60,3,60,63,63,65,68,68,70
1,60,5,60,65,65,65,70,70,70
1,60,7,60,67,67,65,72,72,70
1,60,11,60,71,71,65,76,76,70
1,60,13,60,73,73,65,78,78,70
1,60,17,60,77,77,65,82,82,70
1,60,19,60,79,79,65,84,84,70
1,61,2,61,63,63,66,68,68,71
1,61,3,61,64,64,66,69,69,71
1,61,5,61,66,66,66,71,71,71
1,61,7,61,68,68,66,73,73,71
1,61,11,61,72,72,66,77,77,71
1,61,13,61,74,74,66,79,79,71
1,61,17,61,78,78,66,83,83,71
1,61,19,61,80,80,66,85,85,71
1,62,2,62,64,64,67,69,69,72
1,62,3,62,65,65,67,70,70,72
1,62,5,62,67,67,67,72,72,72
1,62,7,62,69,69,67,74,74,72
1,62,11,62,73,73,67,78,78,72
1,62,13,62,75,75,67,80,80,72
1,62,17,62,79,79,67,84,84,72
1,62,19,62,81,81,67,86,86,72
1,63,2,63,65,65,68,70,70,73
1,63,3,63,66,66,68,71,71,73
1,63,5,63,68,68,68,73,73,73
1,63,7,63,70,70,68,75,75,73
1,63,11,63,74,74,68,79,79,73
1,63,13,63,76,76,68,81,81,73
1,63,17,63,80,80,68,85,85,73
1,63,19,63,82,82,68,87,87,73
1,64,2,64,66,66,69,71,71,74
1,64,3,64,67,67,69,72,72,74
1,64,5,64,69,69,69,74,74,74
1,64,7,64,71,71,69,76,76,74
1,64,11,64,75,75,69,80,80,74
1,64,13,64,77,77,69,82,82,74
1,64,17,64,81,81,69,86,86,74
1,64,19,64,83,83,69,88,88,74
1,65,2,65,67,67,70,72,72,75
1,65,3,65,68,68,70,73,73,75
1,65,5,65,70,70,70,75,75,75
1,65,7,65,72,72,70,77,77,75
1,65,11,65,76,76,70,81,81,75
1,65,13,65,78,78,70,83,83,75
1,65,17,65,82,82,70,87,87,75
1,65,19,65,84,84,70,89,89,75
1,66,2,66,68,68,71,73,73,76
1,66,3,66,69,69,71,74,74,76
1,66,5,66,71,71,71,76,76,76
1,66,7,66,73,73,71,78,78,76
1,66,11,66,77,77,71,82,82,76
1,66,13,66,79,79,71,84,84,76
1,66,17,66,83,83,71,88,88,76
1,66,19,66,85,85,71,90,90,76
1,67,2,67,69,69,72,74,74,77
1,67,3,67,70,70,72,75,75,77
1,67,5,67,72,72,72,77,77,77
1,67,7,67,74,74,72,79,79,77
1,67,11,67,78,78,72,83,83,77
1,67,13,67,80,80,72,85,85,77
1,67,17,67,84,84,72,89,89,77
1,67,19,67,86,86,72,91,91,77
1,68,2,68,70,70,73,75,75,78
1,68,3,68,71,71,73,76,76,78
1,68,5,68,73,73,73,78,78,78
1,68,7,68,75,75,73,80,80,78
1,68,11,68,79,79,73,84,84,78
1,68,13,68,81,81,73,86,86,78
1,68,17,68,85,85,73,90,90,78
1,68,19,68,87,87,73,92,92,78
1,69,2,69,71,71,74,76,76,79
1,69,3,69,72,72,74,77,77,79
1,69,5,69,74,74,74,79,79,79
1,69,7,69,76,76,74,81,81,79
1,69,11,69,80,80,74,85,85,79
1,69,13,69,82,82,74,87,87,79
1,69,17,69,86,86,74,91,91,79
1,69,19,69,88,88,74,93,93,79
1,70,2,70,72,72,75,77,77,80
1,70,3,70,73,73,75,78,78,80
1,70,5,70,75,75,75,80,80,80
1,70,7,70,77,77,75,82,82,80
1,70,11,70,81,81,75,86,86,80
1,70,13,70,83,83,75,88,88,80
1,70,17,70,87,87,75,92,92,80
1,70,19,70,89,89,75,94,94,80
1,71,2,71,73,73,76,78,78,81
1,71,3,71,74,74,76,79,79,81
1,71,5,71,76,76,76,81,81,81
1,71,7,71,78,78,76,83,83,81
1,71,11,71,82,82,76,87,87,81
1,71,13,71,84,84,76,89,89,81
1,71,17,71,88,88,76,93,93,81
1,71,19,71,90,90,76,95,95,81
1,72,2,72,74,74,77,79,79,82
1,72,3,72,75,75,77,80,80,82
1,72,5,72,77,77,77,82,82,82
1,72,7,72,79,79,77,84,84,82
1,72,11,72,83,83,77,88,88,82
1,72,13,72,85,85,77,90,90,82
1,72,17,72,89,89,77,94,94,82
1,72,19,72,91,91,77,96,96,82
1,73,2,73,75,75,78,80,80,83
1,73,3,73,76,76,78,81,81,83
1,73,5,73,78,78,78,83,83,83
1,73,7,73,80,80,78,85,85,83
1,73,11,73,84,84,78,89,89,83
1,73,13,73,86,86,78,91,91,83
1,73,17,73,90,90,78,95,95,83
1,73,19,73,92,92,78,97,97,83
1,74,2,74,76,76,79,81,81,84
1,74,3,74,77,77,79,82,82,84
1,74,5,74,79,79,79,84,84,84
1,74,7,74,81,81,79,86,86,84
1,74,11,74,85,85,79,90,90,84
1,74,13,74,87,87,79,92,92,84
1,74,17,74,91,91,79,96,96,84
1,74,19,74,93,93,79,98,98,84
1,75,2,75,77,77,80,82,82,85
1,75,3,75,78,78,80,83,83,85
1,75,5,75,80,80,80,85,85,85
1,75,7,75,82,82,80,87,87,85
1,75,11,75,86,86,80,91,91,85
1,75,13,75,88,88,80,93,93,85
1,75,17,75,92,92,80,97,97,85
1,75,19,75,94,94,80,99,99,85
1,76,2,76,78,78,81,83,83,86
1,76,3,76,79,79,81,84,84,86
1,76,5,76,81,81,81,86,86,86
1,76,7,76,83,83,81,88,88,86
1,76,11,76,87,87,81,92,92,86
1,76,13,76,89,89,81,94,94,86
1,76,17,76,93,93,81,98,98,86
1,76,19,76,95,95,81,100,100,86
1,77,2,77,79,79,82,84,84,87
1,77,3,77,80,80,82,85,85,87
1,77,5,77,82,82,82,87,87,87
1,77,7,77,84,84,82,89,89,87
1,77,11,77,88,88,82,93,93,87
1,77,13,77,90,90,82,95,95,87
1,77,17,77,94,94,82,99,99,87
1,77,19,77,96,96,82,101,101,87
1,78,2,78,80,80,83,85,85,88
1,78,3,78,81,81,83,86,86,88
1,78,5,78,83,83,83,88,88,88
1,78,7,78,85,85,83,90,90,88
1,78,11,78,89,89,83,94,94,88
1,78,13,78,91,91,83,96,96,88
1,78,17,78,95,95,83,100,100,88
1,78,19,78,97,97,83,102,102,88
1,79,2,79,81,81,84,86,86,89
1,79,3,79,82,82,84,87,87,89
1,79,5,79,84,84,84,89,89,89
1,79,7,79,86,86,84,91,91,89
1,79,11,79,90,90,84,95,95,89
1,79,13,79,92,92,84,97,97,89
1,79,17,79,96,96,84,101,101,89
1,79,19,79,98,98,84,103,103,89
1,80,2,80,82,82,85,87,87,90
1,80,3,80,83,83,85,88,88,90
1,80,5,80,85,85,85,90,90,90
1,80,7,80,87,87,85,92,92,90
1,80,11,80,91,91,85,96,96,90
1,80,13,80,93,93,85,98,98,90
1,80,17,80,97,97,85,102,102,90
1,80,19,80,99,99,85,104,104,90
1,81,2,81,83,83,86,88,88,91
1,81,3,81,84,84,86,89,89,91
1,81,5,81,86,86,86,91,91,91
1,81,7,81,88,88,86,93,93,91
1,81,11,81,92,92,86,97,97,91
1,81,13,81,94,94,86,99,99,91
1,81,17,81,98,98,86,103,103,91
1,81,19,81,100,100,86,105,105,91
1,82,2,82,84,84,87,89,89,92
1,82,3,82,85,85,87,90,90,92
1,82,5,82,87,87,87,92,92,92
1,82,7,82,89,89,87,94,94,92
1,82,11,82,93,93,87,98,98,92
1,82,13,82,95,95,87,100,100,92
1,82,17,82,99,99,87,104,104,92
1,82,19,82,101,101,87,106,106,92
1,83,2,83,85,85,88,90,90,93
1,83,3,83,86,86,88,91,91,93
1,83,5,83,88,88,88,93,93,93
1,83,7,83,90,90,88,95,95,93
1,83,11,83,94,94,88,99,99,93
1,83,13,83,96,96,88,101,101,93
1,83,17,83,100,100,88,105,105,93
1,83,19,83,102,102,88,107,107,93
1,84,2,84,86,86,89,91,91,94
1,84,3,84,87,87,89,92,92,94
1,84,5,84,89,89,89,94,94,94
1,84,7,84,91,91,89,96,96,94
1,84,11,84,95,95,89,100,100,94
1,84,13,84,97,97,89,102,102,94
1,84,17,84,101,101,89,106,106,94
1,84,19,84,103,103,89,108,108,94
1,85,2,85,87,87,90,92,92,95
1,85,3,85,88,88,90,93,93,95
1,85,5,85,90,90,90,95,95,95
1,85,7,85,92,92,90,97,97,95
1,85,11,85,96,96,90,101,101,95
1,85,13,85,98,98,90,103,103,95
1,85,17,85,102,102,90,107,107,95
1,85,19,85,104,104,90,109,109,95
1,86,2,86,88,88,91,93,93,96
1,86,3,86,89,89,91,94,94,96
1,86,5,86,91,91,91,96,96,96
1,86,7,86,93,93,91,98,98,96
1,86,11,86,97,97,91,102,102,96
1,86,13,86,99,99,91,104,104,96
1,86,17,86,103,103,91,108,108,96
1,86,19,86,105,105,91,110,110,96
1,87,2,87,89,89,92,94,94,97
1,87,3,87,90,90,92,95,95,97
1,87,5,87,92,92,92,97,97,97
1,87,7,87,94,94,92,99,99,97
1,87,11,87,98,98,92,103,103,97
1,87,13,87,100,100,92,105,105,97
1,87,17,87,104,104,92,109,109,97
1,87,19,87,106,106,92,111,111,97
1,88,2,88,90,90,93,95,95,98
1,88,3,88,91,91,93,96,96,98
1,88,5,88,93,93,93,98,98,98
1,88,7,88,95,95,93,100,100,98
1,88,11,88,99,99,93,104,104,98
1,88,13,88,101,101,93,106,106,98
1,88,17,88,105,105,93,110,110,98
1,88,19,88,107,107,93,112,112,98
1,89,2,89,91,91,94,96,96,99
1,89,3,89,92,92,94,97,97,99
1,89,5,89,94,94,94,99,99,99
1,89,7,89,96,96,94,101,101,99
1,89,11,89,100,100,94,105,105,99
1,89,13,89,102,102,94,107,107,99
1,89,17,89,106,106,94,111,111,99
1,89,19,89,108,108,94,113,113,99
1,90,2,90,92,92,95,97,97,100
1,90,3,90,93,93,95,98,98,100
1,90,5,90,95,95,95,100,100,100
1,90,7,90,97,97,95,102,102,100
1,90,11,90,101,101,95,106,106,100
1,90,13,90,103,103,95,108,108,100
1,90,17,90,107,107,95,112,112,100
1,90,19,90,109,109,95,114,114,100
1,91,2,91,93,93,96,98,98,101
1,91,3,91,94,94,96,99,99,101
1,91,5,91,96,96,96,101,101,101
1,91,7,91,98,98,96,103,103,101
1,91,11,91,102,102,96,107,107,101
1,91,13,91,104,104,96,109,109,101
1,91,17,91,108,108,96,113,113,101
1,91,19,91,110,110,96,115,115,101
1,92,2,92,94,94,97,99,99,102
1,92,3,92,95,95,97,100,100,102
1,92,5,92,97,97,97,102,102,102
1,92,7,92,99,99,97,104,104,102
1,92,11,92,103,103,97,108,108,102
1,92,13,92,105,105,97,110,110,102
1,92,17,92,109,109,97,114,114,102
1,92,19,92,111,111,97,116,116,102
1,93,2,93,95,95,98,100,100,103
1,93,3,93,96,96,98,101,101,103
1,93,5,93,98,98,98,103,103,103
1,93,7,93,100,100,98,105,105,103
1,93,11,93,104,104,98,109,109,103
1,93,13,93,106,106,98,111,111,103
1,93,17,93,110,110,98,115,115,103
1,93,19,93,112,112,98,117,117,103
1,94,2,94,96,96,99,101,101,104
1,94,3,94,97,97,99,102,102,104
1,94,5,94,99,99,99,104,104,104
1,94,7,94,101,101,99,106,106,104
1,94,11,94,105,105,99,110,110,104
1,94,13,94,107,107,99,112,112,104
1,94,17,94,111,111,99,116,116,104
1,94,19,94,113,113,99,118,118,104
1,95,2,95,97,97,100,102,102,105
1,95,3,95,98,98,100,103,103,105
1,95,5,95,100,100,100,105,105,105
1,95,7,95,102,102,100,107,107,105
1,95,11,95,106,106,100,111,111,105
1,95,13,95,108,108,100,113,113,105
1,95,17,95,112,112,100,117,117,105
1,95,19,95,114,114,100,119,119,105
1,96,2,96,98,98,101,103,103,106
1,96,3,96,99,99,101,104,104,106
1,96,5,96,101,101,101,106,106,106
1,96,7,96,103,103,101,108,108,106
1,96,11,96,107,107,101,112,112,106
1,96,13,96,109,109,101,114,114,106
1,96,17,96,113,113,101,118,118,106
1,96,19,96,115,115,101,120,120,106
1,97,2,97,99,99,102,104,104,107
1,97,3,97,100,100,102,105,105,107
1,97,5,97,102,102,102,107,107,107
1,97,7,97,104,104,102,109,109,107
1,97,11,97,108,108,102,113,113,107
1,97,13,97,110,110,102,115,115,107
1,97,17,97,114,114,102,119,119,107
1,97,19,97,116,116,102,121,121,107
1,98,2,98,100,100,103,105,105,108
1,98,3,98,101,101,103,106,106,108
1,98,5,98,103,103,103,108,108,108
1,98,7,98,105,105,103,110,110,108
1,98,11,98,109,109,103,114,114,108
1,98,13,98,111,111,103,116,116,108
1,98,17,98,115,115,103,120,120,108
1,98,19,98,117,117,103,122,122,108
1,99,2,99,101,101,104,106,106,109
1,99,3,99,102,102,104,107,107,109
1,99,5,99,104,104,104,109,109,109
1,99,7,99,106,106,104,111,111,109
1,99,11,99,110,110,104,115,115,109
1,99,13,99,112,112,104,117,117,109
1,99,17,99,116,116,104,121,121,109
1,99,19,99,118,118,104,123,123,109
1,100,2,100,102,102,105,107,107,110
1,100,3,100,103,103,105,108,108,110
1,100,5,100,105,105,105,110,110,110
1,100,7,100,107,107,105,112,112,110
1,100,11,100,111,111,105,116,116,110
1,100,13,100,113,113,105,118,118,110
1,100,17,100,117,117,105,122,122,110
1,100,19,100,119,119,105,124,124,110
1,101,2,101,103,103,106,108,108,111
1,101,3,101,104,104,106,109,109,111
1,101,5,101,106,106,106,111,111,111
1,101,7,101,108,108,106,113,113,111
1,101,11,101,112,112,106,117,117,111
1,101,13,101,114,114,106,119,119,111
1,101,17,101,118,118,106,123,123,111
1,101,19,101,120,120,106,125,125,111
1,102,2,102,104,104,107,109,109,112
1,102,3,102,105,105,107,110,110,112
1,102,5,102,107,107,107,112,112,112
1,102,7,102,109,109,107,114,114,112
1,102,11,102,113,113,107,118,118,112
1,102,13,102,115,115,107,120,120,112
1,102,17,102,119,119,107,124,124,112
1,102,19,102,121,121,107,126,126,112
1,103,2,103,105,105,108,110,110,113
1,103,3,103,106,106,108,111,111,113
1,103,5,103,108,108,108,113,113,113
1,103,7,103,110,110,108,115,115,113
1,103,11,103,114,114,108,119,119,113
1,103,13,103,116,116,108,121,121,113
1,103,17,103,120,120,108,125,125,113
1,103,19,103,122,122,108,127,127,113
1,104,2,104,106,106,109,111,111,114
1,104,3,104,107,107,109,112,112,114
1,104,5,104,109,109,109,114,114,114
1,104,7,104,111,111,109,116,116,114
1,104,11,104,115,115,109,120,120,114
1,104,13,104,117,117,109,122,122,114
1,104,17,104,121,121,109,126,126,114
1,104,19,104,123,123,109,128,128,114
1,105,2,105,107,107,110,112,112,115
1,105,3,105,108,108,110,113,113,115
1,105,5,105,110,110,110,115,115,115
1,105,7,105,112,112,110,117,117,115
1,105,11,105,116,116,110,121,121,115
1,105,13,105,118,118,110,123,123,115
1,105,17,105,122,122,110,127,127,115
1,105,19,105,124,124,110,129,129,115
1,106,2,106,108,108,111,113,113,116
1,106,3,106,109,109,111,114,114,116
1,106,5,106,111,111,111,116,116,116
1,106,7,106,113,113,111,118,118,116
1,106,11,106,117,117,111,122,122,116
1,106,13,106,119,119,111,124,124,116
1,106,17,106,123,123,111,128,128,116
1,106,19,106,125,125,111,130,130,116
1,107,2,107,109,109,112,114,114,117
1,107,3,107,110,110,112,115,115,117
1,107,5,107,112,112,112,117,117,117
1,107,7,107,114,114,112,119,119,117
1,107,11,107,118,118,112,123,123,117
1,107,13,107,120,120,112,125,125,117
1,107,17,107,124,124,112,129,129,117
1,107,19,107,126,126,112,131,131,117
1,108,2,108,110,110,113,115,115,118
1,108,3,108,111,111,113,116,116,118
1,108,5,108,113,113,113,118,118,118
1,108,7,108,115,115,113,120,120,118
1,108,11,108,119,119,113,124,124,118
1,108,13,108,121,121,113,126,126,118
1,108,17,108,125,125,113,130,130,118
1,108,19,108,127,127,113,132,132,118
1,109,2,109,111,111,114,116,116,119
1,109,3,109,112,112,114,117,117,119
1,109,5,109,114,114,114,119,119,119
1,109,7,109,116,116,114,121,121,119
1,109,11,109,120,120,114,125,125,119
1,109,13,109,122,122,114,127,127,119
1,109,17,109,126,126,114,131,131,119
1,109,19,109,128,128,114,133,133,119
1,110,2,110,112,112,115,117,117,120
1,110,3,110,113,113,115,118,118,120
1,110,5,110,115,115,115,120,120,120
1,110,7,110,117,117,115,122,122,120
1,110,11,110,121,121,115,126,126,120
1,110,13,110,123,123,115,128,128,120
1,110,17,110,127,127,115,132,132,120
1,110,19,110,129,129,115,134,134,120
1,111,2,111,113,113,116,118,118,121
1,111,3,111,114,114,116,119,119,121
1,111,5,111,116,116,116,121,121,121
1,111,7,111,118,118,116,123,123,121
1,111,11,111,122,122,116,127,127,121
1,111,13,111,124,124,116,129,129,121
1,111,17,111,128,128,116,133,133,121
1,111,19,111,130,130,116,135,135,121
1,112,2,112,114,114,117,119,119,122
1,112,3,112,115,115,117,120,120,122
1,112,5,112,117,117,117,122,122,122
1,112,7,112,119,119,117,124,124,122
1,112,11,112,123,123,117,128,128,122
1,112,13,112,125,125,117,130,130,122
1,112,17,112,129,129,117,134,134,122
1,112,19,112,131,131,117,136,136,122
1,113,2,113,115,115,118,120,120,123
1,113,3,113,116,116,118,121,121,123
1,113,5,113,118,118,118,123,123,123
1,113,7,113,120,120,118,125,125,123
1,113,11,113,124,124,118,129,129,123
1,113,13,113,126,126,118,131,131,123
1,113,17,113,130,130,118,135,135,123
1,113,19,113,132,132,118,137,137,123
1,114,2,114,116,116,119,121,121,124
1,114,3,114,117,117,119,122,122,124
1,114,5,114,119,119,119,124,124,124
1,114,7,114,121,121,119,126,126,124
1,114,11,114,125,125,119,130,130,124
1,114,13,114,127,127,119,132,132,124
1,114,17,114,131,131,119,136,136,124
1,114,19,114,133,133,119,138,138,124
1,115,2,115,117,117,120,122,122,125
1,115,3,115,118,118,120,123,123,125
1,115,5,115,120,120,120,125,125,125
1,115,7,115,122,122,120,127,127,125
1,115,11,115,126,126,120,131,131,125
1,115,13,115,128,128,120,133,133,125
1,115,17,115,132,132,120,137,137,125
1,115,19,115,134,134,120,139,139,125
1,116,2,116,118,118,121,123,123,126
1,116,3,116,119,119,121,124,124,126
1,116,5,116,121,121,121,126,126,126
1,116,7,116,123,123,121,128,128,126
1,116,11,116,127,127,121,132,132,126
1,116,13,116,129,129,121,134,134,126
1,116,17,116,133,133,121,138,138,126
1,116,19,116,135,135,121,140,140,126
1,117,2,117,119,119,122,124,124,127
1,117,3,117,120,120,122,125,125,127
1,117,5,117,122,122,122,127,127,127
1,117,7,117,124,124,122,129,129,127
1,117,11,117,128,128,122,133,133,127
1,117,13,117,130,130,122,135,135,127
1,117,17,117,134,134,122,139,139,127
1,117,19,117,136,136,122,141,141,127
1,118,2,118,120,120,123,125,125,128
1,118,3,118,121,121,123,126,126,128
1,118,5,118,123,123,123,128,128,128
1,118,7,118,125,125,123,130,130,128
1,118,11,118,129,129,123,134,134,128
1,118,13,118,131,131,123,136,136,128
1,118,17,118,135,135,123,140,140,128
1,118,19,118,137,137,123,142,142,128
1,119,2,119,121,121,124,126,126,129
1,119,3,119,122,122,124,127,127,129
1,119,5,119,124,124,124,129,129,129
1,119,7,119,126,126,124,131,131,129
1,119,11,119,130,130,124,135,135,129
1,119,13,119,132,132,124,137,137,129
1,119,17,119,136,136,124,141,141,129
1,119,19,119,138,138,124,143,143,129
1,120,2,120,122,122,125,127,127,130
1,120,3,120,123,123,125,128,128,130
1,120,5,120,125,125,125,130,130,130
1,120,7,120,127,127,125,132,132,130
1,120,11,120,131,131,125,136,136,130
1,120,13,120,133,133,125,138,138,130
1,120,17,120,137,137,125,142,142,130
1,120,19,120,139,139,125,144,144,130
1,121,2,121,123,123,126,128,128,131
1,121,3,121,124,124,126,129,129,131
1,121,5,121,126,126,126,131,131,131
1,121,7,121,128,128,126,133,133,131
1,121,11,121,132,132,126,137,137,131
1,121,13,121,134,134,126,139,139,131
1,121,17,121,138,138,126,143,143,131
1,121,19,121,140,140,126,145,145,131
1,122,2,122,124,124,127,129,129,132
1,122,3,122,125,125,127,130,130,132
1,122,5,122,127,127,127,132,132,132
1,122,7,122,129,129,127,134,134,132
1,122,11,122,133,133,127,138,138,132
1,122,13,122,135,135,127,140,140,132
1,122,17,122,139,139,127,144,144,132
1,122,19,122,141,141,127,146,146,132
1,123,2,123,125,125,128,130,130,133
1,123,3,123,126,126,128,131,131,133
1,123,5,123,128,128,128,133,133,133
1,123,7,123,130,130,128,135,135,133
1,123,11,123,134,134,128,139,139,133
1,123,13,123,136,136,128,141,141,133
1,123,17,123,140,140,128,145,145,133
1,123,19,123,142,142,128,147,147,133
1,124,2,124,126,126,129,131,131,134
1,124,3,124,127,127,129,132,132,134
1,124,5,124,129,129,129,134,134,134
1,124,7,124,131,131,129,136,136,134
1,124,11,124,135,135,129,140,140,134
1,124,13,124,137,137,129,142,142,134
1,124,17,124,141,141,129,146,146,134
1,124,19,124,143,143,129,148,148,134
1,125,2,125,127,127,130,132,132,135
1,125,3,125,128,128,130,133,133,135
1,125,5,125,130,130,130,135,135,135
1,125,7,125,132,132,130,137,137,135
1,125,11,125,136,136,130,141,141,135
1,125,13,125,138,138,130,143,143,135
1,125,17,125,142,142,130,147,147,135
1,125,19,125,144,144,130,149,149,135
1,126,2,126,128,128,131,133,133,136
1,126,3,126,129,129,131,134,134,136
1,126,5,126,131,131,131,136,136,136
1,126,7,126,133,133,131,138,138,136
1,126,11,126,137,137,131,142,142,136
1,126,13,126,139,139,131,144,144,136
1,126,17,126,143,143,131,148,148,136
1,126,19,126,145,145,131,150,150,136
1,127,2,127,129,129,132,134,134,137
1,127,3,127,130,130,132,135,135,137
1,127,5,127,132,132,132,137,137,137
1,127,7,127,134,134,132,139,139,137
1,127,11,127,138,138,132,143,143,137
1,127,13,127,140,140,132,145,145,137
1,127,17,127,144,144,132,149,149,137
1,127,19,127,146,146,132,151,151,137
1,128,2,128,130,130,133,135,135,138
1,128,3,128,131,131,133,136,136,138
1,128,5,128,133,133,133,138,138,138
1,128,7,128,135,135,133,140,140,138
1,128,11,128,139,139,133,144,144,138
1,128,13,128,141,141,133,146,146,138
1,128,17,128,145,145,133,150,150,138
1,128,19,128,147,147,133,152,152,138
1,129,2,129,131,131,134,136,136,139
1,129,3,129,132,132,134,137,137,139
1,129,5,129,134,134,134,139,139,139
1,129,7,129,136,136,134,141,141,139
1,129,11,129,140,140,134,145,145,139
1,129,13,129,142,142,134,147,147,139
1,129,17,129,146,146,134,151,151,139
1,129,19,129,148,148,134,153,153,139
1,130,2,130,132,132,135,137,137,140
1,130,3,130,133,133,135,138,138,140
1,130,5,130,135,135,135,140,140,140
1,130,7,130,137,137,135,142,142,140
1,130,11,130,141,141,135,146,146,140
1,130,13,130,143,143,135,148,148,140
1,130,17,130,147,147,135,152,152,140
1,130,19,130,149,149,135,154,154,140
1,131,2,131,133,133,136,138,138,141
1,131,3,131,134,134,136,139,139,141
1,131,5,131,136,136,136,141,141,141
1,131,7,131,138,138,136,143,143,141
1,131,11,131,142,142,136,147,147,141
1,131,13,131,144,144,136,149,149,141
1,131,17,131,148,148,136,153,153,141
1,131,19,131,150,150,136,155,155,141
1,132,2,132,134,134,137,139,139,142
1,132,3,132,135,135,137,140,140,142
1,132,5,132,137,137,137,142,142,142
1,132,7,132,139,139,137,144,144,142
1,132,11,132,143,143,137,148,148,142
1,132,13,132,145,145,137,150,150,142
1,132,17,132,149,149,137,154,154,142
1,132,19,132,151,151,137,156,156,142
1,133,2,133,135,135,138,140,140,143
1,133,3,133,136,136,138,141,141,143
1,133,5,133,138,138,138,143,143,143
1,133,7,133,140,140,138,145,145,143
1,133,11,133,144,144,138,149,149,143
1,133,13,133,146,146,138,151,151,143
1,133,17,133,150,150,138,155,155,143
1,133,19,133,152,152,138,157,157,143
1,134,2,134,136,136,139,141,141,144
1,134,3,134,137,137,139,142,142,144
1,134,5,134,139,139,139,144,144,144
1,134,7,134,141,141,139,146,146,144
1,134,11,134,145,145,139,150,150,144
1,134,13,134,147,147,139,152,152,144
1,134,17,134,151,151,139,156,156,144
1,134,19,134,153,153,139,158,158,144
1,135,2,135,137,137,140,142,142,145
1,135,3,135,138,138,140,143,143,145
1,135,5,135,140,140,140,145,145,145
1,135,7,135,142,142,140,147,147,145
1,135,11,135,146,146,140,151,151,145
1,135,13,135,148,148,140,153,153,145
1,135,17,135,152,152,140,157,157,145
1,135,19,135,154,154,140,159,159,145
1,136,2,136,138,138,141,143,143,146
1,136,3,136,139,139,141,144,144,146
1,136,5,136,141,141,141,146,146,146
1,136,7,136,143,143,141,148,148,146
1,136,11,136,147,147,141,152,152,146
1,136,13,136,149,149,141,154,154,146
1,136,17,136,153,153,141,158,158,146
1,136,19,136,155,155,141,160,160,146
1,137,2,137,139,139,142,144,144,147
1,137,3,137,140,140,142,145,145,147
1,137,5,137,142,142,142,147,147,147
1,137,7,137,144,144,142,149,149,147
1,137,11,137,148,148,142,153,153,147
1,137,13,137,150,150,142,155,155,147
1,137,17,137,154,154,142,159,159,147
1,137,19,137,156,156,142,161,161,147
1,138,2,138,140,140,143,145,145,148
1,138,3,138,141,141,143,146,146,148
1,138,5,138,143,143,143,148,148,148
1,138,7,138,145,145,143,150,150,148
1,138,11,138,149,149,143,154,154,148
1,138,13,138,151,151,143,156,156,148
1,138,17,138,155,155,143,160,160,148
1,138,19,138,157,157,143,162,162,148
1,139,2,139,141,141,144,146,146,149
1,139,3,139,142,142,144,147,147,149
1,139,5,139,144,144,144,149,149,149
1,139,7,139,146,146,144,151,151,149
1,139,11,139,150,150,144,155,155,149
1,139,13,139,152,152,144,157,157,149
1,139,17,139,156,156,144,161,161,149
1,139,19,139,158,158,144,163,163,149
1,140,2,140,142,142,145,147,147,150
1,140,3,140,143,143,145,148,148,150
1,140,5,140,145,145,145,150,150,150
1,140,7,140,147,147,145,152,152,150
1,140,11,140,151,151,145,156,156,150
1,140,13,140,153,153,145,158,158,150
1,140,17,140,157,157,145,162,162,150
1,140,19,140,159,159,145,164,164,150
1,141,2,141,143,143,146,148,148,151
1,141,3,141,144,144,146,149,149,151
1,141,5,141,146,146,146,151,151,151
1,141,7,141,148,148,146,153,153,151
1,141,11,141,152,152,146,157,157,151
1,141,13,141,154,154,146,159,159,151
1,141,17,141,158,158,146,163,163,151
1,141,19,141,160,160,146,165,165,151
1,142,2,142,144,144,147,149,149,152
1,142,3,142,145,145,147,150,150,152
1,142,5,142,147,147,147,152,152,152
1,142,7,142,149,149,147,154,154,152
1,142,11,142,153,153,147,158,158,152
1,142,13,142,155,155,147,160,160,152
1,142,17,142,159,159,147,164,164,152
1,142,19,142,161,161,147,166,166,152
1,143,2,143,145,145,148,150,150,153
1,143,3,143,146,146,148,151,151,153
1,143,5,143,148,148,148,153,153,153
1,143,7,143,150,150,148,155,155,153
1,143,11,143,154,154,148,159,159,153
1,143,13,143,156,156,148,161,161,153
1,143,17,143,160,160,148,165,165,153
1,143,19,143,162,162,148,167,167,153
1,144,2,144,146,146,149,151,151,154
1,144,3,144,147,147,149,152,152,154
1,144,5,144,149,149,149,154,154,154
1,144,7,144,151,151,149,156,156,154
1,144,11,144,155,155,149,160,160,154
1,144,13,144,157,157,149,162,162,154
1,144,17,144,161,161,149,166,166,154
1,144,19,144,163,163,149,168,168,154
1,145,2,145,147,147,150,152,152,155
1,145,3,145,148,148,150,153,153,155
1,145,5,145,150,150,150,155,155,155
1,145,7,145,152,152,150,157,157,155
1,145,11,145,156,156,150,161,161,155
1,145,13,145,158,158,150,163,163,155
1,145,17,145,162,162,150,167,167,155
1,145,19,145,164,164,150,169,169,155
1,146,2,146,148,148,151,153,153,156
1,146,3,146,149,149,151,154,154,156
1,146,5,146,151,151,151,156,156,156
1,146,7,146,153,153,151,158,158,156
1,146,11,146,157,157,151,162,162,156
1,146,13,146,159,159,151,164,164,156
1,146,17,146,163,163,151,168,168,156
1,146,19,146,165,165,151,170,170,156
1,147,2,147,149,149,152,154,154,157
1,147,3,147,150,150,152,155,155,157
1,147,5,147,152,152,152,157,157,157
1,147,7,147,154,154,152,159,159,157
1,147,11,147,158,158,152,163,163,157
1,147,13,147,160,160,152,165,165,157
1,147,17,147,164,164,152,169,169,157
1,147,19,147,166,166,152,171,171,157
1,148,2,148,150,150,153,155,155,158
1,148,3,148,151,151,153,156,156,158
1,148,5,148,153,153,153,158,158,158
1,148,7,148,155,155,153,160,160,158
1,148,11,148,159,159,153,164,164,158
1,148,13,148,161,161,153,166,166,158
1,148,17,148,165,165,153,170,170,158
1,148,19,148,167,167,153,172,172,158
1,149,2,149,151,151,154,156,156,159
1,149,3,149,152,152,154,157,157,159
1,149,5,149,154,154,154,159,159,159
1,149,7,149,156,156,154,161,161,159
1,149,11,149,160,160,154,165,165,159
1,149,13,149,162,162,154,167,167,159
1,149,17,149,166,166,154,171,171,159
1,149,19,149,168,168,154,173,173,159
1,150,2,150,152,152,155,157,157,160
1,150,3,150,153,153,155,158,158,160
1,150,5,150,155,155,155,160,160,160
1,150,7,150,157,157,155,162,162,160
1,150,11,150,161,161,155,166,166,160
1,150,13,150,163,163,155,168,168,160
1,150,17,150,167,167,155,172,172,160
1,150,19,150,169,169,155,174,174,160
1,151,2,151,153,153,156,158,158,161
1,151,3,151,154,154,156,159,159,161
1,151,5,151,156,156,156,161,161,161
1,151,7,151,158,158,156,163,163,161
1,151,11,151,162,162,156,167,167,161
1,151,13,151,164,164,156,169,169,161
1,151,17,151,168,168,156,173,173,161
1,151,19,151,170,170,156,175,175,161
1,152,2,152,154,154,157,159,159,162
1,152,3,152,155,155,157,160,160,162
1,152,5,152,157,157,157,162,162,162
1,152,7,152,159,159,157,164,164,162
1,152,11,152,163,163,157,168,168,162
1,152,13,152,165,165,157,170,170,162
1,152,17,152,169,169,157,174,174,162
1,152,19,152,171,171,157,176,176,162
1,153,2,153,155,155,158,160,160,163
1,153,3,153,156,156,158,161,161,163
1,153,5,153,158,158,158,163,163,163
1,153,7,153,160,160,158,165,165,163
1,153,11,153,164,164,158,169,169,163
1,153,13,153,166,166,158,171,171,163
1,153,17,153,170,170,158,175,175,163
1,153,19,153,172,172,158,177,177,163
1,154,2,154,156,156,159,161,161,164
1,154,3,154,157,157,159,162,162,164
1,154,5,154,159,159,159,164,164,164
1,154,7,154,161,161,159,166,166,164
1,154,11,154,165,165,159,170,170,164
1,154,13,154,167,167,159,172,172,164
1,154,17,154,171,171,159,176,176,164
1,154,19,154,173,173,159,178,178,164
1,155,2,155,157,157,160,162,162,165
1,155,3,155,158,158,160,163,163,165
1,155,5,155,160,160,160,165,165,165
1,155,7,155,162,162,160,167,167,165
1,155,11,155,166,166,160,171,171,165
1,155,13,155,168,168,160,173,173,165
1,155,17,155,172,172,160,177,177,165
1,155,19,155,174,174,160,179,179,165
1,156,2,156,158,158,161,163,163,166
1,156,3,156,159,159,161,164,164,166
1,156,5,156,161,161,161,166,166,166
1,156,7,156,163,163,161,168,168,166
1,156,11,156,167,167,161,172,172,166
1,156,13,156,169,169,161,174,174,166
1,156,17,156,173,173,161,178,178,166
1,156,19,156,175,175,161,180,180,166
1,157,2,157,159,159,162,164,164,167
1,157,3,157,160,160,162,165,165,167
1,157,5,157,162,162,162,167,167,167
1,157,7,157,164,164,162,169,169,167
1,157,11,157,168,168,162,173,173,167
1,157,13,157,170,170,162,175,175,167
1,157,17,157,174,174,162,179,179,167
1,157,19,157,176,176,162,181,181,167
1,158,2,158,160,160,163,165,165,168
1,158,3,158,161,161,163,166,166,168
1,158,5,158,163,163,163,168,168,168
1,158,7,158,165,165,163,170,170,168
1,158,11,158,169,169,163,174,174,168
1,158,13,158,171,171,163,176,176,168
1,158,17,158,175,175,163,180,180,168
1,158,19,158,177,177,163,182,182,168
1,159,2,159,161,161,164,166,166,169
1,159,3,159,162,162,164,167,167,169
1,159,5,159,164,164,164,169,169,169
1,159,7,159,166,166,164,171,171,169
1,159,11,159,170,170,164,175,175,169
1,159,13,159,172,172,164,177,177,169
1,159,17,159,176,176,164,181,181,169
1,159,19,159,178,178,164,183,183,169
1,160,2,160,162,162,165,167,167,170
1,160,3,160,163,163,165,168,168,170
1,160,5,160,165,165,165,170,170,170
1,160,7,160,167,167,165,172,172,170
1,160,11,160,171,171,165,176,176,170
1,160,13,160,173,173,165,178,178,170
1,160,17,160,177,177,165,182,182,170
1,160,19,160,179,179,165,184,184,170
1,161,2,161,163,163,166,168,168,171
1,161,3,161,164,164,166,169,169,171
1,161,5,161,166,166,166,171,171,171
1,161,7,161,168,168,166,173,173,171
1,161,11,161,172,172,166,177,177,171
1,161,13,161,174,174,166,179,179,171
1,161,17,161,178,178,166,183,183,171
1,161,19,161,180,180,166,185,185,171
1,162,2,162,164,164,167,169,169,172
1,162,3,162,165,165,167,170,170,172
1,162,5,162,167,167,167,172,172,172
1,162,7,162,169,169,167,174,174,172
1,162,11,162,173,173,167,178,178,172
1,162,13,162,175,175,167,180,180,172
1,162,17,162,179,179,167,184,184,172
1,162,19,162,181,181,167,186,186,172
1,163,2,163,165,165,168,170,170,173
1,163,3,163,166,166,168,171,171,173
1,163,5,163,168,168,168,173,173,173
1,163,7,163,170,170,168,175,175,173
1,163,11,163,174,174,168,179,179,173
1,163,13,163,176,176,168,181,181,173
1,163,17,163,180,180,168,185,185,173
1,163,19,163,182,182,168,187,187,173
1,164,2,164,166,166,169,171,171,174
1,164,3,164,167,167,169,172,172,174
1,164,5,164,169,169,169,174,174,174
1,164,7,164,171,171,169,176,176,174
1,164,11,164,175,175,169,180,180,174
1,164,13,164,177,177,169,182,182,174
1,164,17,164,181,181,169,186,186,174
1,164,19,164,183,183,169,188,188,174
1,165,2,165,167,167,170,172,172,175
1,165,3,165,168,168,170,173,173,175
1,165,5,165,170,170,170,175,175,175
1,165,7,165,172,172,170,177,177,175
1,165,11,165,176,176,170,181,181,175
1,165,13,165,178,178,170,183,183,175
1,165,17,165,182,182,170,187,187,175
1,165,19,165,184,184,170,189,189,175
1,166,2,166,168,168,171,173,173,176
1,166,3,166,169,169,171,174,174,176
1,166,5,166,171,171,171,176,176,176
1,166,7,166,173,173,171,178,178,176
1,166,11,166,177,177,171,182,182,176
1,166,13,166,179,179,171,184,184,176
1,166,17,166,183,183,171,188,188,176
1,166,19,166,185,185,171,190,190,176
1,167,2,167,169,169,172,174,174,177
1,167,3,167,170,170,172,175,175,177
1,167,5,167,172,172,172,177,177,177
1,167,7,167,174,174,172,179,179,177
1,167,11,167,178,178,172,183,183,177
1,167,13,167,180,180,172,185,185,177
1,167,17,167,184,184,172,189,189,177
1,167,19,167,186,186,172,191,191,177
1,168,2,168,170,170,173,175,175,178
1,168,3,168,171,171,173,176,176,178
1,168,5,168,173,173,173,178,178,178
1,168,7,168,175,175,173,180,180,178
1,168,11,168,179,179,173,184,184,178
1,168,13,168,181,181,173,186,186,178
1,168,17,168,185,185,173,190,190,178
1,168,19,168,187,187,173,192,192,178
1,169,2,169,171,171,174,176,176,179
1,169,3,169,172,172,174,177,177,179
1,169,5,169,174,174,174,179,179,179
1,169,7,169,176,176,174,181,181,179
1,169,11,169,180,180,174,185,185,179
1,169,13,169,182,182,174,187,187,179
1,169,17,169,186,186,174,191,191,179
1,169,19,169,188,188,174,193,193,179
1,170,2,170,172,172,175,177,177,180
1,170,3,170,173,173,175,178,178,180
1,170,5,170,175,175,175,180,180,180
1,170,7,170,177,177,175,182,182,180
1,170,11,170,181,181,175,186,186,180
1,170,13,170,183,183,175,188,188,180
1,170,17,170,187,187,175,192,192,180
1,170,19,170,189,189,175,194,194,180
1,171,2,171,173,173,176,178,178,181
1,171,3,171,174,174,176,179,179,181
1,171,5,171,176,176,176,181,181,181
1,171,7,171,178,178,176,183,183,181
1,171,11,171,182,182,176,187,187,181
1,171,13,171,184,184,176,189,189,181
1,171,17,171,188,188,176,193,193,181
1,171,19,171,190,190,176,195,195,181
1,172,2,172,174,174,177,179,179,182
1,172,3,172,175,175,177,180,180,182
1,172,5,172,177,177,177,182,182,182
1,172,7,172,179,179,177,184,184,182
1,172,11,172,183,183,177,188,188,182
1,172,13,172,185,185,177,190,190,182
1,172,17,172,189,189,177,194,194,182
1,172,19,172,191,191,177,196,196,182
1,173,2,173,175,175,178,180,180,183
1,173,3,173,176,176,178,181,181,183
1,173,5,173,178,178,178,183,183,183
1,173,7,173,180,180,178,185,185,183
1,173,11,173,184,184,178,189,189,183
1,173,13,173,186,186,178,191,191,183
1,173,17,173,190,190,178,195,195,183
1,173,19,173,192,192,178,197,197,183
1,174,2,174,176,176,179,181,181,184
1,174,3,174,177,177,179,182,182,184
1,174,5,174,179,179,179,184,184,184
1,174,7,174,181,181,179,186,186,184
1,174,11,174,185,185,179,190,190,184
1,174,13,174,187,187,179,192,192,184
1,174,17,174,191,191,179,196,196,184
1,174,19,174,193,193,179,198,198,184
1,175,2,175,177,177,180,182,182,185
1,175,3,175,178,178,180,183,183,185
1,175,5,175,180,180,180,185,185,185
1,175,7,175,182,182,180,187,187,185
1,175,11,175,186,186,180,191,191,185
1,175,13,175,188,188,180,193,193,185
1,175,17,175,192,192,180,197,197,185
1,175,19,175,194,194,180,199,199,185
1,176,2,176,178,178,181,183,183,186
1,176,3,176,179,179,181,184,184,186
1,176,5,176,181,181,181,186,186,186
1,176,7,176,183,183,181,188,188,186
1,176,11,176,187,187,181,192,192,186
1,176,13,176,189,189,181,194,194,186
1,176,17,176,193,193,181,198,198,186
1,176,19,176,195,195,181,200,200,186
1,177,2,177,179,179,182,184,184,187
1,177,3,177,180,180,182,185,185,187
1,177,5,177,182,182,182,187,187,187
1,177,7,177,184,184,182,189,189,187
1,177,11,177,188,188,182,193,193,187
1,177,13,177,190,190,182,195,195,187
1,177,17,177,194,194,182,199,199,187
1,177,19,177,196,196,182,201,201,187
1,178,2,178,180,180,183,185,185,188
1,178,3,178,181,181,183,186,186,188
1,178,5,178,183,183,183,188,188,188
1,178,7,178,185,185,183,190,190,188
1,178,11,178,189,189,183,194,194,188
1,178,13,178,191,191,183,196,196,188
1,178,17,178,195,195,183,200,200,188
1,178,19,178,197,197,183,202,202,188
1,179,2,179,181,181,184,186,186,189
1,179,3,179,182,182,184,187,187,189
1,179,5,179,184,184,184,189,189,189
1,179,7,179,186,186,184,191,191,189
1,179,11,179,190,190,184,195,195,189
1,179,13,179,192,192,184,197,197,189
1,179,17,179,196,196,184,201,201,189
1,179,19,179,198,198,184,203,203,189
1,180,2,180,182,182,185,187,187,190
1,180,3,180,183,183,185,188,188,190
1,180,5,180,185,185,185,190,190,190
1,180,7,180,187,187,185,192,192,190
1,180,11,180,191,191,185,196,196,190
1,180,13,180,193,193,185,198,198,190
1,180,17,180,197,197,185,202,202,190
1,180,19,180,199,199,185,204,204,190
1,181,2,181,183,183,186,188,188,191
1,181,3,181,184,184,186,189,189,191
1,181,5,181,186,186,186,191,191,191
1,181,7,181,188,188,186,193,193,191
1,181,11,181,192,192,186,197,197,191
1,181,13,181,194,194,186,199,199,191
1,181,17,181,198,198,186,203,203,191
1,181,19,181,200,200,186,205,205,191
1,182,2,182,184,184,187,189,189,192
1,182,3,182,185,185,187,190,190,192
1,182,5,182,187,187,187,192,192,192
1,182,7,182,189,189,187,194,194,192
1,182,11,182,193,193,187,198,198,192
1,182,13,182,195,195,187,200,200,192
1,182,17,182,199,199,187,204,204,192
1,182,19,182,201,201,187,206,206,192
1,183,2,183,185,185,188,190,190,193
1,183,3,183,186,186,188,191,191,193
1,183,5,183,188,188,188,193,193,193
1,183,7,183,190,190,188,195,195,193
1,183,11,183,194,194,188,199,199,193
1,183,13,183,196,196,188,201,201,193
1,183,17,183,200,200,188,205,205,193
1,183,19,183,202,202,188,207,207,193
1,184,2,184,186,186,189,191,191,194
1,184,3,184,187,187,189,192,192,194
1,184,5,184,189,189,189,194,194,194
1,184,7,184,191,191,189,196,196,194
1,184,11,184,195,195,189,200,200,194
1,184,13,184,197,197,189,202,202,194
1,184,17,184,201,201,189,206,206,194
1,184,19,184,203,203,189,208,208,194
1,185,2,185,187,187,190,192,192,195
1,185,3,185,188,188,190,193,193,195
1,185,5,185,190,190,190,195,195,195
1,185,7,185,192,192,190,197,197,195
1,185,11,185,196,196,190,201,201,195
1,185,13,185,198,198,190,203,203,195
1,185,17,185,202,202,190,207,207,195
1,185,19,185,204,204,190,209,209,195
1,186,2,186,188,188,191,193,193,196
1,186,3,186,189,189,191,194,194,196
1,186,5,186,191,191,191,196,196,196
1,186,7,186,193,193,191,198,198,196
1,186,11,186,197,197,191,202,202,196
1,186,13,186,199,199,191,204,204,196
1,186,17,186,203,203,191,208,208,196
1,186,19,186,205,205,191,210,210,196
1,187,2,187,189,189,192,194,194,197
1,187,3,187,190,190,192,195,195,197
1,187,5,187,192,192,192,197,197,197
1,187,7,187,194,194,192,199,199,197
1,187,11,187,198,198,192,203,203,197
1,187,13,187,200,200,192,205,205,197
1,187,17,187,204,204,192,209,209,197
1,187,19,187,206,206,192,211,211,197
1,188,2,188,190,190,193,195,195,198
1,188,3,188,191,191,193,196,196,198
1,188,5,188,193,193,193,198,198,198
1,188,7,188,195,195,193,200,200,198
1,188,11,188,199,199,193,204,204,198
1,188,13,188,201,201,193,206,206,198
1,188,17,188,205,205,193,210,210,198
1,188,19,188,207,207,193,212,212,198
1,189,2,189,191,191,194,196,196,199
1,189,3,189,192,192,194,197,197,199
1,189,5,189,194,194,194,199,199,199
1,189,7,189,196,196,194,201,201,199
1,189,11,189,200,200,194,205,205,199
1,189,13,189,202,202,194,207,207,199
1,189,17,189,206,206,194,211,211,199
1,189,19,189,208,208,194,213,213,199
1,190,2,190,192,192,195,197,197,200
1,190,3,190,193,193,195,198,198,200
1,190,5,190,195,195,195,200,200,200
1,190,7,190,197,197,195,202,202,200
1,190,11,190,201,201,195,206,206,200
1,190,13,190,203,203,195,208,208,200
1,190,17,190,207,207,195,212,212,200
1,190,19,190,209,209,195,214,214,200
1,191,2,191,193,193,196,198,198,201
1,191,3,191,194,194,196,199,199,201
1,191,5,191,196,196,196,201,201,201
1,191,7,191,198,198,196,203,203,201
1,191,11,191,202,202,196,207,207,201
1,191,13,191,204,204,196,209,209,201
1,191,17,191,208,208,196,213,213,201
1,191,19,191,210,210,196,215,215,201
1,192,2,192,194,194,197,199,199,202
1,192,3,192,195,195,197,200,200,202
1,192,5,192,197,197,197,202,202,202
1,192,7,192,199,199,197,204,204,202
1,192,11,192,203,203,197,208,208,202
1,192,13,192,205,205,197,210,210,202
1,192,17,192,209,209,197,214,214,202
1,192,19,192,211,211,197,216,216,202
1,193,2,193,195,195,198,200,200,203
1,193,3,193,196,196,198,201,201,203
1,193,5,193,198,198,198,203,203,203
1,193,7,193,200,200,198,205,205,203
1,193,11,193,204,204,198,209,209,203
1,193,13,193,206,206,198,211,211,203
1,193,17,193,210,210,198,215,215,203
1,193,19,193,212,212,198,217,217,203
1,194,2,194,196,196,199,201,201,204
1,194,3,194,197,197,199,202,202,204
1,194,5,194,199,199,199,204,204,204
1,194,7,194,201,201,199,206,206,204
1,194,11,194,205,205,199,210,210,204
1,194,13,194,207,207,199,212,212,204
1,194,17,194,211,211,199,216,216,204
1,194,19,194,213,213,199,218,218,204
1,195,2,195,197,197,200,202,202,205
1,195,3,195,198,198,200,203,203,205
1,195,5,195,200,200,200,205,205,205
1,195,7,195,202,202,200,207,207,205
1,195,11,195,206,206,200,211,211,205
1,195,13,195,208,208,200,213,213,205
1,195,17,195,212,212,200,217,217,205
1,195,19,195,214,214,200,219,219,205
1,196,2,196,198,198,201,203,203,206
1,196,3,196,199,199,201,204,204,206
1,196,5,196,201,201,201,206,206,206
1,196,7,196,203,203,201,208,208,206
1,196,11,196,207,207,201,212,212,206
1,196,13,196,209,209,201,214,214,206
1,196,17,196,213,213,201,218,218,206
1,196,19,196,215,215,201,220,220,206
1,197,2,197,199,199,202,204,204,207
1,197,3,197,200,200,202,205,205,207
1,197,5,197,202,202,202,207,207,207
1,197,7,197,204,204,202,209,209,207
1,197,11,197,208,208,202,213,213,207
1,197,13,197,210,210,202,215,215,207
1,197,17,197,214,214,202,219,219,207
1,197,19,197,216,216,202,221,221,207
1,198,2,198,200,200,203,205,205,208
1,198,3,198,201,201,203,206,206,208
1,198,5,198,203,203,203,208,208,208
1,198,7,198,205,205,203,210,210,208
1,198,11,198,209,209,203,214,214,208
1,198,13,198,211,211,203,216,216,208
1,198,17,198,215,215,203,220,220,208
1,198,19,198,217,217,203,222,222,208
1,199,2,199,201,201,204,206,206,209
1,199,3,199,202,202,204,207,207,209
1,199,5,199,204,204,204,209,209,209
1,199,7,199,206,206,204,211,211,209
1,199,11,199,210,210,204,215,215,209
1,199,13,199,212,212,204,217,217,209
1,199,17,199,216,216,204,221,221,209
1,199,19,199,218,218,204,223,223,209
1,200,2,200,202,202,205,207,207,210
1,200,3,200,203,203,205,208,208,210
1,200,5,200,205,205,205,210,210,210
1,200,7,200,207,207,205,212,212,210
1,200,11,200,211,211,205,216,216,210
1,200,13,200,213,213,205,218,218,210
1,200,17,200,217,217,205,222,222,210
1,200,19,200,219,219,205,224,224,210
1,201,2,201,203,203,206,208,208,211
1,201,3,201,204,204,206,209,209,211
1,201,5,201,206,206,206,211,211,211
1,201,7,201,208,208,206,213,213,211
1,201,11,201,212,212,206,217,217,211
1,201,13,201,214,214,206,219,219,211
1,201,17,201,218,218,206,223,223,211
1,201,19,201,220,220,206,225,225,211
1,202,2,202,204,204,207,209,209,212
1,202,3,202,205,205,207,210,210,212
1,202,5,202,207,207,207,212,212,212
1,202,7,202,209,209,207,214,214,212
1,202,11,202,213,213,207,218,218,212
1,202,13,202,215,215,207,220,220,212
1,202,17,202,219,219,207,224,224,212
1,202,19,202,221,221,207,226,226,212
1,203,2,203,205,205,208,210,210,213
1,203,3,203,206,206,208,211,211,213
1,203,5,203,208,208,208,213,213,213
1,203,7,203,210,210,208,215,215,213
1,203,11,203,214,214,208,219,219,213
1,203,13,203,216,216,208,221,221,213
1,203,17,203,220,220,208,225,225,213
1,203,19,203,222,222,208,227,227,213
1,204,2,204,206,206,209,211,211,214
1,204,3,204,207,207,209,212,212,214
1,204,5,204,209,209,209,214,214,214
1,204,7,204,211,211,209,216,216,214
1,204,11,204,215,215,209,220,220,214
1,204,13,204,217,217,209,222,222,214
1,204,17,204,221,221,209,226,226,214
1,204,19,204,223,223,209,228,228,214
1,205,2,205,207,207,210,212,212,215
1,205,3,205,208,208,210,213,213,215
1,205,5,205,210,210,210,215,215,215
1,205,7,205,212,212,210,217,217,215
1,205,11,205,216,216,210,221,221,215
1,205,13,205,218,218,210,223,223,215
1,205,17,205,222,222,210,227,227,215
1,205,19,205,224,224,210,229,229,215
1,206,2,206,208,208,211,213,213,216
1,206,3,206,209,209,211,214,214,216
1,206,5,206,211,211,211,216,216,216
1,206,7,206,213,213,211,218,218,216
1,206,11,206,217,217,211,222,222,216
1,206,13,206,219,219,211,224,224,216
1,206,17,206,223,223,211,228,228,216
1,206,19,206,225,225,211,230,230,216
1,207,2,207,209,209,212,214,214,217
1,207,3,207,210,210,212,215,215,217
1,207,5,207,212,212,212,217,217,217
1,207,7,207,214,214,212,219,219,217
1,207,11,207,218,218,212,223,223,217
1,207,13,207,220,220,212,225,225,217
1,207,17,207,224,224,212,229,229,217
1,207,19,207,226,226,212,231,231,217
1,208,2,208,210,210,213,215,215,218
1,208,3,208,211,211,213,216,216,218
1,208,5,208,213,213,213,218,218,218
1,208,7,208,215,215,213,220,220,218
1,208,11,208,219,219,213,224,224,218
1,208,13,208,221,221,213,226,226,218
1,208,17,208,225,225,213,230,230,218
1,208,19,208,227,227,213,232,232,218
1,209,2,209,211,211,214,216,216,219
1,209,3,209,212,212,214,217,217,219
1,209,5,209,214,214,214,219,219,219
1,209,7,209,216,216,214,221,221,219
1,209,11,209,220,220,214,225,225,219
1,209,13,209,222,222,214,227,227,219
1,209,17,209,226,226,214,231,231,219
1,209,19,209,228,228,214,233,233,219
1,210,2,210,212,212,215,217,217,220
1,210,3,210,213,213,215,218,218,220
1,210,5,210,215,215,215,220,220,220
1,210,7,210,217,217,215,222,222,220
1,210,11,210,221,221,215,226,226,220
1,210,13,210,223,223,215,228,228,220
1,210,17,210,227,227,215,232,232,220
1,210,19,210,229,229,215,234,234,220
1,211,2,211,213,213,216,218,218,221
1,211,3,211,214,214,216,219,219,221
1,211,5,211,216,216,216,221,221,221
1,211,7,211,218,218,216,223,223,221
1,211,11,211,222,222,216,227,227,221
1,211,13,211,224,224,216,229,229,221
1,211,17,211,228,228,216,233,233,221
1,211,19,211,230,230,216,235,235,221
1,212,2,212,214,214,217,219,219,222
1,212,3,212,215,215,217,220,220,222
1,212,5,212,217,217,217,222,222,222
1,212,7,212,219,219,217,224,224,222
1,212,11,212,223,223,217,228,228,222
1,212,13,212,225,225,217,230,230,222
1,212,17,212,229,229,217,234,234,222
1,212,19,212,231,231,217,236,236,222
1,213,2,213,215,215,218,220,220,223
1,213,3,213,216,216,218,221,221,223
1,213,5,213,218,218,218,223,223,223
1,213,7,213,220,220,218,225,225,223
1,213,11,213,224,224,218,229,229,223
1,213,13,213,226,226,218,231,231,223
1,213,17,213,230,230,218,235,235,223
1,213,19,213,232,232,218,237,237,223
1,214,2,214,216,216,219,221,221,224
1,214,3,214,217,217,219,222,222,224
1,214,5,214,219,219,219,224,224,224
1,214,7,214,221,221,219,226,226,224
1,214,11,214,225,225,219,230,230,224
1,214,13,214,227,227,219,232,232,224
1,214,17,214,231,231,219,236,236,224
1,214,19,214,233,233,219,238,238,224
1,215,2,215,217,217,220,222,222,225
1,215,3,215,218,218,220,223,223,225
1,215,5,215,220,220,220,225,225,225
1,215,7,215,222,222,220,227,227,225
1,215,11,215,226,226,220,231,231,225
1,215,13,215,228,228,220,233,233,225
1,215,17,215,232,232,220,237,237,225
1,215,19,215,234,234,220,239,239,225
1,216,2,216,218,218,221,223,223,226
1,216,3,216,219,219,221,224,224,226
1,216,5,216,221,221,221,226,226,226
1,216,7,216,223,223,221,228,228,226
1,216,11,216,227,227,221,232,232,226
1,216,13,216,229,229,221,234,234,226
1,216,17,216,233,233,221,238,238,226
1,216,19,216,235,235,221,240,240,226
1,217,2,217,219,219,222,224,224,227
1,217,3,217,220,220,222,225,225,227
1,217,5,217,222,222,222,227,227,227
1,217,7,217,224,224,222,229,229,227
1,217,11,217,228,228,222,233,233,227
1,217,13,217,230,230,222,235,235,227
1,217,17,217,234,234,222,239,239,227
1,217,19,217,236,236,222,241,241,227
1,218,2,218,220,220,223,225,225,228
1,218,3,218,221,221,223,226,226,228
1,218,5,218,223,223,223,228,228,228
1,218,7,218,225,225,223,230,230,228
1,218,11,218,229,229,223,234,234,228
1,218,13,218,231,231,223,236,236,228
1,218,17,218,235,235,223,240,240,228
1,218,19,218,237,237,223,242,242,228
1,219,2,219,221,221,224,226,226,229
1,219,3,219,222,222,224,227,227,229
1,219,5,219,224,224,224,229,229,229
1,219,7,219,226,226,224,231,231,229
1,219,11,219,230,230,224,235,235,229
1,219,13,219,232,232,224,237,237,229
1,219,17,219,236,236,224,241,241,229
1,219,19,219,238,238,224,243,243,229
1,220,2,220,222,222,225,227,227,230
1,220,3,220,223,223,225,228,228,230
1,220,5,220,225,225,225,230,230,230
1,220,7,220,227,227,225,232,232,230
1,220,11,220,231,231,225,236,236,230
1,220,13,220,233,233,225,238,238,230
1,220,17,220,237,237,225,242,242,230
1,220,19,220,239,239,225,244,244,230
1,221,2,221,223,223,226,228,228,231
1,221,3,221,224,224,226,229,229,231
1,221,5,221,226,226,226,231,231,231
1,221,7,221,228,228,226,233,233,231
1,221,11,221,232,232,226,237,237,231
1,221,13,221,234,234,226,239,239,231
1,221,17,221,238,238,226,243,243,231
1,221,19,221,240,240,226,245,245,231
1,222,2,222,224,224,227,229,229,232
1,222,3,222,225,225,227,230,230,232
1,222,5,222,227,227,227,232,232,232
1,222,7,222,229,229,227,234,234,232
1,222,11,222,233,233,227,238,238,232
1,222,13,222,235,235,227,240,240,232
1,222,17,222,239,239,227,244,244,232
1,222,19,222,241,241,227,246,246,232
1,223,2,223,225,225,228,230,230,233
1,223,3,223,226,226,228,231,231,233
1,223,5,223,228,228,228,233,233,233
1,223,7,223,230,230,228,235,235,233
1,223,11,223,234,234,228,239,239,233
1,223,13,223,236,236,228,241,241,233
1,223,17,223,240,240,228,245,245,233
1,223,19,223,242,242,228,247,247,233
1,224,2,224,226,226,229,231,231,234
1,224,3,224,227,227,229,232,232,234
1,224,5,224,229,229,229,234,234,234
1,224,7,224,231,231,229,236,236,234
1,224,11,224,235,235,229,240,240,234
1,224,13,224,237,237,229,242,242,234
1,224,17,224,241,241,229,246,246,234
1,224,19,224,243,243,229,248,248,234
1,225,2,225,227,227,230,232,232,235
1,225,3,225,228,228,230,233,233,235
1,225,5,225,230,230,230,235,235,235
1,225,7,225,232,232,230,237,237,235
1,225,11,225,236,236,230,241,241,235
1,225,13,225,238,238,230,243,243,235
1,225,17,225,242,242,230,247,247,235
1,225,19,225,244,244,230,249,249,235
1,226,2,226,228,228,231,233,233,236
1,226,3,226,229,229,231,234,234,236
1,226,5,226,231,231,231,236,236,236
1,226,7,226,233,233,231,238,238,236
1,226,11,226,237,237,231,242,242,236
1,226,13,226,239,239,231,244,244,236
1,226,17,226,243,243,231,248,248,236
1,226,19,226,245,245,231,250,250,236
1,227,2,227,229,229,232,234,234,237
1,227,3,227,230,230,232,235,235,237
1,227,5,227,232,232,232,237,237,237
1,227,7,227,234,234,232,239,239,237
1,227,11,227,238,238,232,243,243,237
1,227,13,227,240,240,232,245,245,237
1,227,17,227,244,244,232,249,249,237
1,227,19,227,246,246,232,251,251,237
1,228,2,228,230,230,233,235,235,238
1,228,3,228,231,231,233,236,236,238
1,228,5,228,233,233,233,238,238,238
1,228,7,228,235,235,233,240,240,238
1,228,11,228,239,239,233,244,244,238
1,228,13,228,241,241,233,246,246,238
1,228,17,228,245,245,233,250,250,238
1,228,19,228,247,247,233,252,252,238
1,229,2,229,231,231,234,236,236,239
1,229,3,229,232,232,234,237,237,239
1,229,5,229,234,234,234,239,239,239
1,229,7,229,236,236,234,241,241,239
1,229,11,229,240,240,234,245,245,239
1,229,13,229,242,242,234,247,247,239
1,229,17,229,246,246,234,251,251,239
1,229,19,229,248,248,234,253,253,239
1,230,2,230,232,232,235,237,237,240
1,230,3,230,233,233,235,238,238,240
1,230,5,230,235,235,235,240,240,240
1,230,7,230,237,237,235,242,242,240
1,230,11,230,241,241,235,246,246,240
1,230,13,230,243,243,235,248,248,240
1,230,17,230,247,247,235,252,252,240
1,230,19,230,249,249,235,254,254,240
1,231,2,231,233,233,236,238,238,241
1,231,3,231,234,234,236,239,239,241
1,231,5,231,236,236,236,241,241,241
1,231,7,231,238,238,236,243,243,241
1,231,11,231,242,242,236,247,247,241
1,231,13,231,244,244,236,249,249,241
1,231,17,231,248,248,236,253,253,241
1,231,19,231,250,250,236,255,255,241
1,232,2,232,234,234,237,239,239,242
1,232,3,232,235,235,237,240,240,242
1,232,5,232,237,237,237,242,242,242
1,232,7,232,239,239,237,244,244,242
1,232,11,232,243,243,237,248,248,242
1,232,13,232,245,245,237,250,250,242
1,232,17,232,249,249,237,254,254,242
1,232,19,232,251,251,237,256,256,242
1,233,2,233,235,235,238,240,240,243
1,233,3,233,236,236,238,241,241,243
1,233,5,233,238,238,238,243,243,243
1,233,7,233,240,240,238,245,245,243
1,233,11,233,244,244,238,249,249,243
1,233,13,233,246,246,238,251,251,243
1,233,17,233,250,250,238,255,255,243
1,233,19,233,252,252,238,257,257,243
1,234,2,234,236,236,239,241,241,244
1,234,3,234,237,237,239,242,242,244
1,234,5,234,239,239,239,244,244,244
1,234,7,234,241,241,239,246,246,244
1,234,11,234,245,245,239,250,250,244
1,234,13,234,247,247,239,252,252,244
1,234,17,234,251,251,239,256,256,244
1,234,19,234,253,253,239,258,258,244
1,235,2,235,237,237,240,242,242,245
1,235,3,235,238,238,240,243,243,245
1,235,5,235,240,240,240,245,245,245
1,235,7,235,242,242,240,247,247,245
1,235,11,235,246,246,240,251,251,245
1,235,13,235,248,248,240,253,253,245
1,235,17,235,252,252,240,257,257,245
1,235,19,235,254,254,240,259,259,245
1,236,2,236,238,238,241,243,243,246
1,236,3,236,239,239,241,244,244,246
1,236,5,236,241,241,241,246,246,246
1,236,7,236,243,243,241,248,248,246
1,236,11,236,247,247,241,252,252,246
1,236,13,236,249,249,241,254,254,246
1,236,17,236,253,253,241,258,258,246
1,236,19,236,255,255,241,260,260,246
1,237,2,237,239,239,242,244,244,247
1,237,3,237,240,240,242,245,245,247
1,237,5,237,242,242,242,247,247,247
1,237,7,237,244,244,242,249,249,247
1,237,11,237,248,248,242,253,253,247
1,237,13,237,250,250,242,255,255,247
1,237,17,237,254,254,242,259,259,247
1,237,19,237,256,256,242,261,261,247
1,238,2,238,240,240,243,245,245,248
1,238,3,238,241,241,243,246,246,248
1,238,5,238,243,243,243,248,248,248
1,238,7,238,245,245,243,250,250,248
1,238,11,238,249,249,243,254,254,248
1,238,13,238,251,251,243,256,256,248
1,238,17,238,255,255,243,260,260,248
1,238,19,238,257,257,243,262,262,248
1,239,2,239,241,241,244,246,246,249
1,239,3,239,242,242,244,247,247,249
1,239,5,239,244,244,244,249,249,249
1,239,7,239,246,246,244,251,251,249
1,239,11,239,250,250,244,255,255,249
1,239,13,239,252,252,244,257,257,249
1,239,17,239,256,256,244,261,261,249
1,239,19,239,258,258,244,263,263,249
1,240,2,240,242,242,245,247,247,250
1,240,3,240,243,243,245,248,248,250
1,240,5,240,245,245,245,250,250,250
1,240,7,240,247,247,245,252,252,250
1,240,11,240,251,251,245,256,256,250
1,240,13,240,253,253,245,258,258,250
1,240,17,240,257,257,245,262,262,250
1,240,19,240,259,259,245,264,264,250
1,241,2,241,243,243,246,248,248,251
1,241,3,241,244,244,246,249,249,251
1,241,5,241,246,246,246,251,251,251
1,241,7,241,248,248,246,253,253,251
1,241,11,241,252,252,246,257,257,251
1,241,13,241,254,254,246,259,259,251
1,241,17,241,258,258,246,263,263,251
1,241,19,241,260,260,246,265,265,251
1,242,2,242,244,244,247,249,249,252
1,242,3,242,245,245,247,250,250,252
1,242,5,242,247,247,247,252,252,252
1,242,7,242,249,249,247,254,254,252
1,242,11,242,253,253,247,258,258,252
1,242,13,242,255,255,247,260,260,252
1,242,17,242,259,259,247,264,264,252
1,242,19,242,261,261,247,266,266,252
1,243,2,243,245,245,248,250,250,253
1,243,3,243,246,246,248,251,251,253
1,243,5,243,248,248,248,253,253,253
1,243,7,243,250,250,248,255,255,253
1,243,11,243,254,254,248,259,259,253
1,243,13,243,256,256,248,261,261,253
1,243,17,243,260,260,248,265,265,253
1,243,19,243,262,262,248,267,267,253
1,244,2,244,246,246,249,251,251,254
1,244,3,244,247,247,249,252,252,254
1,244,5,244,249,249,249,254,254,254
1,244,7,244,251,251,249,256,256,254
1,244,11,244,255,255,249,260,260,254
1,244,13,244,257,257,249,262,262,254
1,244,17,244,261,261,249,266,266,254
1,244,19,244,263,263,249,268,268,254
1,245,2,245,247,247,250,252,252,255
1,245,3,245,248,248,250,253,253,255
1,245,5,245,250,250,250,255,255,255
1,245,7,245,252,252,250,257,257,255
1,245,11,245,256,256,250,261,261,255
1,245,13,245,258,258,250,263,263,255
1,245,17,245,262,262,250,267,267,255
1,245,19,245,264,264,250,269,269,255
1,246,2,246,248,248,251,253,253,256
1,246,3,246,249,249,251,254,254,256
1,246,5,246,251,251,251,256,256,256
1,246,7,246,253,253,251,258,258,256
1,246,11,246,257,257,251,262,262,256
1,246,13,246,259,259,251,264,264,256
1,246,17,246,263,263,251,268,268,256
1,246,19,246,265,265,251,270,270,256
1,247,2,247,249,249,252,254,254,257
1,247,3,247,250,250,252,255,255,257
1,247,5,247,252,252,252,257,257,257
1,247,7,247,254,254,252,259,259,257
1,247,11,247,258,258,252,263,263,257
1,247,13,247,260,260,252,265,265,257
1,247,17,247,264,264,252,269,269,257
1,247,19,247,266,266,252,271,271,257
1,248,2,248,250,250,253,255,255,258
1,248,3,248,251,251,253,256,256,258
1,248,5,248,253,253,253,258,258,258
1,248,7,248,255,255,253,260,260,258
1,248,11,248,259,259,253,264,264,258
1,248,13,248,261,261,253,266,266,258
1,248,17,248,265,265,253,270,270,258
1,248,19,248,267,267,253,272,272,258
1,249,2,249,251,251,254,256,256,259
1,249,3,249,252,252,254,257,257,259
1,249,5,249,254,254,254,259,259,259
1,249,7,249,256,256,254,261,261,259
1,249,11,249,260,260,254,265,265,259
1,249,13,249,262,262,254,267,267,259
1,249,17,249,266,266,254,271,271,259
1,249,19,249,268,268,254,273,273,259
1,250,2,250,252,252,255,257,257,260
1,250,3,250,253,253,255,258,258,260
1,250,5,250,255,255,255,260,260,260
1,250,7,250,257,257,255,262,262,260
1,250,11,250,261,261,255,266,266,260
1,250,13,250,263,263,255,268,268,260
1,250,17,250,267,267,255,272,272,260
1,250,19,250,269,269,255,274,274,260
1,251,2,251,253,253,256,258,258,261
1,251,3,251,254,254,256,259,259,261
1,251,5,251,256,256,256,261,261,261
1,251,7,251,258,258,256,263,263,261
1,251,11,251,262,262,256,267,267,261
1,251,13,251,264,264,256,269,269,261
1,251,17,251,268,268,256,273,273,261
1,251,19,251,270,270,256,275,275,261
1,252,2,252,254,254,257,259,259,262
1,252,3,252,255,255,257,260,260,262
1,252,5,252,257,257,257,262,262,262
1,252,7,252,259,259,257,264,264,262
1,252,11,252,263,263,257,268,268,262
1,252,13,252,265,265,257,270,270,262
1,252,17,252,269,269,257,274,274,262
1,252,19,252,271,271,257,276,276,262
1,253,2,253,255,255,258,260,260,263
1,253,3,253,256,256,258,261,261,263
1,253,5,253,258,258,258,263,263,263
1,253,7,253,260,260,258,265,265,263
1,253,11,253,264,264,258,269,269,263
1,253,13,253,266,266,258,271,271,263
1,253,17,253,270,270,258,275,275,263
1,253,19,253,272,272,258,277,277,263
1,254,2,254,256,256,259,261,261,264
1,254,3,254,257,257,259,262,262,264
1,254,5,254,259,259,259,264,264,264
1,254,7,254,261,261,259,266,266,264
1,254,11,254,265,265,259,270,270,264
1,254,13,254,267,267,259,272,272,264
1,254,17,254,271,271,259,276,276,264
1,254,19,254,273,273,259,278,278,264
1,255,2,255,257,257,260,262,262,265
1,255,3,255,258,258,260,263,263,265
1,255,5,255,260,260,260,265,265,265
1,255,7,255,262,262,260,267,267,265
1,255,11,255,266,266,260,271,271,265
1,255,13,255,268,268,260,273,273,265
1,255,17,255,272,272,260,277,277,265
1,255,19,255,274,274,260,279,279,265
1,256,2,256,258,258,261,263,263,266
1,256,3,256,259,259,261,264,264,266
1,256,5,256,261,261,261,266,266,266
1,256,7,256,263,263,261,268,268,266
1,256,11,256,267,267,261,272,272,266
1,256,13,256,269,269,261,274,274,266
1,256,17,256,273,273,261,278,278,266
1,256,19,256,275,275,261,280,280,266
1,257,2,257,259,259,262,264,264,267
1,257,3,257,260,260,262,265,265,267
1,257,5,257,262,262,262,267,267,267
1,257,7,257,264,264,262,269,269,267
1,257,11,257,268,268,262,273,273,267
1,257,13,257,270,270,262,275,275,267
1,257,17,257,274,274,262,279,279,267
1,257,19,257,276,276,262,281,281,267
1,258,2,258,260,260,263,265,265,268
1,258,3,258,261,261,263,266,266,268
1,258,5,258,263,263,263,268,268,268
1,258,7,258,265,265,263,270,270,268
1,258,11,258,269,269,263,274,274,268
1,258,13,258,271,271,263,276,276,268
1,258,17,258,275,275,263,280,280,268
1,258,19,258,277,277,263,282,282,268
1,259,2,259,261,261,264,266,266,269
1,259,3,259,262,262,264,267,267,269
1,259,5,259,264,264,264,269,269,269
1,259,7,259,266,266,264,271,271,269
1,259,11,259,270,270,264,275,275,269
1,259,13,259,272,272,264,277,277,269
1,259,17,259,276,276,264,281,281,269
1,259,19,259,278,278,264,283,283,269
1,260,2,260,262,262,265,267,267,270
1,260,3,260,263,263,265,268,268,270
1,260,5,260,265,265,265,270,270,270
1,260,7,260,267,267,265,272,272,270
1,260,11,260,271,271,265,276,276,270
1,260,13,260,273,273,265,278,278,270
1,260,17,260,277,277,265,282,282,270
1,260,19,260,279,279,265,284,284,270
1,261,2,261,263,263,266,268,268,271
1,261,3,261,264,264,266,269,269,271
1,261,5,261,266,266,266,271,271,271
1,261,7,261,268,268,266,273,273,271
1,261,11,261,272,272,266,277,277,271
1,261,13,261,274,274,266,279,279,271
1,261,17,261,278,278,266,283,283,271
1,261,19,261,280,280,266,285,285,271
1,262,2,262,264,264,267,269,269,272
1,262,3,262,265,265,267,270,270,272
1,262,5,262,267,267,267,272,272,272
1,262,7,262,269,269,267,274,274,272
1,262,11,262,273,273,267,278,278,272
1,262,13,262,275,275,267,280,280,272
1,262,17,262,279,279,267,284,284,272
1,262,19,262,281,281,267,286,286,272
1,263,2,263,265,265,268,270,270,273
1,263,3,263,266,266,268,271,271,273
1,263,5,263,268,268,268,273,273,273
1,263,7,263,270,270,268,275,275,273
1,263,11,263,274,274,268,279,279,273
1,263,13,263,276,276,268,281,281,273
1,263,17,263,280,280,268,285,285,273
1,263,19,263,282,282,268,287,287,273
1,264,2,264,266,266,269,271,271,274
1,264,3,264,267,267,269,272,272,274
1,264,5,264,269,269,269,274,274,274
1,264,7,264,271,271,269,276,276,274
1,264,11,264,275,275,269,280,280,274
1,264,13,264,277,277,269,282,282,274
1,264,17,264,281,281,269,286,286,274
1,264,19,264,283,283,269,288,288,274
1,265,2,265,267,267,270,272,272,275
1,265,3,265,268,268,270,273,273,275
1,265,5,265,270,270,270,275,275,275
1,265,7,265,272,272,270,277,277,275
1,265,11,265,276,276,270,281,281,275
1,265,13,265,278,278,270,283,283,275
1,265,17,265,282,282,270,287,287,275
1,265,19,265,284,284,270,289,289,275
1,266,2,266,268,268,271,273,273,276
1,266,3,266,269,269,271,274,274,276
1,266,5,266,271,271,271,276,276,276
1,266,7,266,273,273,271,278,278,276
1,266,11,266,277,277,271,282,282,276
1,266,13,266,279,279,271,284,284,276
1,266,17,266,283,283,271,288,288,276
1,266,19,266,285,285,271,290,290,276
1,267,2,267,269,269,272,274,274,277
1,267,3,267,270,270,272,275,275,277
1,267,5,267,272,272,272,277,277,277
1,267,7,267,274,274,272,279,279,277
1,267,11,267,278,278,272,283,283,277
1,267,13,267,280,280,272,285,285,277
1,267,17,267,284,284,272,289,289,277
1,267,19,267,286,286,272,291,291,277
1,268,2,268,270,270,273,275,275,278
1,268,3,268,271,271,273,276,276,278
1,268,5,268,273,273,273,278,278,278
1,268,7,268,275,275,273,280,280,278
1,268,11,268,279,279,273,284,284,278
1,268,13,268,281,281,273,286,286,278
1,268,17,268,285,285,273,290,290,278
1,268,19,268,287,287,273,292,292,278
1,269,2,269,271,271,274,276,276,279
1,269,3,269,272,272,274,277,277,279
1,269,5,269,274,274,274,279,279,279
1,269,7,269,276,276,274,281,281,279
1,269,11,269,280,280,274,285,285,279
1,269,13,269,282,282,274,287,287,279
1,269,17,269,286,286,274,291,291,279
1,269,19,269,288,288,274,293,293,279
1,270,2,270,272,272,275,277,277,280
1,270,3,270,273,273,275,278,278,280
1,270,5,270,275,275,275,280,280,280
1,270,7,270,277,277,275,282,282,280
1,270,11,270,281,281,275,286,286,280
1,270,13,270,283,283,275,288,288,280
1,270,17,270,287,287,275,292,292,280
1,270,19,270,289,289,275,294,294,280
1,271,2,271,273,273,276,278,278,281
1,271,3,271,274,274,276,279,279,281
1,271,5,271,276,276,276,281,281,281
1,271,7,271,278,278,276,283,283,281
1,271,11,271,282,282,276,287,287,281
1,271,13,271,284,284,276,289,289,281
1,271,17,271,288,288,276,293,293,281
1,271,19,271,290,290,276,295,295,281
1,272,2,272,274,274,277,279,279,282
1,272,3,272,275,275,277,280,280,282
1,272,5,272,277,277,277,282,282,282
1,272,7,272,279,279,277,284,284,282
1,272,11,272,283,283,277,288,288,282
1,272,13,272,285,285,277,290,290,282
1,272,17,272,289,289,277,294,294,282
1,272,19,272,291,291,277,296,296,282
1,273,2,273,275,275,278,280,280,283
1,273,3,273,276,276,278,281,281,283
1,273,5,273,278,278,278,283,283,283
1,273,7,273,280,280,278,285,285,283
1,273,11,273,284,284,278,289,289,283
1,273,13,273,286,286,278,291,291,283
1,273,17,273,290,290,278,295,295,283
1,273,19,273,292,292,278,297,297,283
1,274,2,274,276,276,279,281,281,284
1,274,3,274,277,277,279,282,282,284
1,274,5,274,279,279,279,284,284,284
1,274,7,274,281,281,279,286,286,284
1,274,11,274,285,285,279,290,290,284
1,274,13,274,287,287,279,292,292,284
1,274,17,274,291,291,279,296,296,284
1,274,19,274,293,293,279,298,298,284
1,275,2,275,277,277,280,282,282,285
1,275,3,275,278,278,280,283,283,285
1,275,5,275,280,280,280,285,285,285
1,275,7,275,282,282,280,287,287,285
1,275,11,275,286,286,280,291,291,285
1,275,13,275,288,288,280,293,293,285
1,275,17,275,292,292,280,297,297,285
1,275,19,275,294,294,280,299,299,285
1,276,2,276,278,278,281,283,283,286
1,276,3,276,279,279,281,284,284,286
1,276,5,276,281,281,281,286,286,286
1,276,7,276,283,283,281,288,288,286
1,276,11,276,287,287,281,292,292,286
1,276,13,276,289,289,281,294,294,286
1,276,17,276,293,293,281,298,298,286
1,276,19,276,295,295,281,300,300,286
1,277,2,277,279,279,282,284,284,287
1,277,3,277,280,280,282,285,285,287
1,277,5,277,282,282,282,287,287,287
1,277,7,277,284,284,282,289,289,287
1,277,11,277,288,288,282,293,293,287
1,277,13,277,290,290,282,295,295,287
1,277,17,277,294,294,282,299,299,287
1,277,19,277,296,296,282,301,301,287
1,278,2,278,280,280,283,285,285,288
1,278,3,278,281,281,283,286,286,288
1,278,5,278,283,283,283,288,288,288
1,278,7,278,285,285,283,290,290,288
1,278,11,278,289,289,283,294,294,288
1,278,13,278,291,291,283,296,296,288
1,278,17,278,295,295,283,300,300,288
1,278,19,278,297,297,283,302,302,288
1,279,2,279,281,281,284,286,286,289
1,279,3,279,282,282,284,287,287,289
1,279,5,279,284,284,284,289,289,289
1,279,7,279,286,286,284,291,291,289
1,279,11,279,290,290,284,295,295,289
1,279,13,279,292,292,284,297,297,289
1,279,17,279,296,296,284,301,301,289
1,279,19,279,298,298,284,303,303,289
1,280,2,280,282,282,285,287,287,290
1,280,3,280,283,283,285,288,288,290
1,280,5,280,285,285,285,290,290,290
1,280,7,280,287,287,285,292,292,290
1,280,11,280,291,291,285,296,296,290
1,280,13,280,293,293,285,298,298,290
1,280,17,280,297,297,285,302,302,290
1,280,19,280,299,299,285,304,304,290
1,281,2,281,283,283,286,288,288,291
1,281,3,281,284,284,286,289,289,291
1,281,5,281,286,286,286,291,291,291
1,281,7,281,288,288,286,293,293,291
1,281,11,281,292,292,286,297,297,291
1,281,13,281,294,294,286,299,299,291
1,281,17,281,298,298,286,303,303,291
1,281,19,281,300,300,286,305,305,291
1,282,2,282,284,284,287,289,289,292
1,282,3,282,285,285,287,290,290,292
1,282,5,282,287,287,287,292,292,292
1,282,7,282,289,289,287,294,294,292
1,282,11,282,293,293,287,298,298,292
1,282,13,282,295,295,287,300,300,292
1,282,17,282,299,299,287,304,304,292
1,282,19,282,301,301,287,306,306,292
1,283,2,283,285,285,288,290,290,293
1,283,3,283,286,286,288,291,291,293
1,283,5,283,288,288,288,293,293,293
1,283,7,283,290,290,288,295,295,293
1,283,11,283,294,294,288,299,299,293
1,283,13,283,296,296,288,301,301,293
1,283,17,283,300,300,288,305,305,293
1,283,19,283,302,302,288,307,307,293
1,284,2,284,286,286,289,291,291,294
1,284,3,284,287,287,289,292,292,294
1,284,5,284,289,289,289,294,294,294
1,284,7,284,291,291,289,296,296,294
1,284,11,284,295,295,289,300,300,294
1,284,13,284,297,297,289,302,302,294
1,284,17,284,301,301,289,306,306,294
1,284,19,284,303,303,289,308,308,294
1,285,2,285,287,287,290,292,292,295
1,285,3,285,288,288,290,293,293,295
1,285,5,285,290,290,290,295,295,295
1,285,7,285,292,292,290,297,297,295
1,285,11,285,296,296,290,301,301,295
1,285,13,285,298,298,290,303,303,295
1,285,17,285,302,302,290,307,307,295
1,285,19,285,304,304,290,309,309,295
1,286,2,286,288,288,291,293,293,296
1,286,3,286,289,289,291,294,294,296
1,286,5,286,291,291,291,296,296,296
1,286,7,286,293,293,291,298,298,296
1,286,11,286,297,297,291,302,302,296
1,286,13,286,299,299,291,304,304,296
1,286,17,286,303,303,291,308,308,296
1,286,19,286,305,305,291,310,310,296
1,287,2,287,289,289,292,294,294,297
1,287,3,287,290,290,292,295,295,297
1,287,5,287,292,292,292,297,297,297
1,287,7,287,294,294,292,299,299,297
1,287,11,287,298,298,292,303,303,297
1,287,13,287,300,300,292,305,305,297
1,287,17,287,304,304,292,309,309,297
1,287,19,287,306,306,292,311,311,297
1,288,2,288,290,290,293,295,295,298
1,288,3,288,291,291,293,296,296,298
1,288,5,288,293,293,293,298,298,298
1,288,7,288,295,295,293,300,300,298
1,288,11,288,299,299,293,304,304,298
1,288,13,288,301,301,293,306,306,298
1,288,17,288,305,305,293,310,310,298
1,288,19,288,307,307,293,312,312,298
1,289,2,289,291,291,294,296,296,299
1,289,3,289,292,292,294,297,297,299
1,289,5,289,294,294,294,299,299,299
1,289,7,289,296,296,294,301,301,299
1,289,11,289,300,300,294,305,305,299
1,289,13,289,302,302,294,307,307,299
1,289,17,289,306,306,294,311,311,299
1,289,19,289,308,308,294,313,313,299
1,290,2,290,292,292,295,297,297,300
1,290,3,290,293,293,295,298,298,300
1,290,5,290,295,295,295,300,300,300
1,290,7,290,297,297,295,302,302,300
1,290,11,290,301,301,295,306,306,300
1,290,13,290,303,303,295,308,308,300
1,290,17,290,307,307,295,312,312,300
1,290,19,290,309,309,295,314,314,300
1,291,2,291,293,293,296,298,298,301
1,291,3,291,294,294,296,299,299,301
1,291,5,291,296,296,296,301,301,301
1,291,7,291,298,298,296,303,303,301
1,291,11,291,302,302,296,307,307,301
1,291,13,291,304,304,296,309,309,301
1,291,17,291,308,308,296,313,313,301
1,291,19,291,310,310,296,315,315,301
1,292,2,292,294,294,297,299,299,302
1,292,3,292,295,295,297,300,300,302
1,292,5,292,297,297,297,302,302,302
1,292,7,292,299,299,297,304,304,302
1,292,11,292,303,303,297,308,308,302
1,292,13,292,305,305,297,310,310,302
1,292,17,292,309,309,297,314,314,302
1,292,19,292,311,311,297,316,316,302
1,293,2,293,295,295,298,300,300,303
1,293,3,293,296,296,298,301,301,303
1,293,5,293,298,298,298,303,303,303
1,293,7,293,300,300,298,305,305,303
1,293,11,293,304,304,298,309,309,303
1,293,13,293,306,306,298,311,311,303
1,293,17,293,310,310,298,315,315,303
1,293,19,293,312,312,298,317,317,303
1,294,2,294,296,296,299,301,301,304
1,294,3,294,297,297,299,302,302,304
1,294,5,294,299,299,299,304,304,304
1,294,7,294,301,301,299,306,306,304
1,294,11,294,305,305,299,310,310,304
1,294,13,294,307,307,299,312,312,304
1,294,17,294,311,311,299,316,316,304
1,294,19,294,313,313,299,318,318,304
1,295,2,295,297,297,300,302,302,305
1,295,3,295,298,298,300,303,303,305
1,295,5,295,300,300,300,305,305,305
1,295,7,295,302,302,300,307,307,305
1,295,11,295,306,306,300,311,311,305
1,295,13,295,308,308,300,313,313,305
1,295,17,295,312,312,300,317,317,305
1,295,19,295,314,314,300,319,319,305
1,296,2,296,298,298,301,303,303,306
1,296,3,296,299,299,301,304,304,306
1,296,5,296,301,301,301,306,306,306
1,296,7,296,303,303,301,308,308,306
1,296,11,296,307,307,301,312,312,306
1,296,13,296,309,309,301,314,314,306
1,296,17,296,313,313,301,318,318,306
1,296,19,296,315,315,301,320,320,306
1,297,2,297,299,299,302,304,304,307
1,297,3,297,300,300,302,305,305,307
1,297,5,297,302,302,302,307,307,307
1,297,7,297,304,304,302,309,309,307
1,297,11,297,308,308,302,313,313,307
1,297,13,297,310,310,302,315,315,307
1,297,17,297,314,314,302,319,319,307
1,297,19,297,316,316,302,321,321,307
1,298,2,298,300,300,303,305,305,308
1,298,3,298,301,301,303,306,306,308
1,298,5,298,303,303,303,308,308,308
1,298,7,298,305,305,303,310,310,308
1,298,11,298,309,309,303,314,314,308
1,298,13,298,311,311,303,316,316,308
1,298,17,298,315,315,303,320,320,308
1,298,19,298,317,317,303,322,322,308
1,299,2,299,301,301,304,306,306,309
1,299,3,299,302,302,304,307,307,309
1,299,5,299,304,304,304,309,309,309
1,299,7,299,306,306,304,311,311,309
1,299,11,299,310,310,304,315,315,309
1,299,13,299,312,312,304,317,317,309
1,299,17,299,316,316,304,321,321,309
1,299,19,299,318,318,304,323,323,309
1,300,2,300,302,302,305,307,307,310
1,300,3,300,303,303,305,308,308,310
1,300,5,300,305,305,305,310,310,310
1,300,7,300,307,307,305,312,312,310
1,300,11,300,311,311,305,316,316,310
1,300,13,300,313,313,305,318,318,310
1,300,17,300,317,317,305,322,322,310
1,300,19,300,319,319,305,324,324,310
1,301,2,301,303,303,306,308,308,311
1,301,3,301,304,304,306,309,309,311
1,301,5,301,306,306,306,311,311,311
1,301,7,301,308,308,306,313,313,311
1,301,11,301,312,312,306,317,317,311
1,301,13,301,314,314,306,319,319,311
1,301,17,301,318,318,306,323,323,311
1,301,19,301,320,320,306,325,325,311
1,302,2,302,304,304,307,309,309,312
1,302,3,302,305,305,307,310,310,312
1,302,5,302,307,307,307,312,312,312
1,302,7,302,309,309,307,314,314,312
1,302,11,302,313,313,307,318,318,312
1,302,13,302,315,315,307,320,320,312
1,302,17,302,319,319,307,324,324,312
1,302,19,302,321,321,307,326,326,312
1,303,2,303,305,305,308,310,310,313
1,303,3,303,306,306,308,311,311,313
1,303,5,303,308,308,308,313,313,313
1,303,7,303,310,310,308,315,315,313
1,303,11,303,314,314,308,319,319,313
1,303,13,303,316,316,308,321,321,313
1,303,17,303,320,320,308,325,325,313
1,303,19,303,322,322,308,327,327,313
1,304,2,304,306,306,309,311,311,314
1,304,3,304,307,307,309,312,312,314
1,304,5,304,309,309,309,314,314,314
1,304,7,304,311,311,309,316,316,314
1,304,11,304,315,315,309,320,320,314
1,304,13,304,317,317,309,322,322,314
1,304,17,304,321,321,309,326,326,314
1,304,19,304,323,323,309,328,328,314
1,305,2,305,307,307,310,312,312,315
1,305,3,305,308,308,310,313,313,315
1,305,5,305,310,310,310,315,315,315
1,305,7,305,312,312,310,317,317,315
1,305,11,305,316,316,310,321,321,315
1,305,13,305,318,318,310,323,323,315
1,305,17,305,322,322,310,327,327,315
1,305,19,305,324,324,310,329,329,315
1,306,2,306,308,308,311,313,313,316
1,306,3,306,309,309,311,314,314,316
1,306,5,306,311,311,311,316,316,316
1,306,7,306,313,313,311,318,318,316
1,306,11,306,317,317,311,322,322,316
1,306,13,306,319,319,311,324,324,316
1,306,17,306,323,323,311,328,328,316
1,306,19,306,325,325,311,330,330,316
1,307,2,307,309,309,312,314,314,317
1,307,3,307,310,310,312,315,315,317
1,307,5,307,312,312,312,317,317,317
1,307,7,307,314,314,312,319,319,317
1,307,11,307,318,318,312,323,323,317
1,307,13,307,320,320,312,325,325,317
1,307,17,307,324,324,312,329,329,317
1,307,19,307,326,326,312,331,331,317
1,308,2,308,310,310,313,315,315,318
1,308,3,308,311,311,313,316,316,318
1,308,5,308,313,313,313,318,318,318
1,308,7,308,315,315,313,320,320,318
1,308,11,308,319,319,313,324,324,318
1,308,13,308,321,321,313,326,326,318
1,308,17,308,325,325,313,330,330,318
1,308,19,308,327,327,313,332,332,318
1,309,2,309,311,311,314,316,316,319
1,309,3,309,312,312,314,317,317,319
1,309,5,309,314,314,314,319,319,319
1,309,7,309,316,316,314,321,321,319
1,309,11,309,320,320,314,325,325,319
1,309,13,309,322,322,314,327,327,319
1,309,17,309,326,326,314,331,331,319
1,309,19,309,328,328,314,333,333,319
1,310,2,310,312,312,315,317,317,320
1,310,3,310,313,313,315,318,318,320
1,310,5,310,315,315,315,320,320,320
1,310,7,310,317,317,315,322,322,320
1,310,11,310,321,321,315,326,326,320
1,310,13,310,323,323,315,328,328,320
1,310,17,310,327,327,315,332,332,320
1,310,19,310,329,329,315,334,334,320
1,311,2,311,313,313,316,318,318,321
1,311,3,311,314,314,316,319,319,321
1,311,5,311,316,316,316,321,321,321
1,311,7,311,318,318,316,323,323,321
1,311,11,311,322,322,316,327,327,321
1,311,13,311,324,324,316,329,329,321
1,311,17,311,328,328,316,333,333,321
1,311,19,311,330,330,316,335,335,321
1,312,2,312,314,314,317,319,319,322
1,312,3,312,315,315,317,320,320,322
1,312,5,312,317,317,317,322,322,322
1,312,7,312,319,319,317,324,324,322
1,312,11,312,323,323,317,328,328,322
1,312,13,312,325,325,317,330,330,322
1,312,17,312,329,329,317,334,334,322
1,312,19,312,331,331,317,336,336,322
1,313,2,313,315,315,318,320,320,323
1,313,3,313,316,316,318,321,321,323
1,313,5,313,318,318,318,323,323,323
1,313,7,313,320,320,318,325,325,323
1,313,11,313,324,324,318,329,329,323
1,313,13,313,326,326,318,331,331,323
1,313,17,313,330,330,318,335,335,323
1,313,19,313,332,332,318,337,337,323
1,314,2,314,316,316,319,321,321,324
1,314,3,314,317,317,319,322,322,324
1,314,5,314,319,319,319,324,324,324
1,314,7,314,321,321,319,326,326,324
1,314,11,314,325,325,319,330,330,324
1,314,13,314,327,327,319,332,332,324
1,314,17,314,331,331,319,336,336,324
1,314,19,314,333,333,319,338,338,324
1,315,2,315,317,317,320,322,322,325
1,315,3,315,318,318,320,323,323,325
1,315,5,315,320,320,320,325,325,325
1,315,7,315,322,322,320,327,327,325
1,315,11,315,326,326,320,331,331,325
1,315,13,315,328,328,320,333,333,325
1,315,17,315,332,332,320,337,337,325
1,315,19,315,334,334,320,339,339,325
1,316,2,316,318,318,321,323,323,326
1,316,3,316,319,319,321,324,324,326
1,316,5,316,321,321,321,326,326,326
1,316,7,316,323,323,321,328,328,326
1,316,11,316,327,327,321,332,332,326
1,316,13,316,329,329,321,334,334,326
1,316,17,316,333,333,321,338,338,326
1,316,19,316,335,335,321,340,340,326
1,317,2,317,319,319,322,324,324,327
1,317,3,317,320,320,322,325,325,327
1,317,5,317,322,322,322,327,327,327
1,317,7,317,324,324,322,329,329,327
1,317,11,317,328,328,322,333,333,327
1,317,13,317,330,330,322,335,335,327
1,317,17,317,334,334,322,339,339,327
1,317,19,317,336,336,322,341,341,327
1,318,2,318,320,320,323,325,325,328
1,318,3,318,321,321,323,326,326,328
1,318,5,318,323,323,323,328,328,328
1,318,7,318,325,325,323,330,330,328
1,318,11,318,329,329,323,334,334,328
1,318,13,318,331,331,323,336,336,328
1,318,17,318,335,335,323,340,340,328
1,318,19,318,337,337,323,342,342,328
1,319,2,319,321,321,324,326,326,329
1,319,3,319,322,322,324,327,327,329
1,319,5,319,324,324,324,329,329,329
1,319,7,319,326,326,324,331,331,329
1,319,11,319,330,330,324,335,335,329
1,319,13,319,332,332,324,337,337,329
1,319,17,319,336,336,324,341,341,329
1,319,19,319,338,338,324,343,343,329
1,320,2,320,322,322,325,327,327,330
1,320,3,320,323,323,325,328,328,330
1,320,5,320,325,325,325,330,330,330
1,320,7,320,327,327,325,332,332,330
1,320,11,320,331,331,325,336,336,330
1,320,13,320,333,333,325,338,338,330
1,320,17,320,337,337,325,342,342,330
1,320,19,320,339,339,325,344,344,330
1,321,2,321,323,323,326,328,328,331
1,321,3,321,324,324,326,329,329,331
1,321,5,321,326,326,326,331,331,331
1,321,7,321,328,328,326,333,333,331
1,321,11,321,332,332,326,337,337,331
1,321,13,321,334,334,326,339,339,331
1,321,17,321,338,338,326,343,343,331
1,321,19,321,340,340,326,345,345,331
1,322,2,322,324,324,327,329,329,332
1,322,3,322,325,325,327,330,330,332
1,322,5,322,327,327,327,332,332,332
1,322,7,322,329,329,327,334,334,332
1,322,11,322,333,333,327,338,338,332
1,322,13,322,335,335,327,340,340,332
1,322,17,322,339,339,327,344,344,332
1,322,19,322,341,341,327,346,346,332
1,323,2,323,325,325,328,330,330,333
1,323,3,323,326,326,328,331,331,333
1,323,5,323,328,328,328,333,333,333
1,323,7,323,330,330,328,335,335,333
1,323,11,323,334,334,328,339,339,333
1,323,13,323,336,336,328,341,341,333
1,323,17,323,340,340,328,345,345,333
1,323,19,323,342,342,328,347,347,333
1,324,2,324,326,326,329,331,331,334
1,324,3,324,327,327,329,332,332,334
1,324,5,324,329,329,329,334,334,334
1,324,7,324,331,331,329,336,336,334
1,324,11,324,335,335,329,340,340,334
1,324,13,324,337,337,329,342,342,334
1,324,17,324,341,341,329,346,346,334
1,324,19,324,343,343,329,348,348,334
1,325,2,325,327,327,330,332,332,335
1,325,3,325,328,328,330,333,333,335
1,325,5,325,330,330,330,335,335,335
1,325,7,325,332,332,330,337,337,335
1,325,11,325,336,336,330,341,341,335
1,325,13,325,338,338,330,343,343,335
1,325,17,325,342,342,330,347,347,335
1,325,19,325,344,344,330,349,349,335
1,326,2,326,328,328,331,333,333,336
1,326,3,326,329,329,331,334,334,336
1,326,5,326,331,331,331,336,336,336
1,326,7,326,333,333,331,338,338,336
1,326,11,326,337,337,331,342,342,336
1,326,13,326,339,339,331,344,344,336
1,326,17,326,343,343,331,348,348,336
1,326,19,326,345,345,331,350,350,336
1,327,2,327,329,329,332,334,334,337
1,327,3,327,330,330,332,335,335,337
1,327,5,327,332,332,332,337,337,337
1,327,7,327,334,334,332,339,339,337
1,327,11,327,338,338,332,343,343,337
1,327,13,327,340,340,332,345,345,337
1,327,17,327,344,344,332,349,349,337
1,327,19,327,346,346,332,351,351,337
1,328,2,328,330,330,333,335,335,338
1,328,3,328,331,331,333,336,336,338
1,328,5,328,333,333,333,338,338,338
1,328,7,328,335,335,333,340,340,338
1,328,11,328,339,339,333,344,344,338
1,328,13,328,341,341,333,346,346,338
1,328,17,328,345,345,333,350,350,338
1,328,19,328,347,347,333,352,352,338
1,329,2,329,331,331,334,336,336,339
1,329,3,329,332,332,334,337,337,339
1,329,5,329,334,334,334,339,339,339
1,329,7,329,336,336,334,341,341,339
1,329,11,329,340,340,334,345,345,339
1,329,13,329,342,342,334,347,347,339
1,329,17,329,346,346,334,351,351,339
1,329,19,329,348,348,334,353,353,339
1,330,2,330,332,332,335,337,337,340
1,330,3,330,333,333,335,338,338,340
1,330,5,330,335,335,335,340,340,340
1,330,7,330,337,337,335,342,342,340
1,330,11,330,341,341,335,346,346,340
1,330,13,330,343,343,335,348,348,340
1,330,17,330,347,347,335,352,352,340
1,330,19,330,349,349,335,354,354,340
1,331,2,331,333,333,336,338,338,341
1,331,3,331,334,334,336,339,339,341
1,331,5,331,336,336,336,341,341,341
1,331,7,331,338,338,336,343,343,341
1,331,11,331,342,342,336,347,347,341
1,331,13,331,344,344,336,349,349,341
1,331,17,331,348,348,336,353,353,341
1,331,19,331,350,350,336,355,355,341
1,332,2,332,334,334,337,339,339,342
1,332,3,332,335,335,337,340,340,342
1,332,5,332,337,337,337,342,342,342
1,332,7,332,339,339,337,344,344,342
1,332,11,332,343,343,337,348,348,342
1,332,13,332,345,345,337,350,350,342
1,332,17,332,349,349,337,354,354,342
1,332,19,332,351,351,337,356,356,342
1,333,2,333,335,335,338,340,340,343
1,333,3,333,336,336,338,341,341,343
1,333,5,333,338,338,338,343,343,343
1,333,7,333,340,340,338,345,345,343
1,333,11,333,344,344,338,349,349,343
1,333,13,333,346,346,338,351,351,343
1,333,17,333,350,350,338,355,355,343
1,333,19,333,352,352,338,357,357,343
1,334,2,334,336,336,339,341,341,344
1,334,3,334,337,337,339,342,342,344
1,334,5,334,339,339,339,344,344,344
1,334,7,334,341,341,339,346,346,344
1,334,11,334,345,345,339,350,350,344
1,334,13,334,347,347,339,352,352,344
1,334,17,334,351,351,339,356,356,344
1,334,19,334,353,353,339,358,358,344
1,335,2,335,337,337,340,342,342,345
1,335,3,335,338,338,340,343,343,345
1,335,5,335,340,340,340,345,345,345
1,335,7,335,342,342,340,347,347,345
1,335,11,335,346,346,340,351,351,345
1,335,13,335,348,348,340,353,353,345
1,335,17,335,352,352,340,357,357,345
1,335,19,335,354,354,340,359,359,345
1,336,2,336,338,338,341,343,343,346
1,336,3,336,339,339,341,344,344,346
1,336,5,336,341,341,341,346,346,346
1,336,7,336,343,343,341,348,348,346
1,336,11,336,347,347,341,352,352,346
1,336,13,336,349,349,341,354,354,346
1,336,17,336,353,353,341,358,358,346
1,336,19,336,355,355,341,360,360,346
1,337,2,337,339,339,342,344,344,347
1,337,3,337,340,340,342,345,345,347
1,337,5,337,342,342,342,347,347,347
1,337,7,337,344,344,342,349,349,347
1,337,11,337,348,348,342,353,353,347
1,337,13,337,350,350,342,355,355,347
1,337,17,337,354,354,342,359,359,347
1,337,19,337,356,356,342,361,361,347
1,338,2,338,340,340,343,345,345,348
1,338,3,338,341,341,343,346,346,348
1,338,5,338,343,343,343,348,348,348
1,338,7,338,345,345,343,350,350,348
1,338,11,338,349,349,343,354,354,348
1,338,13,338,351,351,343,356,356,348
1,338,17,338,355,355,343,360,360,348
1,338,19,338,357,357,343,362,362,348
1,339,2,339,341,341,344,346,346,349
1,339,3,339,342,342,344,347,347,349
1,339,5,339,344,344,344,349,349,349
1,339,7,339,346,346,344,351,351,349
1,339,11,339,350,350,344,355,355,349
1,339,13,339,352,352,344,357,357,349
1,339,17,339,356,356,344,361,361,349
1,339,19,339,358,358,344,363,363,349
1,340,2,340,342,342,345,347,347,350
1,340,3,340,343,343,345,348,348,350
1,340,5,340,345,345,345,350,350,350
1,340,7,340,347,347,345,352,352,350
1,340,11,340,351,351,345,356,356,350
1,340,13,340,353,353,345,358,358,350
1,340,17,340,357,357,345,362,362,350
1,340,19,340,359,359,345,364,364,350
1,341,2,341,343,343,346,348,348,351
1,341,3,341,344,344,346,349,349,351
1,341,5,341,346,346,346,351,351,351
1,341,7,341,348,348,346,353,353,351
1,341,11,341,352,352,346,357,357,351
1,341,13,341,354,354,346,359,359,351
1,341,17,341,358,358,346,363,363,351
1,341,19,341,360,360,346,365,365,351
1,342,2,342,344,344,347,349,349,352
1,342,3,342,345,345,347,350,350,352
1,342,5,342,347,347,347,352,352,352
1,342,7,342,349,349,347,354,354,352
1,342,11,342,353,353,347,358,358,352
1,342,13,342,355,355,347,360,360,352
1,342,17,342,359,359,347,364,364,352
1,342,19,342,361,361,347,366,366,352
1,343,2,343,345,345,348,350,350,353
1,343,3,343,346,346,348,351,351,353
1,343,5,343,348,348,348,353,353,353
1,343,7,343,350,350,348,355,355,353
1,343,11,343,354,354,348,359,359,353
1,343,13,343,356,356,348,361,361,353
1,343,17,343,360,360,348,365,365,353
1,343,19,343,362,362,348,367,367,353
1,344,2,344,346,346,349,351,351,354
1,344,3,344,347,347,349,352,352,354
1,344,5,344,349,349,349,354,354,354
1,344,7,344,351,351,349,356,356,354
1,344,11,344,355,355,349,360,360,354
1,344,13,344,357,357,349,362,362,354
1,344,17,344,361,361,349,366,366,354
1,344,19,344,363,363,349,368,368,354
1,345,2,345,347,347,350,352,352,355
1,345,3,345,348,348,350,353,353,355
1,345,5,345,350,350,350,355,355,355
1,345,7,345,352,352,350,357,357,355
1,345,11,345,356,356,350,361,361,355
1,345,13,345,358,358,350,363,363,355
1,345,17,345,362,362,350,367,367,355
1,345,19,345,364,364,350,369,369,355
1,346,2,346,348,348,351,353,353,356
1,346,3,346,349,349,351,354,354,356
1,346,5,346,351,351,351,356,356,356
1,346,7,346,353,353,351,358,358,356
1,346,11,346,357,357,351,362,362,356
1,346,13,346,359,359,351,364,364,356
1,346,17,346,363,363,351,368,368,356
1,346,19,346,365,365,351,370,370,356
1,347,2,347,349,349,352,354,354,357
1,347,3,347,350,350,352,355,355,357
1,347,5,347,352,352,352,357,357,357
1,347,7,347,354,354,352,359,359,357
1,347,11,347,358,358,352,363,363,357
1,347,13,347,360,360,352,365,365,357
1,347,17,347,364,364,352,369,369,357
1,347,19,347,366,366,352,371,371,357
1,348,2,348,350,350,353,355,355,358
1,348,3,348,351,351,353,356,356,358
1,348,5,348,353,353,353,358,358,358
1,348,7,348,355,355,353,360,360,358
1,348,11,348,359,359,353,364,364,358
1,348,13,348,361,361,353,366,366,358
1,348,17,348,365,365,353,370,370,358
1,348,19,348,367,367,353,372,372,358
1,349,2,349,351,351,354,356,356,359
1,349,3,349,352,352,354,357,357,359
1,349,5,349,354,354,354,359,359,359
1,349,7,349,356,356,354,361,361,359
1,349,11,349,360,360,354,365,365,359
1,349,13,349,362,362,354,367,367,359
1,349,17,349,366,366,354,371,371,359
1,349,19,349,368,368,354,373,373,359
1,350,2,350,352,352,355,357,357,360
1,350,3,350,353,353,355,358,358,360
1,350,5,350,355,355,355,360,360,360
1,350,7,350,357,357,355,362,362,360
1,350,11,350,361,361,355,366,366,360
1,350,13,350,363,363,355,368,368,360
1,350,17,350,367,367,355,372,372,360
1,350,19,350,369,369,355,374,374,360
1,351,2,351,353,353,356,358,358,361
1,351,3,351,354,354,356,359,359,361
1,351,5,351,356,356,356,361,361,361
1,351,7,351,358,358,356,363,363,361
1,351,11,351,362,362,356,367,367,361
1,351,13,351,364,364,356,369,369,361
1,351,17,351,368,368,356,373,373,361
1,351,19,351,370,370,356,375,375,361
1,352,2,352,354,354,357,359,359,362
1,352,3,352,355,355,357,360,360,362
1,352,5,352,357,357,357,362,362,362
1,352,7,352,359,359,357,364,364,362
1,352,11,352,363,363,357,368,368,362
1,352,13,352,365,365,357,370,370,362
1,352,17,352,369,369,357,374,374,362
1,352,19,352,371,371,357,376,376,362
1,353,2,353,355,355,358,360,360,363
1,353,3,353,356,356,358,361,361,363
1,353,5,353,358,358,358,363,363,363
1,353,7,353,360,360,358,365,365,363
1,353,11,353,364,364,358,369,369,363
1,353,13,353,366,366,358,371,371,363
1,353,17,353,370,370,358,375,375,363
1,353,19,353,372,372,358,377,377,363
1,354,2,354,356,356,359,361,361,364
1,354,3,354,357,357,359,362,362,364
1,354,5,354,359,359,359,364,364,364
1,354,7,354,361,361,359,366,366,364
1,354,11,354,365,365,359,370,370,364
1,354,13,354,367,367,359,372,372,364
1,354,17,354,371,371,359,376,376,364
1,354,19,354,373,373,359,378,378,364
1,355,2,355,357,357,360,362,362,365
1,355,3,355,358,358,360,363,363,365
1,355,5,355,360,360,360,365,365,365
1,355,7,355,362,362,360,367,367,365
1,355,11,355,366,366,360,371,371,365
1,355,13,355,368,368,360,373,373,365
1,355,17,355,372,372,360,377,377,365
1,355,19,355,374,374,360,379,379,365
1,356,2,356,358,358,361,363,363,366
1,356,3,356,359,359,361,364,364,366
1,356,5,356,361,361,361,366,366,366
1,356,7,356,363,363,361,368,368,366
1,356,11,356,367,367,361,372,372,366
1,356,13,356,369,369,361,374,374,366
1,356,17,356,373,373,361,378,378,366
1,356,19,356,375,375,361,380,380,366
1,357,2,357,359,359,362,364,364,367
1,357,3,357,360,360,362,365,365,367
1,357,5,357,362,362,362,367,367,367
1,357,7,357,364,364,362,369,369,367
1,357,11,357,368,368,362,373,373,367
1,357,13,357,370,370,362,375,375,367
1,357,17,357,374,374,362,379,379,367
1,357,19,357,376,376,362,381,381,367
1,358,2,358,360,360,363,365,365,368
1,358,3,358,361,361,363,366,366,368
1,358,5,358,363,363,363,368,368,368
1,358,7,358,365,365,363,370,370,368
1,358,11,358,369,369,363,374,374,368
1,358,13,358,371,371,363,376,376,368
1,358,17,358,375,375,363,380,380,368
1,358,19,358,377,377,363,382,382,368
1,359,2,359,361,361,364,366,366,369
1,359,3,359,362,362,364,367,367,369
1,359,5,359,364,364,364,369,369,369
1,359,7,359,366,366,364,371,371,369
1,359,11,359,370,370,364,375,375,369
1,359,13,359,372,372,364,377,377,369
1,359,17,359,376,376,364,381,381,369
1,359,19,359,378,378,364,383,383,369
1,360,2,360,362,362,365,367,367,370
1,360,3,360,363,363,365,368,368,370
1,360,5,360,365,365,365,370,370,370
1,360,7,360,367,367,365,372,372,370
1,360,11,360,371,371,365,376,376,370
1,360,13,360,373,373,365,378,378,370
1,360,17,360,377,377,365,382,382,370
1,360,19,360,379,379,365,384,384,370
1,361,2,361,363,363,366,368,368,371
1,361,3,361,364,364,366,369,369,371
1,361,5,361,366,366,366,371,371,371
1,361,7,361,368,368,366,373,373,371
1,361,11,361,372,372,366,377,377,371
1,361,13,361,374,374,366,379,379,371
1,361,17,361,378,378,366,383,383,371
1,361,19,361,380,380,366,385,385,371
1,362,2,362,364,364,367,369,369,372
1,362,3,362,365,365,367,370,370,372
1,362,5,362,367,367,367,372,372,372
1,362,7,362,369,369,367,374,374,372
1,362,11,362,373,373,367,378,378,372
1,362,13,362,375,375,367,380,380,372
1,362,17,362,379,379,367,384,384,372
1,362,19,362,381,381,367,386,386,372
1,363,2,363,365,365,368,370,370,373
1,363,3,363,366,366,368,371,371,373
1,363,5,363,368,368,368,373,373,373
1,363,7,363,370,370,368,375,375,373
1,363,11,363,374,374,368,379,379,373
1,363,13,363,376,376,368,381,381,373
1,363,17,363,380,380,368,385,385,373
1,363,19,363,382,382,368,387,387,373
1,364,2,364,366,366,369,371,371,374
1,364,3,364,367,367,369,372,372,374
1,364,5,364,369,369,369,374,374,374
1,364,7,364,371,371,369,376,376,374
1,364,11,364,375,375,369,380,380,374
1,364,13,364,377,377,369,382,382,374
1,364,17,364,381,381,369,386,386,374
1,364,19,364,383,383,369,388,388,374
1,365,2,365,367,367,370,372,372,375
1,365,3,365,368,368,370,373,373,375
1,365,5,365,370,370,370,375,375,375
1,365,7,365,372,372,370,377,377,375
1,365,11,365,376,376,370,381,381,375
1,365,13,365,378,378,370,383,383,375
1,365,17,365,382,382,370,387,387,375
1,365,19,365,384,384,370,389,389,375
1,366,2,366,368,368,371,373,373,376
1,366,3,366,369,369,371,374,374,376
1,366,5,366,371,371,371,376,376,376
1,366,7,366,373,373,371,378,378,376
1,366,11,366,377,377,371,382,382,376
1,366,13,366,379,379,371,384,384,376
1,366,17,366,383,383,371,388,388,376
1,366,19,366,385,385,371,390,390,376
1,367,2,367,369,369,372,374,374,377
1,367,3,367,370,370,372,375,375,377
1,367,5,367,372,372,372,377,377,377
1,367,7,367,374,374,372,379,379,377
1,367,11,367,378,378,372,383,383,377
1,367,13,367,380,380,372,385,385,377
1,367,17,367,384,384,372,389,389,377
1,367,19,367,386,386,372,391,391,377
1,368,2,368,370,370,373,375,375,378
1,368,3,368,371,371,373,376,376,378
1,368,5,368,373,373,373,378,378,378
1,368,7,368,375,375,373,380,380,378
1,368,11,368,379,379,373,384,384,378
1,368,13,368,381,381,373,386,386,378
1,368,17,368,385,385,373,390,390,378
1,368,19,368,387,387,373,392,392,378
1,369,2,369,371,371,374,376,376,379
1,369,3,369,372,372,374,377,377,379
1,369,5,369,374,374,374,379,379,379
1,369,7,369,376,376,374,381,381,379
1,369,11,369,380,380,374,385,385,379
1,369,13,369,382,382,374,387,387,379
1,369,17,369,386,386,374,391,391,379
1,369,19,369,388,388,374,393,393,379
1,370,2,370,372,372,375,377,377,380
1,370,3,370,373,373,375,378,378,380
1,370,5,370,375,375,375,380,380,380
1,370,7,370,377,377,375,382,382,380
1,370,11,370,381,381,375,386,386,380
1,370,13,370,383,383,375,388,388,380
1,370,17,370,387,387,375,392,392,380
1,370,19,370,389,389,375,394,394,380
1,371,2,371,373,373,376,378,378,381
1,371,3,371,374,374,376,379,379,381
1,371,5,371,376,376,376,381,381,381
1,371,7,371,378,378,376,383,383,381
1,371,11,371,382,382,376,387,387,381
1,371,13,371,384,384,376,389,389,381
1,371,17,371,388,388,376,393,393,381
1,371,19,371,390,390,376,395,395,381
1,372,2,372,374,374,377,379,379,382
1,372,3,372,375,375,377,380,380,382
1,372,5,372,377,377,377,382,382,382
1,372,7,372,379,379,377,384,384,382
1,372,11,372,383,383,377,388,388,382
1,372,13,372,385,385,377,390,390,382
1,372,17,372,389,389,377,394,394,382
1,372,19,372,391,391,377,396,396,382
1,373,2,373,375,375,378,380,380,383
1,373,3,373,376,376,378,381,381,383
1,373,5,373,378,378,378,383,383,383
1,373,7,373,380,380,378,385,385,383
1,373,11,373,384,384,378,389,389,383
1,373,13,373,386,386,378,391,391,383
1,373,17,373,390,390,378,395,395,383
1,373,19,373,392,392,378,397,397,383
1,374,2,374,376,376,379,381,381,384
1,374,3,374,377,377,379,382,382,384
1,374,5,374,379,379,379,384,384,384
1,374,7,374,381,381,379,386,386,384
1,374,11,374,385,385,379,390,390,384
1,374,13,374,387,387,379,392,392,384
1,374,17,374,391,391,379,396,396,384
1,374,19,374,393,393,379,398,398,384
1,375,2,375,377,377,380,382,382,385
1,375,3,375,378,378,380,383,383,385
1,375,5,375,380,380,380,385,385,385
1,375,7,375,382,382,380,387,387,385
1,375,11,375,386,386,380,391,391,385
1,375,13,375,388,388,380,393,393,385
1,375,17,375,392,392,380,397,397,385
1,375,19,375,394,394,380,399,399,385
1,376,2,376,378,378,381,383,383,386
1,376,3,376,379,379,381,384,384,386
1,376,5,376,381,381,381,386,386,386
1,376,7,376,383,383,381,388,388,386
1,376,11,376,387,387,381,392,392,386
1,376,13,376,389,389,381,394,394,386
1,376,17,376,393,393,381,398,398,386
1,376,19,376,395,395,381,400,400,386
1,377,2,377,379,379,382,384,384,387
1,377,3,377,380,380,382,385,385,387
1,377,5,377,382,382,382,387,387,387
1,377,7,377,384,384,382,389,389,387
1,377,11,377,388,388,382,393,393,387
1,377,13,377,390,390,382,395,395,387
1,377,17,377,394,394,382,399,399,387
1,377,19,377,396,396,382,401,401,387
1,378,2,378,380,380,383,385,385,388
1,378,3,378,381,381,383,386,386,388
1,378,5,378,383,383,383,388,388,388
1,378,7,378,385,385,383,390,390,388
1,378,11,378,389,389,383,394,394,388
1,378,13,378,391,391,383,396,396,388
1,378,17,378,395,395,383,400,400,388
1,378,19,378,397,397,383,402,402,388
1,379,2,379,381,381,384,386,386,389
1,379,3,379,382,382,384,387,387,389
1,379,5,379,384,384,384,389,389,389
1,379,7,379,386,386,384,391,391,389
1,379,11,379,390,390,384,395,395,389
1,379,13,379,392,392,384,397,397,389
1,379,17,379,396,396,384,401,401,389
1,379,19,379,398,398,384,403,403,389
1,380,2,380,382,382,385,387,387,390
1,380,3,380,383,383,385,388,388,390
1,380,5,380,385,385,385,390,390,390
1,380,7,380,387,387,385,392,392,390
1,380,11,380,391,391,385,396,396,390
1,380,13,380,393,393,385,398,398,390
1,380,17,380,397,397,385,402,402,390
1,380,19,380,399,399,385,404,404,390
1,381,2,381,383,383,386,388,388,391
1,381,3,381,384,384,386,389,389,391
1,381,5,381,386,386,386,391,391,391
1,381,7,381,388,388,386,393,393,391
1,381,11,381,392,392,386,397,397,391
1,381,13,381,394,394,386,399,399,391
1,381,17,381,398,398,386,403,403,391
1,381,19,381,400,400,386,405,405,391
1,382,2,382,384,384,387,389,389,392
1,382,3,382,385,385,387,390,390,392
1,382,5,382,387,387,387,392,392,392
1,382,7,382,389,389,387,394,394,392
1,382,11,382,393,393,387,398,398,392
1,382,13,382,395,395,387,400,400,392
1,382,17,382,399,399,387,404,404,392
1,382,19,382,401,401,387,406,406,392
1,383,2,383,385,385,388,390,390,393
1,383,3,383,386,386,388,391,391,393
1,383,5,383,388,388,388,393,393,393
1,383,7,383,390,390,388,395,395,393
1,383,11,383,394,394,388,399,399,393
1,383,13,383,396,396,388,401,401,393
1,383,17,383,400,400,388,405,405,393
1,383,19,383,402,402,388,407,407,393
1,384,2,384,386,386,389,391,391,394
1,384,3,384,387,387,389,392,392,394
1,384,5,384,389,389,389,394,394,394
1,384,7,384,391,391,389,396,396,394
1,384,11,384,395,395,389,400,400,394
1,384,13,384,397,397,389,402,402,394
1,384,17,384,401,401,389,406,406,394
1,384,19,384,403,403,389,408,408,394
1,385,2,385,387,387,390,392,392,395
1,385,3,385,388,388,390,393,393,395
1,385,5,385,390,390,390,395,395,395
1,385,7,385,392,392,390,397,397,395
1,385,11,385,396,396,390,401,401,395
1,385,13,385,398,398,390,403,403,395
1,385,17,385,402,402,390,407,407,395
1,385,19,385,404,404,390,409,409,395
1,386,2,386,388,388,391,393,393,396
1,386,3,386,389,389,391,394,394,396
1,386,5,386,391,391,391,396,396,396
1,386,7,386,393,393,391,398,398,396
1,386,11,386,397,397,391,402,402,396
1,386,13,386,399,399,391,404,404,396
1,386,17,386,403,403,391,408,408,396
1,386,19,386,405,405,391,410,410,396
1,387,2,387,389,389,392,394,394,397
1,387,3,387,390,390,392,395,395,397
1,387,5,387,392,392,392,397,397,397
1,387,7,387,394,394,392,399,399,397
1,387,11,387,398,398,392,403,403,397
1,387,13,387,400,400,392,405,405,397
1,387,17,387,404,404,392,409,409,397
1,387,19,387,406,406,392,411,411,397
1,388,2,388,390,390,393,395,395,398
1,388,3,388,391,391,393,396,396,398
1,388,5,388,393,393,393,398,398,398
1,388,7,388,395,395,393,400,400,398
1,388,11,388,399,399,393,404,404,398
1,388,13,388,401,401,393,406,406,398
1,388,17,388,405,405,393,410,410,398
1,388,19,388,407,407,393,412,412,398
1,389,2,389,391,391,394,396,396,399
1,389,3,389,392,392,394,397,397,399
1,389,5,389,394,394,394,399,399,399
1,389,7,389,396,396,394,401,401,399
1,389,11,389,400,400,394,405,405,399
1,389,13,389,402,402,394,407,407,399
1,389,17,389,406,406,394,411,411,399
1,389,19,389,408,408,394,413,413,399
1,390,2,390,392,392,395,397,397,400
1,390,3,390,393,393,395,398,398,400
1,390,5,390,395,395,395,400,400,400
1,390,7,390,397,397,395,402,402,400
1,390,11,390,401,401,395,406,406,400
1,390,13,390,403,403,395,408,408,400
1,390,17,390,407,407,395,412,412,400
1,390,19,390,409,409,395,414,414,400
1,391,2,391,393,393,396,398,398,401
1,391,3,391,394,394,396,399,399,401
1,391,5,391,396,396,396,401,401,401
1,391,7,391,398,398,396,403,403,401
1,391,11,391,402,402,396,407,407,401
1,391,13,391,404,404,396,409,409,401
1,391,17,391,408,408,396,413,413,401
1,391,19,391,410,410,396,415,415,401
1,392,2,392,394,394,397,399,399,402
1,392,3,392,395,395,397,400,400,402
1,392,5,392,397,397,397,402,402,402
1,392,7,392,399,399,397,404,404,402
1,392,11,392,403,403,397,408,408,402
1,392,13,392,405,405,397,410,410,402
1,392,17,392,409,409,397,414,414,402
1,392,19,392,411,411,397,416,416,402
1,393,2,393,395,395,398,400,400,403
1,393,3,393,396,396,398,401,401,403
1,393,5,393,398,398,398,403,403,403
1,393,7,393,400,400,398,405,405,403
1,393,11,393,404,404,398,409,409,403
1,393,13,393,406,406,398,411,411,403
1,393,17,393,410,410,398,415,415,403
1,393,19,393,412,412,398,417,417,403
1,394,2,394,396,396,399,401,401,404
1,394,3,394,397,397,399,402,402,404
1,394,5,394,399,399,399,404,404,404
1,394,7,394,401,401,399,406,406,404
1,394,11,394,405,405,399,410,410,404
1,394,13,394,407,407,399,412,412,404
1,394,17,394,411,411,399,416,416,404
1,394,19,394,413,413,399,418,418,404
1,395,2,395,397,397,400,402,402,405
1,395,3,395,398,398,400,403,403,405
1,395,5,395,400,400,400,405,405,405
1,395,7,395,402,402,400,407,407,405
1,395,11,395,406,406,400,411,411,405
1,395,13,395,408,408,400,413,413,405
1,395,17,395,412,412,400,417,417,405
1,395,19,395,414,414,400,419,419,405
1,396,2,396,398,398,401,403,403,406
1,396,3,396,399,399,401,404,404,406
1,396,5,396,401,401,401,406,406,406
1,396,7,396,403,403,401,408,408,406
1,396,11,396,407,407,401,412,412,406
1,396,13,396,409,409,401,414,414,406
1,396,17,396,413,413,401,418,418,406
1,396,19,396,415,415,401,420,420,406
1,397,2,397,399,399,402,404,404,407
1,397,3,397,400,400,402,405,405,407
1,397,5,397,402,402,402,407,407,407
1,397,7,397,404,404,402,409,409,407
1,397,11,397,408,408,402,413,413,407
1,397,13,397,410,410,402,415,415,407
1,397,17,397,414,414,402,419,419,407
1,397,19,397,416,416,402,421,421,407
1,398,2,398,400,400,403,405,405,408
1,398,3,398,401,401,403,406,406,408
1,398,5,398,403,403,403,408,408,408
1,398,7,398,405,405,403,410,410,408
1,398,11,398,409,409,403,414,414,408
1,398,13,398,411,411,403,416,416,408
1,398,17,398,415,415,403,420,420,408
1,398,19,398,417,417,403,422,422,408
1,399,2,399,401,401,404,406,406,409
1,399,3,399,402,402,404,407,407,409
1,399,5,399,404,404,404,409,409,409
1,399,7,399,406,406,404,411,411,409
1,399,11,399,410,410,404,415,415,409
1,399,13,399,412,412,404,417,417,409
1,399,17,399,416,416,404,421,421,409
1,399,19,399,418,418,404,423,423,409
1,400,2,400,402,402,405,407,407,410
1,400,3,400,403,403,405,408,408,410
1,400,5,400,405,405,405,410,410,410
1,400,7,400,407,407,405,412,412,410
1,400,11,400,411,411,405,416,416,410
1,400,13,400,413,413,405,418,418,410
1,400,17,400,417,417,405,422,422,410
1,400,19,400,419,419,405,424,424,410
1,401,2,401,403,403,406,408,408,411
1,401,3,401,404,404,406,409,409,411
1,401,5,401,406,406,406,411,411,411
1,401,7,401,408,408,406,413,413,411
1,401,11,401,412,412,406,417,417,411
1,401,13,401,414,414,406,419,419,411
1,401,17,401,418,418,406,423,423,411
1,401,19,401,420,420,406,425,425,411
1,402,2,402,404,404,407,409,409,412
1,402,3,402,405,405,407,410,410,412
1,402,5,402,407,407,407,412,412,412
1,402,7,402,409,409,407,414,414,412
1,402,11,402,413,413,407,418,418,412
1,402,13,402,415,415,407,420,420,412
1,402,17,402,419,419,407,424,424,412
1,402,19,402,421,421,407,426,426,412
1,403,2,403,405,405,408,410,410,413
1,403,3,403,406,406,408,411,411,413
1,403,5,403,408,408,408,413,413,413
1,403,7,403,410,410,408,415,415,413
1,403,11,403,414,414,408,419,419,413
1,403,13,403,416,416,408,421,421,413
1,403,17,403,420,420,408,425,425,413
1,403,19,403,422,422,408,427,427,413
1,404,2,404,406,406,409,411,411,414
1,404,3,404,407,407,409,412,412,414
1,404,5,404,409,409,409,414,414,414
1,404,7,404,411,411,409,416,416,414
1,404,11,404,415,415,409,420,420,414
1,404,13,404,417,417,409,422,422,414
1,404,17,404,421,421,409,426,426,414
1,404,19,404,423,423,409,428,428,414
1,405,2,405,407,407,410,412,412,415
1,405,3,405,408,408,410,413,413,415
1,405,5,405,410,410,410,415,415,415
1,405,7,405,412,412,410,417,417,415
1,405,11,405,416,416,410,421,421,415
1,405,13,405,418,418,410,423,423,415
1,405,17,405,422,422,410,427,427,415
1,405,19,405,424,424,410,429,429,415
1,406,2,406,408,408,411,413,413,416
1,406,3,406,409,409,411,414,414,416
1,406,5,406,411,411,411,416,416,416
1,406,7,406,413,413,411,418,418,416
1,406,11,406,417,417,411,422,422,416
1,406,13,406,419,419,411,424,424,416
1,406,17,406,423,423,411,428,428,416
1,406,19,406,425,425,411,430,430,416
1,407,2,407,409,409,412,414,414,417
1,407,3,407,410,410,412,415,415,417
1,407,5,407,412,412,412,417,417,417
1,407,7,407,414,414,412,419,419,417
1,407,11,407,418,418,412,423,423,417
1,407,13,407,420,420,412,425,425,417
1,407,17,407,424,424,412,429,429,417
1,407,19,407,426,426,412,431,431,417
1,408,2,408,410,410,413,415,415,418
1,408,3,408,411,411,413,416,416,418
1,408,5,408,413,413,413,418,418,418
1,408,7,408,415,415,413,420,420,418
1,408,11,408,419,419,413,424,424,418
1,408,13,408,421,421,413,426,426,418
1,408,17,408,425,425,413,430,430,418
1,408,19,408,427,427,413,432,432,418
1,409,2,409,411,411,414,416,416,419
1,409,3,409,412,412,414,417,417,419
1,409,5,409,414,414,414,419,419,419
1,409,7,409,416,416,414,421,421,419
1,409,11,409,420,420,414,425,425,419
1,409,13,409,422,422,414,427,427,419
1,409,17,409,426,426,414,431,431,419
1,409,19,409,428,428,414,433,433,419
1,410,2,410,412,412,415,417,417,420
1,410,3,410,413,413,415,418,418,420
1,410,5,410,415,415,415,420,420,420
1,410,7,410,417,417,415,422,422,420
1,410,11,410,421,421,415,426,426,420
1,410,13,410,423,423,415,428,428,420
1,410,17,410,427,427,415,432,432,420
1,410,19,410,429,429,415,434,434,420
1,411,2,411,413,413,416,418,418,421
1,411,3,411,414,414,416,419,419,421
1,411,5,411,416,416,416,421,421,421
1,411,7,411,418,418,416,423,423,421
1,411,11,411,422,422,416,427,427,421
1,411,13,411,424,424,416,429,429,421
1,411,17,411,428,428,416,433,433,421
1,411,19,411,430,430,416,435,435,421
1,412,2,412,414,414,417,419,419,422
1,412,3,412,415,415,417,420,420,422
1,412,5,412,417,417,417,422,422,422
1,412,7,412,419,419,417,424,424,422
1,412,11,412,423,423,417,428,428,422
1,412,13,412,425,425,417,430,430,422
1,412,17,412,429,429,417,434,434,422
1,412,19,412,431,431,417,436,436,422
1,413,2,413,415,415,418,420,420,423
1,413,3,413,416,416,418,421,421,423
1,413,5,413,418,418,418,423,423,423
1,413,7,413,420,420,418,425,425,423
1,413,11,413,424,424,418,429,429,423
1,413,13,413,426,426,418,431,431,423
1,413,17,413,430,430,418,435,435,423
1,413,19,413,432,432,418,437,437,423
1,414,2,414,416,416,419,421,421,424
1,414,3,414,417,417,419,422,422,424
1,414,5,414,419,419,419,424,424,424
1,414,7,414,421,421,419,426,426,424
1,414,11,414,425,425,419,430,430,424
1,414,13,414,427,427,419,432,432,424
1,414,17,414,431,431,419,436,436,424
1,414,19,414,433,433,419,438,438,424
1,415,2,415,417,417,420,422,422,425
1,415,3,415,418,418,420,423,423,425
1,415,5,415,420,420,420,425,425,425
1,415,7,415,422,422,420,427,427,425
1,415,11,415,426,426,420,431,431,425
1,415,13,415,428,428,420,433,433,425
1,415,17,415,432,432,420,437,437,425
1,415,19,415,434,434,420,439,439,425
1,416,2,416,418,418,421,423,423,426
1,416,3,416,419,419,421,424,424,426
1,416,5,416,421,421,421,426,426,426
1,416,7,416,423,423,421,428,428,426
1,416,11,416,427,427,421,432,432,426
1,416,13,416,429,429,421,434,434,426
1,416,17,416,433,433,421,438,438,426
1,416,19,416,435,435,421,440,440,426
1,417,2,417,419,419,422,424,424,427
1,417,3,417,420,420,422,425,425,427
1,417,5,417,422,422,422,427,427,427
1,417,7,417,424,424,422,429,429,427
1,417,11,417,428,428,422,433,433,427
1,417,13,417,430,430,422,435,435,427
1,417,17,417,434,434,422,439,439,427
1,417,19,417,436,436,422,441,441,427
1,418,2,418,420,420,423,425,425,428
1,418,3,418,421,421,423,426,426,428
1,418,5,418,423,423,423,428,428,428
1,418,7,418,425,425,423,430,430,428
1,418,11,418,429,429,423,434,434,428
1,418,13,418,431,431,423,436,436,428
1,418,17,418,435,435,423,440,440,428
1,418,19,418,437,437,423,442,442,428
1,419,2,419,421,421,424,426,426,429
1,419,3,419,422,422,424,427,427,429
1,419,5,419,424,424,424,429,429,429
1,419,7,419,426,426,424,431,431,429
1,419,11,419,430,430,424,435,435,429
1,419,13,419,432,432,424,437,437,429
1,419,17,419,436,436,424,441,441,429
1,419,19,419,438,438,424,443,443,429
1,420,2,420,422,422,425,427,427,430
1,420,3,420,423,423,425,428,428,430
1,420,5,420,425,425,425,430,430,430
1,420,7,420,427,427,425,432,432,430
1,420,11,420,431,431,425,436,436,430
1,420,13,420,433,433,425,438,438,430
1,420,17,420,437,437,425,442,442,430
1,420,19,420,439,439,425,444,444,430
1,421,2,421,423,423,426,428,428,431
1,421,3,421,424,424,426,429,429,431
1,421,5,421,426,426,426,431,431,431
1,421,7,421,428,428,426,433,433,431
1,421,11,421,432,432,426,437,437,431
1,421,13,421,434,434,426,439,439,431
1,421,17,421,438,438,426,443,443,431
1,421,19,421,440,440,426,445,445,431
1,422,2,422,424,424,427,429,429,432
1,422,3,422,425,425,427,430,430,432
1,422,5,422,427,427,427,432,432,432
1,422,7,422,429,429,427,434,434,432
1,422,11,422,433,433,427,438,438,432
1,422,13,422,435,435,427,440,440,432
1,422,17,422,439,439,427,444,444,432
1,422,19,422,441,441,427,446,446,432
1,423,2,423,425,425,428,430,430,433
1,423,3,423,426,426,428,431,431,433
1,423,5,423,428,428,428,433,433,433
1,423,7,423,430,430,428,435,435,433
1,423,11,423,434,434,428,439,439,433
1,423,13,423,436,436,428,441,441,433
1,423,17,423,440,440,428,445,445,433
1,423,19,423,442,442,428,447,447,433
1,424,2,424,426,426,429,431,431,434
1,424,3,424,427,427,429,432,432,434
1,424,5,424,429,429,429,434,434,434
1,424,7,424,431,431,429,436,436,434
1,424,11,424,435,435,429,440,440,434
1,424,13,424,437,437,429,442,442,434
1,424,17,424,441,441,429,446,446,434
1,424,19,424,443,443,429,448,448,434
1,425,2,425,427,427,430,432,432,435
1,425,3,425,428,428,430,433,433,435
1,425,5,425,430,430,430,435,435,435
1,425,7,425,432,432,430,437,437,435
1,425,11,425,436,436,430,441,441,435
1,425,13,425,438,438,430,443,443,435
1,425,17,425,442,442,430,447,447,435
1,425,19,425,444,444,430,449,449,435
1,426,2,426,428,428,431,433,433,436
1,426,3,426,429,429,431,434,434,436
1,426,5,426,431,431,431,436,436,436
1,426,7,426,433,433,431,438,438,436
1,426,11,426,437,437,431,442,442,436
1,426,13,426,439,439,431,444,444,436
1,426,17,426,443,443,431,448,448,436
1,426,19,426,445,445,431,450,450,436
1,427,2,427,429,429,432,434,434,437
1,427,3,427,430,430,432,435,435,437
1,427,5,427,432,432,432,437,437,437
1,427,7,427,434,434,432,439,439,437
1,427,11,427,438,438,432,443,443,437
1,427,13,427,440,440,432,445,445,437
1,427,17,427,444,444,432,449,449,437
1,427,19,427,446,446,432,451,451,437
1,428,2,428,430,430,433,435,435,438
1,428,3,428,431,431,433,436,436,438
1,428,5,428,433,433,433,438,438,438
1,428,7,428,435,435,433,440,440,438
1,428,11,428,439,439,433,444,444,438
1,428,13,428,441,441,433,446,446,438
1,428,17,428,445,445,433,450,450,438
1,428,19,428,447,447,433,452,452,438
1,429,2,429,431,431,434,436,436,439
1,429,3,429,432,432,434,437,437,439
1,429,5,429,434,434,434,439,439,439
1,429,7,429,436,436,434,441,441,439
1,429,11,429,440,440,434,445,445,439
1,429,13,429,442,442,434,447,447,439
1,429,17,429,446,446,434,451,451,439
1,429,19,429,448,448,434,453,453,439
1,430,2,430,432,432,435,437,437,440
1,430,3,430,433,433,435,438,438,440
1,430,5,430,435,435,435,440,440,440
1,430,7,430,437,437,435,442,442,440
1,430,11,430,441,441,435,446,446,440
1,430,13,430,443,443,435,448,448,440
1,430,17,430,447,447,435,452,452,440
1,430,19,430,449,449,435,454,454,440
1,431,2,431,433,433,436,438,438,441
1,431,3,431,434,434,436,439,439,441
1,431,5,431,436,436,436,441,441,441
1,431,7,431,438,438,436,443,443,441
1,431,11,431,442,442,436,447,447,441
1,431,13,431,444,444,436,449,449,441
1,431,17,431,448,448,436,453,453,441
1,431,19,431,450,450,436,455,455,441
1,432,2,432,434,434,437,439,439,442
1,432,3,432,435,435,437,440,440,442
1,432,5,432,437,437,437,442,442,442
1,432,7,432,439,439,437,444,444,442
1,432,11,432,443,443,437,448,448,442
1,432,13,432,445,445,437,450,450,442
1,432,17,432,449,449,437,454,454,442
1,432,19,432,451,451,437,456,456,442
1,433,2,433,435,435,438,440,440,443
1,433,3,433,436,436,438,441,441,443
1,433,5,433,438,438,438,443,443,443
1,433,7,433,440,440,438,445,445,443
1,433,11,433,444,444,438,449,449,443
1,433,13,433,446,446,438,451,451,443
1,433,17,433,450,450,438,455,455,443
1,433,19,433,452,452,438,457,457,443
1,434,2,434,436,436,439,441,441,444
1,434,3,434,437,437,439,442,442,444
1,434,5,434,439,439,439,444,444,444
1,434,7,434,441,441,439,446,446,444
1,434,11,434,445,445,439,450,450,444
1,434,13,434,447,447,439,452,452,444
1,434,17,434,451,451,439,456,456,444
1,434,19,434,453,453,439,458,458,444
1,435,2,435,437,437,440,442,442,445
1,435,3,435,438,438,440,443,443,445
1,435,5,435,440,440,440,445,445,445
1,435,7,435,442,442,440,447,447,445
1,435,11,435,446,446,440,451,451,445
1,435,13,435,448,448,440,453,453,445
1,435,17,435,452,452,440,457,457,445
1,435,19,435,454,454,440,459,459,445
1,436,2,436,438,438,441,443,443,446
1,436,3,436,439,439,441,444,444,446
1,436,5,436,441,441,441,446,446,446
1,436,7,436,443,443,441,448,448,446
1,436,11,436,447,447,441,452,452,446
1,436,13,436,449,449,441,454,454,446
1,436,17,436,453,453,441,458,458,446
1,436,19,436,455,455,441,460,460,446
1,437,2,437,439,439,442,444,444,447
1,437,3,437,440,440,442,445,445,447
1,437,5,437,442,442,442,447,447,447
1,437,7,437,444,444,442,449,449,447
1,437,11,437,448,448,442,453,453,447
1,437,13,437,450,450,442,455,455,447
1,437,17,437,454,454,442,459,459,447
1,437,19,437,456,456,442,461,461,447
1,438,2,438,440,440,443,445,445,448
1,438,3,438,441,441,443,446,446,448
1,438,5,438,443,443,443,448,448,448
1,438,7,438,445,445,443,450,450,448
1,438,11,438,449,449,443,454,454,448
1,438,13,438,451,451,443,456,456,448
1,438,17,438,455,455,443,460,460,448
1,438,19,438,457,457,443,462,462,448
1,439,2,439,441,441,444,446,446,449
1,439,3,439,442,442,444,447,447,449
1,439,5,439,444,444,444,449,449,449
1,439,7,439,446,446,444,451,451,449
1,439,11,439,450,450,444,455,455,449
1,439,13,439,452,452,444,457,457,449
1,439,17,439,456,456,444,461,461,449
1,439,19,439,458,458,444,463,463,449
1,440,2,440,442,442,445,447,447,450
1,440,3,440,443,443,445,448,448,450
1,440,5,440,445,445,445,450,450,450
1,440,7,440,447,447,445,452,452,450
1,440,11,440,451,451,445,456,456,450
1,440,13,440,453,453,445,458,458,450
1,440,17,440,457,457,445,462,462,450
1,440,19,440,459,459,445,464,464,450
1,441,2,441,443,443,446,448,448,451
1,441,3,441,444,444,446,449,449,451
1,441,5,441,446,446,446,451,451,451
1,441,7,441,448,448,446,453,453,451
1,441,11,441,452,452,446,457,457,451
1,441,13,441,454,454,446,459,459,451
1,441,17,441,458,458,446,463,463,451
1,441,19,441,460,460,446,465,465,451
1,442,2,442,444,444,447,449,449,452
1,442,3,442,445,445,447,450,450,452
1,442,5,442,447,447,447,452,452,452
1,442,7,442,449,449,447,454,454,452
1,442,11,442,453,453,447,458,458,452
1,442,13,442,455,455,447,460,460,452
1,442,17,442,459,459,447,464,464,452
1,442,19,442,461,461,447,466,466,452
1,443,2,443,445,445,448,450,450,453
1,443,3,443,446,446,448,451,451,453
1,443,5,443,448,448,448,453,453,453
1,443,7,443,450,450,448,455,455,453
1,443,11,443,454,454,448,459,459,453
1,443,13,443,456,456,448,461,461,453
1,443,17,443,460,460,448,465,465,453
1,443,19,443,462,462,448,467,467,453
1,444,2,444,446,446,449,451,451,454
1,444,3,444,447,447,449,452,452,454
1,444,5,444,449,449,449,454,454,454
1,444,7,444,451,451,449,456,456,454
1,444,11,444,455,455,449,460,460,454
1,444,13,444,457,457,449,462,462,454
1,444,17,444,461,461,449,466,466,454
1,444,19,444,463,463,449,468,468,454
1,445,2,445,447,447,450,452,452,455
1,445,3,445,448,448,450,453,453,455
1,445,5,445,450,450,450,455,455,455
1,445,7,445,452,452,450,457,457,455
1,445,11,445,456,456,450,461,461,455
1,445,13,445,458,458,450,463,463,455
1,445,17,445,462,462,450,467,467,455
1,445,19,445,464,464,450,469,469,455
1,446,2,446,448,448,451,453,453,456
1,446,3,446,449,449,451,454,454,456
1,446,5,446,451,451,451,456,456,456
1,446,7,446,453,453,451,458,458,456
1,446,11,446,457,457,451,462,462,456
1,446,13,446,459,459,451,464,464,456
1,446,17,446,463,463,451,468,468,456
1,446,19,446,465,465,451,470,470,456
1,447,2,447,449,449,452,454,454,457
1,447,3,447,450,450,452,455,455,457
1,447,5,447,452,452,452,457,457,457
1,447,7,447,454,454,452,459,459,457
1,447,11,447,458,458,452,463,463,457
1,447,13,447,460,460,452,465,465,457
1,447,17,447,464,464,452,469,469,457
1,447,19,447,466,466,452,471,471,457
1,448,2,448,450,450,453,455,455,458
1,448,3,448,451,451,453,456,456,458
1,448,5,448,453,453,453,458,458,458
1,448,7,448,455,455,453,460,460,458
1,448,11,448,459,459,453,464,464,458
1,448,13,448,461,461,453,466,466,458
1,448,17,448,465,465,453,470,470,458
1,448,19,448,467,467,453,472,472,458
1,449,2,449,451,451,454,456,456,459
1,449,3,449,452,452,454,457,457,459
1,449,5,449,454,454,454,459,459,459
1,449,7,449,456,456,454,461,461,459
1,449,11,449,460,460,454,465,465,459
1,449,13,449,462,462,454,467,467,459
1,449,17,449,466,466,454,471,471,459
1,449,19,449,468,468,454,473,473,459
1,450,2,450,452,452,455,457,457,460
1,450,3,450,453,453,455,458,458,460
1,450,5,450,455,455,455,460,460,460
1,450,7,450,457,457,455,462,462,460
1,450,11,450,461,461,455,466,466,460
1,450,13,450,463,463,455,468,468,460
1,450,17,450,467,467,455,472,472,460
1,450,19,450,469,469,455,474,474,460
1,451,2,451,453,453,456,458,458,461
1,451,3,451,454,454,456,459,459,461
1,451,5,451,456,456,456,461,461,461
1,451,7,451,458,458,456,463,463,461
1,451,11,451,462,462,456,467,467,461
1,451,13,451,464,464,456,469,469,461
1,451,17,451,468,468,456,473,473,461
1,451,19,451,470,470,456,475,475,461
1,452,2,452,454,454,457,459,459,462
1,452,3,452,455,455,457,460,460,462
1,452,5,452,457,457,457,462,462,462
1,452,7,452,459,459,457,464,464,462
1,452,11,452,463,463,457,468,468,462
1,452,13,452,465,465,457,470,470,462
1,452,17,452,469,469,457,474,474,462
1,452,19,452,471,471,457,476,476,462
1,453,2,453,455,455,458,460,460,463
1,453,3,453,456,456,458,461,461,463
1,453,5,453,458,458,458,463,463,463
1,453,7,453,460,460,458,465,465,463
1,453,11,453,464,464,458,469,469,463
1,453,13,453,466,466,458,471,471,463
1,453,17,453,470,470,458,475,475,463
1,453,19,453,472,472,458,477,477,463
1,454,2,454,456,456,459,461,461,464
1,454,3,454,457,457,459,462,462,464
1,454,5,454,459,459,459,464,464,464
1,454,7,454,461,461,459,466,466,464
1,454,11,454,465,465,459,470,470,464
1,454,13,454,467,467,459,472,472,464
1,454,17,454,471,471,459,476,476,464
1,454,19,454,473,473,459,478,478,464
1,455,2,455,457,457,460,462,462,465
1,455,3,455,458,458,460,463,463,465
1,455,5,455,460,460,460,465,465,465
1,455,7,455,462,462,460,467,467,465
1,455,11,455,466,466,460,471,471,465
1,455,13,455,468,468,460,473,473,465
1,455,17,455,472,472,460,477,477,465
1,455,19,455,474,474,460,479,479,465
1,456,2,456,458,458,461,463,463,466
1,456,3,456,459,459,461,464,464,466
1,456,5,456,461,461,461,466,466,466
1,456,7,456,463,463,461,468,468,466
1,456,11,456,467,467,461,472,472,466
1,456,13,456,469,469,461,474,474,466
1,456,17,456,473,473,461,478,478,466
1,456,19,456,475,475,461,480,480,466
1,457,2,457,459,459,462,464,464,467
1,457,3,457,460,460,462,465,465,467
1,457,5,457,462,462,462,467,467,467
1,457,7,457,464,464,462,469,469,467
1,457,11,457,468,468,462,473,473,467
1,457,13,457,470,470,462,475,475,467
1,457,17,457,474,474,462,479,479,467
1,457,19,457,476,476,462,481,481,467
1,458,2,458,460,460,463,465,465,468
1,458,3,458,461,461,463,466,466,468
1,458,5,458,463,463,463,468,468,468
1,458,7,458,465,465,463,470,470,468
1,458,11,458,469,469,463,474,474,468
1,458,13,458,471,471,463,476,476,468
1,458,17,458,475,475,463,480,480,468
1,458,19,458,477,477,463,482,482,468
1,459,2,459,461,461,464,466,466,469
1,459,3,459,462,462,464,467,467,469
1,459,5,459,464,464,464,469,469,469
1,459,7,459,466,466,464,471,471,469
1,459,11,459,470,470,464,475,475,469
1,459,13,459,472,472,464,477,477,469
1,459,17,459,476,476,464,481,481,469
1,459,19,459,478,478,464,483,483,469
1,460,2,460,462,462,465,467,467,470
1,460,3,460,463,463,465,468,468,470
1,460,5,460,465,465,465,470,470,470
1,460,7,460,467,467,465,472,472,470
1,460,11,460,471,471,465,476,476,470
1,460,13,460,473,473,465,478,478,470
1,460,17,460,477,477,465,482,482,470
1,460,19,460,479,479,465,484,484,470
1,461,2,461,463,463,466,468,468,471
1,461,3,461,464,464,466,469,469,471
1,461,5,461,466,466,466,471,471,471
1,461,7,461,468,468,466,473,473,471
1,461,11,461,472,472,466,477,477,471
1,461,13,461,474,474,466,479,479,471
1,461,17,461,478,478,466,483,483,471
1,461,19,461,480,480,466,485,485,471
1,462,2,462,464,464,467,469,469,472
1,462,3,462,465,465,467,470,470,472
1,462,5,462,467,467,467,472,472,472
1,462,7,462,469,469,467,474,474,472
1,462,11,462,473,473,467,478,478,472
1,462,13,462,475,475,467,480,480,472
1,462,17,462,479,479,467,484,484,472
1,462,19,462,481,481,467,486,486,472
1,463,2,463,465,465,468,470,470,473
1,463,3,463,466,466,468,471,471,473
1,463,5,463,468,468,468,473,473,473
1,463,7,463,470,470,468,475,475,473
1,463,11,463,474,474,468,479,479,473
1,463,13,463,476,476,468,481,481,473
1,463,17,463,480,480,468,485,485,473
1,463,19,463,482,482,468,487,487,473
1,464,2,464,466,466,469,471,471,474
1,464,3,464,467,467,469,472,472,474
1,464,5,464,469,469,469,474,474,474
1,464,7,464,471,471,469,476,476,474
1,464,11,464,475,475,469,480,480,474
1,464,13,464,477,477,469,482,482,474
1,464,17,464,481,481,469,486,486,474
1,464,19,464,483,483,469,488,488,474
1,465,2,465,467,467,470,472,472,475
1,465,3,465,468,468,470,473,473,475
1,465,5,465,470,470,470,475,475,475
1,465,7,465,472,472,470,477,477,475
1,465,11,465,476,476,470,481,481,475
1,465,13,465,478,478,470,483,483,475
1,465,17,465,482,482,470,487,487,475
1,465,19,465,484,484,470,489,489,475
1,466,2,466,468,468,471,473,473,476
1,466,3,466,469,469,471,474,474,476
1,466,5,466,471,471,471,476,476,476
1,466,7,466,473,473,471,478,478,476
1,466,11,466,477,477,471,482,482,476
1,466,13,466,479,479,471,484,484,476
1,466,17,466,483,483,471,488,488,476
1,466,19,466,485,485,471,490,490,476
1,467,2,467,469,469,472,474,474,477
1,467,3,467,470,470,472,475,475,477
1,467,5,467,472,472,472,477,477,477
1,467,7,467,474,474,472,479,479,477
1,467,11,467,478,478,472,483,483,477
1,467,13,467,480,480,472,485,485,477
1,467,17,467,484,484,472,489,489,477
1,467,19,467,486,486,472,491,491,477
1,468,2,468,470,470,473,475,475,478
1,468,3,468,471,471,473,476,476,478
1,468,5,468,473,473,473,478,478,478
1,468,7,468,475,475,473,480,480,478
1,468,11,468,479,479,473,484,484,478
1,468,13,468,481,481,473,486,486,478
1,468,17,468,485,485,473,490,490,478
1,468,19,468,487,487,473,492,492,478
1,469,2,469,471,471,474,476,476,479
1,469,3,469,472,472,474,477,477,479
1,469,5,469,474,474,474,479,479,479
1,469,7,469,476,476,474,481,481,479
1,469,11,469,480,480,474,485,485,479
1,469,13,469,482,482,474,487,487,479
1,469,17,469,486,486,474,491,491,479
1,469,19,469,488,488,474,493,493,479
1,470,2,470,472,472,475,477,477,480
1,470,3,470,473,473,475,478,478,480
1,470,5,470,475,475,475,480,480,480
1,470,7,470,477,477,475,482,482,480
1,470,11,470,481,481,475,486,486,480
1,470,13,470,483,483,475,488,488,480
1,470,17,470,487,487,475,492,492,480
1,470,19,470,489,489,475,494,494,480
1,471,2,471,473,473,476,478,478,481
1,471,3,471,474,474,476,479,479,481
1,471,5,471,476,476,476,481,481,481
1,471,7,471,478,478,476,483,483,481
1,471,11,471,482,482,476,487,487,481
1,471,13,471,484,484,476,489,489,481
1,471,17,471,488,488,476,493,493,481
1,471,19,471,490,490,476,495,495,481
1,472,2,472,474,474,477,479,479,482
1,472,3,472,475,475,477,480,480,482
1,472,5,472,477,477,477,482,482,482
1,472,7,472,479,479,477,484,484,482
1,472,11,472,483,483,477,488,488,482
1,472,13,472,485,485,477,490,490,482
1,472,17,472,489,489,477,494,494,482
1,472,19,472,491,491,477,496,496,482
1,473,2,473,475,475,478,480,480,483
1,473,3,473,476,476,478,481,481,483
1,473,5,473,478,478,478,483,483,483
1,473,7,473,480,480,478,485,485,483
1,473,11,473,484,484,478,489,489,483
1,473,13,473,486,486,478,491,491,483
1,473,17,473,490,490,478,495,495,483
1,473,19,473,492,492,478,497,497,483
1,474,2,474,476,476,479,481,481,484
1,474,3,474,477,477,479,482,482,484
1,474,5,474,479,479,479,484,484,484
1,474,7,474,481,481,479,486,486,484
1,474,11,474,485,485,479,490,490,484
1,474,13,474,487,487,479,492,492,484
1,474,17,474,491,491,479,496,496,484
1,474,19,474,493,493,479,498,498,484
1,475,2,475,477,477,480,482,482,485
1,475,3,475,478,478,480,483,483,485
1,475,5,475,480,480,480,485,485,485
1,475,7,475,482,482,480,487,487,485
1,475,11,475,486,486,480,491,491,485
1,475,13,475,488,488,480,493,493,485
1,475,17,475,492,492,480,497,497,485
1,475,19,475,494,494,480,499,499,485
1,476,2,476,478,478,481,483,483,486
1,476,3,476,479,479,481,484,484,486
1,476,5,476,481,481,481,486,486,486
1,476,7,476,483,483,481,488,488,486
1,476,11,476,487,487,481,492,492,486
1,476,13,476,489,489,481,494,494,486
1,476,17,476,493,493,481,498,498,486
1,476,19,476,495,495,481,500,500,486
1,477,2,477,479,479,482,484,484,487
1,477,3,477,480,480,482,485,485,487
1,477,5,477,482,482,482,487,487,487
1,477,7,477,484,484,482,489,489,487
1,477,11,477,488,488,482,493,493,487
1,477,13,477,490,490,482,495,495,487
1,477,17,477,494,494,482,499,499,487
1,477,19,477,496,496,482,501,501,487
1,478,2,478,480,480,483,485,485,488
1,478,3,478,481,481,483,486,486,488
1,478,5,478,483,483,483,488,488,488
1,478,7,478,485,485,483,490,490,488
1,478,11,478,489,489,483,494,494,488
1,478,13,478,491,491,483,496,496,488
1,478,17,478,495,495,483,500,500,488
1,478,19,478,497,497,483,502,502,488
1,479,2,479,481,481,484,486,486,489
1,479,3,479,482,482,484,487,487,489
1,479,5,479,484,484,484,489,489,489
1,479,7,479,486,486,484,491,491,489
1,479,11,479,490,490,484,495,495,489
1,479,13,479,492,492,484,497,497,489
1,479,17,479,496,496,484,501,501,489
1,479,19,479,498,498,484,503,503,489
1,480,2,480,482,482,485,487,487,490
1,480,3,480,483,483,485,488,488,490
1,480,5,480,485,485,485,490,490,490
1,480,7,480,487,487,485,492,492,490
1,480,11,480,491,491,485,496,496,490
1,480,13,480,493,493,485,498,498,490
1,480,17,480,497,497,485,502,502,490
1,480,19,480,499,499,485,504,504,490
1,481,2,481,483,483,486,488,488,491
1,481,3,481,484,484,486,489,489,491
1,481,5,481,486,486,486,491,491,491
1,481,7,481,488,488,486,493,493,491
1,481,11,481,492,492,486,497,497,491
1,481,13,481,494,494,486,499,499,491
1,481,17,481,498,498,486,503,503,491
1,481,19,481,500,500,486,505,505,491
1,482,2,482,484,484,487,489,489,492
1,482,3,482,485,485,487,490,490,492
1,482,5,482,487,487,487,492,492,492
1,482,7,482,489,489,487,494,494,492
1,482,11,482,493,493,487,498,498,492
1,482,13,482,495,495,487,500,500,492
1,482,17,482,499,499,487,504,504,492
1,482,19,482,501,501,487,506,506,492
1,483,2,483,485,485,488,490,490,493
1,483,3,483,486,486,488,491,491,493
1,483,5,483,488,488,488,493,493,493
1,483,7,483,490,490,488,495,495,493
1,483,11,483,494,494,488,499,499,493
1,483,13,483,496,496,488,501,501,493
1,483,17,483,500,500,488,505,505,493
1,483,19,483,502,502,488,507,507,493
1,484,2,484,486,486,489,491,491,494
1,484,3,484,487,487,489,492,492,494
1,484,5,484,489,489,489,494,494,494
1,484,7,484,491,491,489,496,496,494
1,484,11,484,495,495,489,500,500,494
1,484,13,484,497,497,489,502,502,494
1,484,17,484,501,501,489,506,506,494
1,484,19,484,503,503,489,508,508,494
1,485,2,485,487,487,490,492,492,495
1,485,3,485,488,488,490,493,493,495
1,485,5,485,490,490,490,495,495,495
1,485,7,485,492,492,490,497,497,495
1,485,11,485,496,496,490,501,501,495
1,485,13,485,498,498,490,503,503,495
1,485,17,485,502,502,490,507,507,495
1,485,19,485,504,504,490,509,509,495
1,486,2,486,488,488,491,493,493,496
1,486,3,486,489,489,491,494,494,496
1,486,5,486,491,491,491,496,496,496
1,486,7,486,493,493,491,498,498,496
1,486,11,486,497,497,491,502,502,496
1,486,13,486,499,499,491,504,504,496
1,486,17,486,503,503,491,508,508,496
1,486,19,486,505,505,491,510,510,496
1,487,2,487,489,489,492,494,494,497
1,487,3,487,490,490,492,495,495,497
1,487,5,487,492,492,492,497,497,497
1,487,7,487,494,494,492,499,499,497
1,487,11,487,498,498,492,503,503,497
1,487,13,487,500,500,492,505,505,497
1,487,17,487,504,504,492,509,509,497
1,487,19,487,506,506,492,511,511,497
1,488,2,488,490,490,493,495,495,498
1,488,3,488,491,491,493,496,496,498
1,488,5,488,493,493,493,498,498,498
1,488,7,488,495,495,493,500,500,498
1,488,11,488,499,499,493,504,504,498
1,488,13,488,501,501,493,506,506,498
1,488,17,488,505,505,493,510,510,498
1,488,19,488,507,507,493,512,512,498
1,489,2,489,491,491,494,496,496,499
1,489,3,489,492,492,494,497,497,499
1,489,5,489,494,494,494,499,499,499
1,489,7,489,496,496,494,501,501,499
1,489,11,489,500,500,494,505,505,499
1,489,13,489,502,502,494,507,507,499
1,489,17,489,506,506,494,511,511,499
1,489,19,489,508,508,494,513,513,499
1,490,2,490,492,492,495,497,497,500
1,490,3,490,493,493,495,498,498,500
1,490,5,490,495,495,495,500,500,500
1,490,7,490,497,497,495,502,502,500
1,490,11,490,501,501,495,506,506,500
1,490,13,490,503,503,495,508,508,500
1,490,17,490,507,507,495,512,512,500
1,490,19,490,509,509,495,514,514,500
1,491,2,491,493,493,496,498,498,501
1,491,3,491,494,494,496,499,499,501
1,491,5,491,496,496,496,501,501,501
1,491,7,491,498,498,496,503,503,501
1,491,11,491,502,502,496,507,507,501
1,491,13,491,504,504,496,509,509,501
1,491,17,491,508,508,496,513,513,501
1,491,19,491,510,510,496,515,515,501
1,492,2,492,494,494,497,499,499,502
1,492,3,492,495,495,497,500,500,502
1,492,5,492,497,497,497,502,502,502
1,492,7,492,499,499,497,504,504,502
1,492,11,492,503,503,497,508,508,502
1,492,13,492,505,505,497,510,510,502
1,492,17,492,509,509,497,514,514,502
1,492,19,492,511,511,497,516,516,502
1,493,2,493,495,495,498,500,500,503
1,493,3,493,496,496,498,501,501,503
1,493,5,493,498,498,498,503,503,503
1,493,7,493,500,500,498,505,505,503
1,493,11,493,504,504,498,509,509,503
1,493,13,493,506,506,498,511,511,503
1,493,17,493,510,510,498,515,515,503
1,493,19,493,512,512,498,517,517,503
1,494,2,494,496,496,499,501,501,504
1,494,3,494,497,497,499,502,502,504
1,494,5,494,499,499,499,504,504,504
1,494,7,494,501,501,499,506,506,504
1,494,11,494,505,505,499,510,510,504
1,494,13,494,507,507,499,512,512,504
1,494,17,494,511,511,499,516,516,504
1,494,19,494,513,513,499,518,518,504
1,495,2,495,497,497,500,502,502,505
1,495,3,495,498,498,500,503,503,505
1,495,5,495,500,500,500,505,505,505
1,495,7,495,502,502,500,507,507,505
1,495,11,495,506,506,500,511,511,505
1,495,13,495,508,508,500,513,513,505
1,495,17,495,512,512,500,517,517,505
1,495,19,495,514,514,500,519,519,505
1,496,2,496,498,498,501,503,503,506
1,496,3,496,499,499,501,504,504,506
1,496,5,496,501,501,501,506,506,506
1,496,7,496,503,503,501,508,508,506
1,496,11,496,507,507,501,512,512,506
1,496,13,496,509,509,501,514,514,506
1,496,17,496,513,513,501,518,518,506
1,496,19,496,515,515,501,520,520,506
1,497,2,497,499,499,502,504,504,507
1,497,3,497,500,500,502,505,505,507
1,497,5,497,502,502,502,507,507,507
1,497,7,497,504,504,502,509,509,507
1,497,11,497,508,508,502,513,513,507
1,497,13,497,510,510,502,515,515,507
1,497,17,497,514,514,502,519,519,507
1,497,19,497,516,516,502,521,521,507
1,498,2,498,500,500,503,505,505,508
1,498,3,498,501,501,503,506,506,508
1,498,5,498,503,503,503,508,508,508
1,498,7,498,505,505,503,510,510,508
1,498,11,498,509,509,503,514,514,508
1,498,13,498,511,511,503,516,516,508
1,498,17,498,515,515,503,520,520,508
1,498,19,498,517,517,503,522,522,508
1,499,2,499,501,501,504,506,506,509
1,499,3,499,502,502,504,507,507,509
1,499,5,499,504,504,504,509,509,509
1,499,7,499,506,506,504,511,511,509
1,499,11,499,510,510,504,515,515,509
1,499,13,499,512,512,504,517,517,509
1,499,17,499,516,516,504,521,521,509
1,499,19,499,518,518,504,523,523,509
1,500,2,500,502,502,505,507,507,510
1,500,3,500,503,503,505,508,508,510
1,500,5,500,505,505,505,510,510,510
1,500,7,500,507,507,505,512,512,510
1,500,11,500,511,511,505,516,516,510
1,500,13,500,513,513,505,518,518,510
1,500,17,500,517,517,505,522,522,510
1,500,19,500,519,519,505,524,524,510
2,601,2,601,603,603,606,608,608,611
2,601,3,601,604,604,606,609,609,611
2,601,5,601,606,606,606,611,611,611
2,601,7,601,608,608,606,613,613,611
2,601,11,601,612,612,606,617,617,611
2,601,13,601,614,614,606,619,619,611
2,601,17,601,618,618,606,623,623,611
2,601,19,601,620,620,606,625,625,611
2,602,2,602,604,604,607,609,609,612
2,602,3,602,605,605,607,610,610,612
2,602,5,602,607,607,607,612,612,612
2,602,7,602,609,609,607,614,614,612
2,602,11,602,613,613,607,618,618,612
2,602,13,602,615,615,607,620,620,612
2,602,17,602,619,619,607,624,624,612
2,602,19,602,621,621,607,626,626,612
2,603,2,603,605,605,608,610,610,613
2,603,3,603,606,606,608,611,611,613
2,603,5,603,608,608,608,613,613,613
2,603,7,603,610,610,608,615,615,613
2,603,11,603,614,614,608,619,619,613
2,603,13,603,616,616,608,621,621,613
2,603,17,603,620,620,608,625,625,613
2,603,19,603,622,622,608,627,627,613
2,604,2,604,606,606,609,611,611,614
2,604,3,604,607,607,609,612,612,614
2,604,5,604,609,609,609,614,614,614
2,604,7,604,611,611,609,616,616,614
2,604,11,604,615,615,609,620,620,614
2,604,13,604,617,617,609,622,622,614
2,604,17,604,621,621,609,626,626,614
2,604,19,604,623,623,609,628,628,614
2,605,2,605,607,607,610,612,612,615
2,605,3,605,608,608,610,613,613,615
2,605,5,605,610,610,610,615,615,615
2,605,7,605,612,612,610,617,617,615
2,605,11,605,616,616,610,621,621,615
2,605,13,605,618,618,610,623,623,615
2,605,17,605,622,622,610,627,627,615
2,605,19,605,624,624,610,629,629,615
2,606,2,606,608,608,611,613,613,616
2,606,3,606,609,609,611,614,614,616
2,606,5,606,611,611,611,616,616,616
2,606,7,606,613,613,611,618,618,616
2,606,11,606,617,617,611,622,622,616
2,606,13,606,619,619,611,624,624,616
2,606,17,606,623,623,611,628,628,616
2,606,19,606,625,625,611,630,630,616
2,607,2,607,609,609,612,614,614,617
2,607,3,607,610,610,612,615,615,617
2,607,5,607,612,612,612,617,617,617
2,607,7,607,614,614,612,619,619,617
2,607,11,607,618,618,612,623,623,617
2,607,13,607,620,620,612,625,625,617
2,607,17,607,624,624,612,629,629,617
2,607,19,607,626,626,612,631,631,617
2,608,2,608,610,610,613,615,615,618
2,608,3,608,611,611,613,616,616,618
2,608,5,608,613,613,613,618,618,618
2,608,7,608,615,615,613,620,620,618
2,608,11,608,619,619,613,624,624,618
2,608,13,608,621,621,613,626,626,618
2,608,17,608,625,625,613,630,630,618
2,608,19,608,627,627,613,632,632,618
2,609,2,609,611,611,614,616,616,619
2,609,3,609,612,612,614,617,617,619
2,609,5,609,614,614,614,619,619,619
2,609,7,609,616,616,614,621,621,619
2,609,11,609,620,620,614,625,625,619
2,609,13,609,622,622,614,627,627,619
2,609,17,609,626,626,614,631,631,619
2,609,19,609,628,628,614,633,633,619
2,610,2,610,612,612,615,617,617,620
2,610,3,610,613,613,615,618,618,620
2,610,5,610,615,615,615,620,620,620
2,610,7,610,617,617,615,622,622,620
2,610,11,610,621,621,615,626,626,620
2,610,13,610,623,623,615,628,628,620
2,610,17,610,627,627,615,632,632,620
2,610,19,610,629,629,615,634,634,620
2,611,2,611,613,613,616,618,618,621
2,611,3,611,614,614,616,619,619,621
2,611,5,611,616,616,616,621,621,621
2,611,7,611,618,618,616,623,623,621
2,611,11,611,622,622,616,627,627,621
2,611,13,611,624,624,616,629,629,621
2,611,17,611,628,628,616,633,633,621
2,611,19,611,630,630,616,635,635,621
2,612,2,612,614,614,617,619,619,622
2,612,3,612,615,615,617,620,620,622
2,612,5,612,617,617,617,622,622,622
2,612,7,612,619,619,617,624,624,622
2,612,11,612,623,623,617,628,628,622
2,612,13,612,625,625,617,630,630,622
2,612,17,612,629,629,617,634,634,622
2,612,19,612,631,631,617,636,636,622
2,613,2,613,615,615,618,620,620,623
2,613,3,613,616,616,618,621,621,623
2,613,5,613,618,618,618,623,623,623
2,613,7,613,620,620,618,625,625,623
2,613,11,613,624,624,618,629,629,623
2,613,13,613,626,626,618,631,631,623
2,613,17,613,630,630,618,635,635,623
2,613,19,613,632,632,618,637,637,623
2,614,2,614,616,616,619,621,621,624
2,614,3,614,617,617,619,622,622,624
2,614,5,614,619,619,619,624,624,624
2,614,7,614,621,621,619,626,626,624
2,614,11,614,625,625,619,630,630,624
2,614,13,614,627,627,619,632,632,624
2,614,17,614,631,631,619,636,636,624
2,614,19,614,633,633,619,638,638,624
2,615,2,615,617,617,620,622,622,625
2,615,3,615,618,618,620,623,623,625
2,615,5,615,620,620,620,625,625,625
2,615,7,615,622,622,620,627,627,625
2,615,11,615,626,626,620,631,631,625
2,615,13,615,628,628,620,633,633,625
2,615,17,615,632,632,620,637,637,625
2,615,19,615,634,634,620,639,639,625
2,616,2,616,618,618,621,623,623,626
2,616,3,616,619,619,621,624,624,626
2,616,5,616,621,621,621,626,626,626
2,616,7,616,623,623,621,628,628,626
2,616,11,616,627,627,621,632,632,626
2,616,13,616,629,629,621,634,634,626
2,616,17,616,633,633,621,638,638,626
2,616,19,616,635,635,621,640,640,626
2,617,2,617,619,619,622,624,624,627
2,617,3,617,620,620,622,625,625,627
2,617,5,617,622,622,622,627,627,627
2,617,7,617,624,624,622,629,629,627
2,617,11,617,628,628,622,633,633,627
2,617,13,617,630,630,622,635,635,627
2,617,17,617,634,634,622,639,639,627
2,617,19,617,636,636,622,641,641,627
2,618,2,618,620,620,623,625,625,628
2,618,3,618,621,621,623,626,626,628
2,618,5,618,623,623,623,628,628,628
2,618,7,618,625,625,623,630,630,628
2,618,11,618,629,629,623,634,634,628
2,618,13,618,631,631,623,636,636,628
2,618,17,618,635,635,623,640,640,628
2,618,19,618,637,637,623,642,642,628
2,619,2,619,621,621,624,626,626,629
2,619,3,619,622,622,624,627,627,629
2,619,5,619,624,624,624,629,629,629
2,619,7,619,626,626,624,631,631,629
2,619,11,619,630,630,624,635,635,629
2,619,13,619,632,632,624,637,637,629
2,619,17,619,636,636,624,641,641,629
2,619,19,619,638,638,624,643,643,629
2,620,2,620,622,622,625,627,627,630
2,620,3,620,623,623,625,628,628,630
2,620,5,620,625,625,625,630,630,630
2,620,7,620,627,627,625,632,632,630
2,620,11,620,631,631,625,636,636,630
2,620,13,620,633,633,625,638,638,630
2,620,17,620,637,637,625,642,642,630
2,620,19,620,639,639,625,644,644,630
2,621,2,621,623,623,626,628,628,631
2,621,3,621,624,624,626,629,629,631
2,621,5,621,626,626,626,631,631,631
2,621,7,621,628,628,626,633,633,631
2,621,11,621,632,632,626,637,637,631
2,621,13,621,634,634,626,639,639,631
2,621,17,621,638,638,626,643,643,631
2,621,19,621,640,640,626,645,645,631
2,622,2,622,624,624,627,629,629,632
2,622,3,622,625,625,627,630,630,632
2,622,5,622,627,627,627,632,632,632
2,622,7,622,629,629,627,634,634,632
2,622,11,622,633,633,627,638,638,632
2,622,13,622,635,635,627,640,640,632
2,622,17,622,639,639,627,644,644,632
2,622,19,622,641,641,627,646,646,632
2,623,2,623,625,625,628,630,630,633
2,623,3,623,626,626,628,631,631,633
2,623,5,623,628,628,628,633,633,633
2,623,7,623,630,630,628,635,635,633
2,623,11,623,634,634,628,639,639,633
2,623,13,623,636,636,628,641,641,633
2,623,17,623,640,640,628,645,645,633
2,623,19,623,642,642,628,647,647,633
2,624,2,624,626,626,629,631,631,634
2,624,3,624,627,627,629,632,632,634
2,624,5,624,629,629,629,634,634,634
2,624,7,624,631,631,629,636,636,634
2,624,11,624,635,635,629,640,640,634
2,624,13,624,637,637,629,642,642,634
2,624,17,624,641,641,629,646,646,634
2,624,19,624,643,643,629,648,648,634
2,625,2,625,627,627,630,632,632,635
2,625,3,625,628,628,630,633,633,635
2,625,5,625,630,630,630,635,635,635
2,625,7,625,632,632,630,637,637,635
2,625,11,625,636,636,630,641,641,635
2,625,13,625,638,638,630,643,643,635
2,625,17,625,642,642,630,647,647,635
2,625,19,625,644,644,630,649,649,635
2,626,2,626,628,628,631,633,633,636
2,626,3,626,629,629,631,634,634,636
2,626,5,626,631,631,631,636,636,636
2,626,7,626,633,633,631,638,638,636
2,626,11,626,637,637,631,642,642,636
2,626,13,626,639,639,631,644,644,636
2,626,17,626,643,643,631,648,648,636
2,626,19,626,645,645,631,650,650,636
2,627,2,627,629,629,632,634,634,637
2,627,3,627,630,630,632,635,635,637
2,627,5,627,632,632,632,637,637,637
2,627,7,627,634,634,632,639,639,637
2,627,11,627,638,638,632,643,643,637
2,627,13,627,640,640,632,645,645,637
2,627,17,627,644,644,632,649,649,637
2,627,19,627,646,646,632,651,651,637
2,628,2,628,630,630,633,635,635,638
2,628,3,628,631,631,633,636,636,638
2,628,5,628,633,633,633,638,638,638
2,628,7,628,635,635,633,640,640,638
2,628,11,628,639,639,633,644,644,638
2,628,13,628,641,641,633,646,646,638
2,628,17,628,645,645,633,650,650,638
2,628,19,628,647,647,633,652,652,638
2,629,2,629,631,631,634,636,636,639
2,629,3,629,632,632,634,637,637,639
2,629,5,629,634,634,634,639,639,639
2,629,7,629,636,636,634,641,641,639
2,629,11,629,640,640,634,645,645,639
2,629,13,629,642,642,634,647,647,639
2,629,17,629,646,646,634,651,651,639
2,629,19,629,648,648,634,653,653,639
2,630,2,630,632,632,635,637,637,640
2,630,3,630,633,633,635,638,638,640
2,630,5,630,635,635,635,640,640,640
2,630,7,630,637,637,635,642,642,640
2,630,11,630,641,641,635,646,646,640
2,630,13,630,643,643,635,648,648,640
2,630,17,630,647,647,635,652,652,640
2,630,19,630,649,649,635,654,654,640
2,631,2,631,633,633,636,638,638,641
2,631,3,631,634,634,636,639,639,641
2,631,5,631,636,636,636,641,641,641
2,631,7,631,638,638,636,643,643,641
2,631,11,631,642,642,636,647,647,641
2,631,13,631,644,644,636,649,649,641
2,631,17,631,648,648,636,653,653,641
2,631,19,631,650,650,636,655,655,641
2,632,2,632,634,634,637,639,639,642
2,632,3,632,635,635,637,640,640,642
2,632,5,632,637,637,637,642,642,642
2,632,7,632,639,639,637,644,644,642
2,632,11,632,643,643,637,648,648,642
2,632,13,632,645,645,637,650,650,642
2,632,17,632,649,649,637,654,654,642
2,632,19,632,651,651,637,656,656,642
2,633,2,633,635,635,638,640,640,643
2,633,3,633,636,636,638,641,641,643
2,633,5,633,638,638,638,643,643,643
2,633,7,633,640,640,638,645,645,643
2,633,11,633,644,644,638,649,649,643
2,633,13,633,646,646,638,651,651,643
2,633,17,633,650,650,638,655,655,643
2,633,19,633,652,652,638,657,657,643
2,634,2,634,636,636,639,641,641,644
2,634,3,634,637,637,639,642,642,644
2,634,5,634,639,639,639,644,644,644
2,634,7,634,641,641,639,646,646,644
2,634,11,634,645,645,639,650,650,644
2,634,13,634,647,647,639,652,652,644
2,634,17,634,651,651,639,656,656,644
2,634,19,634,653,653,639,658,658,644
2,635,2,635,637,637,640,642,642,645
2,635,3,635,638,638,640,643,643,645
2,635,5,635,640,640,640,645,645,645
2,635,7,635,642,642,640,647,647,645
2,635,11,635,646,646,640,651,651,645
2,635,13,635,648,648,640,653,653,645
2,635,17,635,652,652,640,657,657,645
2,635,19,635,654,654,640,659,659,645
2,636,2,636,638,638,641,643,643,646
2,636,3,636,639,639,641,644,644,646
2,636,5,636,641,641,641,646,646,646
2,636,7,636,643,643,641,648,648,646
2,636,11,636,647,647,641,652,652,646
2,636,13,636,649,649,641,654,654,646
2,636,17,636,653,653,641,658,658,646
2,636,19,636,655,655,641,660,660,646
2,637,2,637,639,639,642,644,644,647
2,637,3,637,640,640,642,645,645,647
2,637,5,637,642,642,642,647,647,647
2,637,7,637,644,644,642,649,649,647
2,637,11,637,648,648,642,653,653,647
2,637,13,637,650,650,642,655,655,647
2,637,17,637,654,654,642,659,659,647
2,637,19,637,656,656,642,661,661,647
2,638,2,638,640,640,643,645,645,648
2,638,3,638,641,641,643,646,646,648
2,638,5,638,643,643,643,648,648,648
2,638,7,638,645,645,643,650,650,648
2,638,11,638,649,649,643,654,654,648
2,638,13,638,651,651,643,656,656,648
2,638,17,638,655,655,643,660,660,648
2,638,19,638,657,657,643,662,662,648
2,639,2,639,641,641,644,646,646,649
2,639,3,639,642,642,644,647,647,649
2,639,5,639,644,644,644,649,649,649
2,639,7,639,646,646,644,651,651,649
2,639,11,639,650,650,644,655,655,649
2,639,13,639,652,652,644,657,657,649
2,639,17,639,656,656,644,661,661,649
2,639,19,639,658,658,644,663,663,649
2,640,2,640,642,642,645,647,647,650
2,640,3,640,643,643,645,648,648,650
2,640,5,640,645,645,645,650,650,650
2,640,7,640,647,647,645,652,652,650
2,640,11,640,651,651,645,656,656,650
2,640,13,640,653,653,645,658,658,650
2,640,17,640,657,657,645,662,662,650
2,640,19,640,659,659,645,664,664,650
2,641,2,641,643,643,646,648,648,651
2,641,3,641,644,644,646,649,649,651
2,641,5,641,646,646,646,651,651,651
2,641,7,641,648,648,646,653,653,651
2,641,11,641,652,652,646,657,657,651
2,641,13,641,654,654,646,659,659,651
2,641,17,641,658,658,646,663,663,651
2,641,19,641,660,660,646,665,665,651
2,642,2,642,644,644,647,649,649,652
2,642,3,642,645,645,647,650,650,652
2,642,5,642,647,647,647,652,652,652
2,642,7,642,649,649,647,654,654,652
2,642,11,642,653,653,647,658,658,652
2,642,13,642,655,655,647,660,660,652
2,642,17,642,659,659,647,664,664,652
2,642,19,642,661,661,647,666,666,652
2,643,2,643,645,645,648,650,650,653
2,643,3,643,646,646,648,651,651,653
2,643,5,643,648,648,648,653,653,653
2,643,7,643,650,650,648,655,655,653
2,643,11,643,654,654,648,659,659,653
2,643,13,643,656,656,648,661,661,653
2,643,17,643,660,660,648,665,665,653
2,643,19,643,662,662,648,667,667,653
2,644,2,644,646,646,649,651,651,654
2,644,3,644,647,647,649,652,652,654
2,644,5,644,649,649,649,654,654,654
2,644,7,644,651,651,649,656,656,654
2,644,11,644,655,655,649,660,660,654
2,644,13,644,657,657,649,662,662,654
2,644,17,644,661,661,649,666,666,654
2,644,19,644,663,663,649,668,668,654
2,645,2,645,647,647,650,652,652,655
2,645,3,645,648,648,650,653,653,655
2,645,5,645,650,650,650,655,655,655
2,645,7,645,652,652,650,657,657,655
2,645,11,645,656,656,650,661,661,655
2,645,13,645,658,658,650,663,663,655
2,645,17,645,662,662,650,667,667,655
2,645,19,645,664,664,650,669,669,655
2,646,2,646,648,648,651,653,653,656
2,646,3,646,649,649,651,654,654,656
2,646,5,646,651,651,651,656,656,656
2,646,7,646,653,653,651,658,658,656
2,646,11,646,657,657,651,662,662,656
2,646,13,646,659,659,651,664,664,656
2,646,17,646,663,663,651,668,668,656
2,646,19,646,665,665,651,670,670,656
2,647,2,647,649,649,652,654,654,657
2,647,3,647,650,650,652,655,655,657
2,647,5,647,652,652,652,657,657,657
2,647,7,647,654,654,652,659,659,657
2,647,11,647,658,658,652,663,663,657
2,647,13,647,660,660,652,665,665,657
2,647,17,647,664,664,652,669,669,657
2,647,19,647,666,666,652,671,671,657
2,648,2,648,650,650,653,655,655,658
2,648,3,648,651,651,653,656,656,658
2,648,5,648,653,653,653,658,658,658
2,648,7,648,655,655,653,660,660,658
2,648,11,648,659,659,653,664,664,658
2,648,13,648,661,661,653,666,666,658
2,648,17,648,665,665,653,670,670,658
2,648,19,648,667,667,653,672,672,658
2,649,2,649,651,651,654,656,656,659
2,649,3,649,652,652,654,657,657,659
2,649,5,649,654,654,654,659,659,659
2,649,7,649,656,656,654,661,661,659
2,649,11,649,660,660,654,665,665,659
2,649,13,649,662,662,654,667,667,659
2,649,17,649,666,666,654,671,671,659
2,649,19,649,668,668,654,673,673,659
2,650,2,650,652,652,655,657,657,660
2,650,3,650,653,653,655,658,658,660
2,650,5,650,655,655,655,660,660,660
2,650,7,650,657,657,655,662,662,660
2,650,11,650,661,661,655,666,666,660
2,650,13,650,663,663,655,668,668,660
2,650,17,650,667,667,655,672,672,660
2,650,19,650,669,669,655,674,674,660
2,651,2,651,653,653,656,658,658,661
2,651,3,651,654,654,656,659,659,661
2,651,5,651,656,656,656,661,661,661
2,651,7,651,658,658,656,663,663,661
2,651,11,651,662,662,656,667,667,661
2,651,13,651,664,664,656,669,669,661
2,651,17,651,668,668,656,673,673,661
2,651,19,651,670,670,656,675,675,661
2,652,2,652,654,654,657,659,659,662
2,652,3,652,655,655,657,660,660,662
2,652,5,652,657,657,657,662,662,662
2,652,7,652,659,659,657,664,664,662
2,652,11,652,663,663,657,668,668,662
2,652,13,652,665,665,657,670,670,662
2,652,17,652,669,669,657,674,674,662
2,652,19,652,671,671,657,676,676,662
2,653,2,653,655,655,658,660,660,663
2,653,3,653,656,656,658,661,661,663
2,653,5,653,658,658,658,663,663,663
2,653,7,653,660,660,658,665,665,663
2,653,11,653,664,664,658,669,669,663
2,653,13,653,666,666,658,671,671,663
2,653,17,653,670,670,658,675,675,663
2,653,19,653,672,672,658,677,677,663
2,654,2,654,656,656,659,661,661,664
2,654,3,654,657,657,659,662,662,664
2,654,5,654,659,659,659,664,664,664
2,654,7,654,661,661,659,666,666,664
2,654,11,654,665,665,659,670,670,664
2,654,13,654,667,667,659,672,672,664
2,654,17,654,671,671,659,676,676,664
2,654,19,654,673,673,659,678,678,664
2,655,2,655,657,657,660,662,662,665
2,655,3,655,658,658,660,663,663,665
2,655,5,655,660,660,660,665,665,665
2,655,7,655,662,662,660,667,667,665
2,655,11,655,666,666,660,671,671,665
2,655,13,655,668,668,660,673,673,665
2,655,17,655,672,672,660,677,677,665
2,655,19,655,674,674,660,679,679,665
2,656,2,656,658,658,661,663,663,666
2,656,3,656,659,659,661,664,664,666
2,656,5,656,661,661,661,666,666,666
2,656,7,656,663,663,661,668,668,666
2,656,11,656,667,667,661,672,672,666
2,656,13,656,669,669,661,674,674,666
2,656,17,656,673,673,661,678,678,666
2,656,19,656,675,675,661,680,680,666
2,657,2,657,659,659,662,664,664,667
2,657,3,657,660,660,662,665,665,667
2,657,5,657,662,662,662,667,667,667
2,657,7,657,664,664,662,669,669,667
2,657,11,657,668,668,662,673,673,667
2,657,13,657,670,670,662,675,675,667
2,657,17,657,674,674,662,679,679,667
2,657,19,657,676,676,662,681,681,667
2,658,2,658,660,660,663,665,665,668
2,658,3,658,661,661,663,666,666,668
2,658,5,658,663,663,663,668,668,668
2,658,7,658,665,665,663,670,670,668
2,658,11,658,669,669,663,674,674,668
2,658,13,658,671,671,663,676,676,668
2,658,17,658,675,675,663,680,680,668
2,658,19,658,677,677,663,682,682,668
2,659,2,659,661,661,664,666,666,669
2,659,3,659,662,662,664,667,667,669
2,659,5,659,664,664,664,669,669,669
2,659,7,659,666,666,664,671,671,669
2,659,11,659,670,670,664,675,675,669
2,659,13,659,672,672,664,677,677,669
2,659,17,659,676,676,664,681,681,669
2,659,19,659,678,678,664,683,683,669
2,660,2,660,662,662,665,667,667,670
2,660,3,660,663,663,665,668,668,670
2,660,5,660,665,665,665,670,670,670
2,660,7,660,667,667,665,672,672,670
2,660,11,660,671,671,665,676,676,670
2,660,13,660,673,673,665,678,678,670
2,660,17,660,677,677,665,682,682,670
2,660,19,660,679,679,665,684,684,670
2,661,2,661,663,663,666,668,668,671
2,661,3,661,664,664,666,669,669,671
2,661,5,661,666,666,666,671,671,671
2,661,7,661,668,668,666,673,673,671
2,661,11,661,672,672,666,677,677,671
2,661,13,661,674,674,666,679,679,671
2,661,17,661,678,678,666,683,683,671
2,661,19,661,680,680,666,685,685,671
2,662,2,662,664,664,667,669,669,672
2,662,3,662,665,665,667,670,670,672
2,662,5,662,667,667,667,672,672,672
2,662,7,662,669,669,667,674,674,672
2,662,11,662,673,673,667,678,678,672
2,662,13,662,675,675,667,680,680,672
2,662,17,662,679,679,667,684,684,672
2,662,19,662,681,681,667,686,686,672
2,663,2,663,665,665,668,670,670,673
2,663,3,663,666,666,668,671,671,673
2,663,5,663,668,668,668,673,673,673
2,663,7,663,670,670,668,675,675,673
2,663,11,663,674,674,668,679,679,673
2,663,13,663,676,676,668,681,681,673
2,663,17,663,680,680,668,685,685,673
2,663,19,663,682,682,668,687,687,673
2,664,2,664,666,666,669,671,671,674
2,664,3,664,667,667,669,672,672,674
2,664,5,664,669,669,669,674,674,674
2,664,7,664,671,671,669,676,676,674
2,664,11,664,675,675,669,680,680,674
2,664,13,664,677,677,669,682,682,674
2,664,17,664,681,681,669,686,686,674
2,664,19,664,683,683,669,688,688,674
2,665,2,665,667,667,670,672,672,675
2,665,3,665,668,668,670,673,673,675
2,665,5,665,670,670,670,675,675,675
2,665,7,665,672,672,670,677,677,675
2,665,11,665,676,676,670,681,681,675
2,665,13,665,678,678,670,683,683,675
2,665,17,665,682,682,670,687,687,675
2,665,19,665,684,684,670,689,689,675
2,666,2,666,668,668,671,673,673,676
2,666,3,666,669,669,671,674,674,676
2,666,5,666,671,671,671,676,676,676
2,666,7,666,673,673,671,678,678,676
2,666,11,666,677,677,671,682,682,676
2,666,13,666,679,679,671,684,684,676
2,666,17,666,683,683,671,688,688,676
2,666,19,666,685,685,671,690,690,676
2,667,2,667,669,669,672,674,674,677
2,667,3,667,670,670,672,675,675,677
2,667,5,667,672,672,672,677,677,677
2,667,7,667,674,674,672,679,679,677
2,667,11,667,678,678,672,683,683,677
2,667,13,667,680,680,672,685,685,677
2,667,17,667,684,684,672,689,689,677
2,667,19,667,686,686,672,691,691,677
2,668,2,668,670,670,673,675,675,678
2,668,3,668,671,671,673,676,676,678
2,668,5,668,673,673,673,678,678,678
2,668,7,668,675,675,673,680,680,678
2,668,11,668,679,679,673,684,684,678
2,668,13,668,681,681,673,686,686,678
2,668,17,668,685,685,673,690,690,678
2,668,19,668,687,687,673,692,692,678
2,669,2,669,671,671,674,676,676,679
2,669,3,669,672,672,674,677,677,679
2,669,5,669,674,674,674,679,679,679
2,669,7,669,676,676,674,681,681,679
2,669,11,669,680,680,674,685,685,679
2,669,13,669,682,682,674,687,687,679
2,669,17,669,686,686,674,691,691,679
2,669,19,669,688,688,674,693,693,679
2,670,2,670,672,672,675,677,677,680
2,670,3,670,673,673,675,678,678,680
2,670,5,670,675,675,675,680,680,680
2,670,7,670,677,677,675,682,682,680
2,670,11,670,681,681,675,686,686,680
2,670,13,670,683,683,675,688,688,680
2,670,17,670,687,687,675,692,692,680
2,670,19,670,689,689,675,694,694,680
2,671,2,671,673,673,676,678,678,681
2,671,3,671,674,674,676,679,679,681
2,671,5,671,676,676,676,681,681,681
2,671,7,671,678,678,676,683,683,681
2,671,11,671,682,682,676,687,687,681
2,671,13,671,684,684,676,689,689,681
2,671,17,671,688,688,676,693,693,681
2,671,19,671,690,690,676,695,695,681
2,672,2,672,674,674,677,679,679,682
2,672,3,672,675,675,677,680,680,682
2,672,5,672,677,677,677,682,682,682
2,672,7,672,679,679,677,684,684,682
2,672,11,672,683,683,677,688,688,682
2,672,13,672,685,685,677,690,690,682
2,672,17,672,689,689,677,694,694,682
2,672,19,672,691,691,677,696,696,682
2,673,2,673,675,675,678,680,680,683
2,673,3,673,676,676,678,681,681,683
2,673,5,673,678,678,678,683,683,683
2,673,7,673,680,680,678,685,685,683
2,673,11,673,684,684,678,689,689,683
2,673,13,673,686,686,678,691,691,683
2,673,17,673,690,690,678,695,695,683
2,673,19,673,692,692,678,697,697,683
2,674,2,674,676,676,679,681,681,684
2,674,3,674,677,677,679,682,682,684
2,674,5,674,679,679,679,684,684,684
2,674,7,674,681,681,679,686,686,684
2,674,11,674,685,685,679,690,690,684
2,674,13,674,687,687,679,692,692,684
2,674,17,674,691,691,679,696,696,684
2,674,19,674,693,693,679,698,698,684
2,675,2,675,677,677,680,682,682,685
2,675,3,675,678,678,680,683,683,685
2,675,5,675,680,680,680,685,685,685
2,675,7,675,682,682,680,687,687,685
2,675,11,675,686,686,680,691,691,685
2,675,13,675,688,688,680,693,693,685
2,675,17,675,692,692,680,697,697,685
2,675,19,675,694,694,680,699,699,685
2,676,2,676,678,678,681,683,683,686
2,676,3,676,679,679,681,684,684,686
2,676,5,676,681,681,681,686,686,686
2,676,7,676,683,683,681,688,688,686
2,676,11,676,687,687,681,692,692,686
2,676,13,676,689,689,681,694,694,686
2,676,17,676,693,693,681,698,698,686
2,676,19,676,695,695,681,700,700,686
2,677,2,677,679,679,682,684,684,687
2,677,3,677,680,680,682,685,685,687
2,677,5,677,682,682,682,687,687,687
2,677,7,677,684,684,682,689,689,687
2,677,11,677,688,688,682,693,693,687
2,677,13,677,690,690,682,695,695,687
2,677,17,677,694,694,682,699,699,687
2,677,19,677,696,696,682,701,701,687
2,678,2,678,680,680,683,685,685,688
2,678,3,678,681,681,683,686,686,688
2,678,5,678,683,683,683,688,688,688
2,678,7,678,685,685,683,690,690,688
2,678,11,678,689,689,683,694,694,688
2,678,13,678,691,691,683,696,696,688
2,678,17,678,695,695,683,700,700,688
2,678,19,678,697,697,683,702,702,688
2,679,2,679,681,681,684,686,686,689
2,679,3,679,682,682,684,687,687,689
2,679,5,679,684,684,684,689,689,689
2,679,7,679,686,686,684,691,691,689
2,679,11,679,690,690,684,695,695,689
2,679,13,679,692,692,684,697,697,689
2,679,17,679,696,696,684,701,701,689
2,679,19,679,698,698,684,703,703,689
2,680,2,680,682,682,685,687,687,690
2,680,3,680,683,683,685,688,688,690
2,680,5,680,685,685,685,690,690,690
2,680,7,680,687,687,685,692,692,690
2,680,11,680,691,691,685,696,696,690
2,680,13,680,693,693,685,698,698,690
2,680,17,680,697,697,685,702,702,690
2,680,19,680,699,699,685,704,704,690
2,681,2,681,683,683,686,688,688,691
2,681,3,681,684,684,686,689,689,691
2,681,5,681,686,686,686,691,691,691
2,681,7,681,688,688,686,693,693,691
2,681,11,681,692,692,686,697,697,691
2,681,13,681,694,694,686,699,699,691
2,681,17,681,698,698,686,703,703,691
2,681,19,681,700,700,686,705,705,691
2,682,2,682,684,684,687,689,689,692
2,682,3,682,685,685,687,690,690,692
2,682,5,682,687,687,687,692,692,692
2,682,7,682,689,689,687,694,694,692
2,682,11,682,693,693,687,698,698,692
2,682,13,682,695,695,687,700,700,692
2,682,17,682,699,699,687,704,704,692
2,682,19,682,701,701,687,706,706,692
2,683,2,683,685,685,688,690,690,693
2,683,3,683,686,686,688,691,691,693
2,683,5,683,688,688,688,693,693,693
2,683,7,683,690,690,688,695,695,693
2,683,11,683,694,694,688,699,699,693
2,683,13,683,696,696,688,701,701,693
2,683,17,683,700,700,688,705,705,693
2,683,19,683,702,702,688,707,707,693
2,684,2,684,686,686,689,691,691,694
2,684,3,684,687,687,689,692,692,694
2,684,5,684,689,689,689,694,694,694
2,684,7,684,691,691,689,696,696,694
2,684,11,684,695,695,689,700,700,694
2,684,13,684,697,697,689,702,702,694
2,684,17,684,701,701,689,706,706,694
2,684,19,684,703,703,689,708,708,694
2,685,2,685,687,687,690,692,692,695
2,685,3,685,688,688,690,693,693,695
2,685,5,685,690,690,690,695,695,695
2,685,7,685,692,692,690,697,697,695
2,685,11,685,696,696,690,701,701,695
2,685,13,685,698,698,690,703,703,695
2,685,17,685,702,702,690,707,707,695
2,685,19,685,704,704,690,709,709,695
2,686,2,686,688,688,691,693,693,696
2,686,3,686,689,689,691,694,694,696
2,686,5,686,691,691,691,696,696,696
2,686,7,686,693,693,691,698,698,696
2,686,11,686,697,697,691,702,702,696
2,686,13,686,699,699,691,704,704,696
2,686,17,686,703,703,691,708,708,696
2,686,19,686,705,705,691,710,710,696
2,687,2,687,689,689,692,694,694,697
2,687,3,687,690,690,692,695,695,697
2,687,5,687,692,692,692,697,697,697
2,687,7,687,694,694,692,699,699,697
2,687,11,687,698,698,692,703,703,697
2,687,13,687,700,700,692,705,705,697
2,687,17,687,704,704,692,709,709,697
2,687,19,687,706,706,692,711,711,697
2,688,2,688,690,690,693,695,695,698
2,688,3,688,691,691,693,696,696,698
2,688,5,688,693,693,693,698,698,698
2,688,7,688,695,695,693,700,700,698
2,688,11,688,699,699,693,704,704,698
2,688,13,688,701,701,693,706,706,698
2,688,17,688,705,705,693,710,710,698
2,688,19,688,707,707,693,712,712,698
2,689,2,689,691,691,694,696,696,699
2,689,3,689,692,692,694,697,697,699
2,689,5,689,694,694,694,699,699,699
2,689,7,689,696,696,694,701,701,699
2,689,11,689,700,700,694,705,705,699
2,689,13,689,702,702,694,707,707,699
2,689,17,689,706,706,694,711,711,699
2,689,19,689,708,708,694,713,713,699
2,690,2,690,692,692,695,697,697,700
2,690,3,690,693,693,695,698,698,700
2,690,5,690,695,695,695,700,700,700
2,690,7,690,697,697,695,702,702,700
2,690,11,690,701,701,695,706,706,700
2,690,13,690,703,703,695,708,708,700
2,690,17,690,707,707,695,712,712,700
2,690,19,690,709,709,695,714,714,700
2,691,2,691,693,693,696,698,698,701
2,691,3,691,694,694,696,699,699,701
2,691,5,691,696,696,696,701,701,701
2,691,7,691,698,698,696,703,703,701
2,691,11,691,702,702,696,707,707,701
2,691,13,691,704,704,696,709,709,701
2,691,17,691,708,708,696,713,713,701
2,691,19,691,710,710,696,715,715,701
2,692,2,692,694,694,697,699,699,702
2,692,3,692,695,695,697,700,700,702
2,692,5,692,697,697,697,702,702,702
2,692,7,692,699,699,697,704,704,702
2,692,11,692,703,703,697,708,708,702
2,692,13,692,705,705,697,710,710,702
2,692,17,692,709,709,697,714,714,702
2,692,19,692,711,711,697,716,716,702
2,693,2,693,695,695,698,700,700,703
2,693,3,693,696,696,698,701,701,703
2,693,5,693,698,698,698,703,703,703
2,693,7,693,700,700,698,705,705,703
2,693,11,693,704,704,698,709,709,703
2,693,13,693,706,706,698,711,711,703
2,693,17,693,710,710,698,715,715,703
2,693,19,693,712,712,698,717,717,703
2,694,2,694,696,696,699,701,701,704
2,694,3,694,697,697,699,702,702,704
2,694,5,694,699,699,699,704,704,704
2,694,7,694,701,701,699,706,706,704
2,694,11,694,705,705,699,710,710,704
2,694,13,694,707,707,699,712,712,704
2,694,17,694,711,711,699,716,716,704
2,694,19,694,713,713,699,718,718,704
2,695,2,695,697,697,700,702,702,705
2,695,3,695,698,698,700,703,703,705
2,695,5,695,700,700,700,705,705,705
2,695,7,695,702,702,700,707,707,705
2,695,11,695,706,706,700,711,711,705
2,695,13,695,708,708,700,713,713,705
2,695,17,695,712,712,700,717,717,705
2,695,19,695,714,714,700,719,719,705
2,696,2,696,698,698,701,703,703,706
2,696,3,696,699,699,701,704,704,706
2,696,5,696,701,701,701,706,706,706
2,696,7,696,703,703,701,708,708,706
2,696,11,696,707,707,701,712,712,706
2,696,13,696,709,709,701,714,714,706
2,696,17,696,713,713,701,718,718,706
2,696,19,696,715,715,701,720,720,706
2,697,2,697,699,699,702,704,704,707
2,697,3,697,700,700,702,705,705,707
2,697,5,697,702,702,702,707,707,707
2,697,7,697,704,704,702,709,709,707
2,697,11,697,708,708,702,713,713,707
2,697,13,697,710,710,702,715,715,707
2,697,17,697,714,714,702,719,719,707
2,697,19,697,716,716,702,721,721,707
2,698,2,698,700,700,703,705,705,708
2,698,3,698,701,701,703,706,706,708
2,698,5,698,703,703,703,708,708,708
2,698,7,698,705,705,703,710,710,708
2,698,11,698,709,709,703,714,714,708
2,698,13,698,711,711,703,716,716,708
2,698,17,698,715,715,703,720,720,708
2,698,19,698,717,717,703,722,722,708
2,699,2,699,701,701,704,706,706,709
2,699,3,699,702,702,704,707,707,709
2,699,5,699,704,704,704,709,709,709
2,699,7,699,706,706,704,711,711,709
2,699,11,699,710,710,704,715,715,709
2,699,13,699,712,712,704,717,717,709
2,699,17,699,716,716,704,721,721,709
2,699,19,699,718,718,704,723,723,709
2,700,2,700,702,702,705,707,707,710
2,700,3,700,703,703,705,708,708,710
2,700,5,700,705,705,705,710,710,710
2,700,7,700,707,707,705,712,712,710
2,700,11,700,711,711,705,716,716,710
2,700,13,700,713,713,705,718,718,710
2,700,17,700,717,717,705,722,722,710
2,700,19,700,719,719,705,724,724,710
2,701,2,701,703,703,706,708,708,711
2,701,3,701,704,704,706,709,709,711
2,701,5,701,706,706,706,711,711,711
2,701,7,701,708,708,706,713,713,711
2,701,11,701,712,712,706,717,717,711
2,701,13,701,714,714,706,719,719,711
2,701,17,701,718,718,706,723,723,711
2,701,19,701,720,720,706,725,725,711
2,702,2,702,704,704,707,709,709,712
2,702,3,702,705,705,707,710,710,712
2,702,5,702,707,707,707,712,712,712
2,702,7,702,709,709,707,714,714,712
2,702,11,702,713,713,707,718,718,712
2,702,13,702,715,715,707,720,720,712
2,702,17,702,719,719,707,724,724,712
2,702,19,702,721,721,707,726,726,712
2,703,2,703,705,705,708,710,710,713
2,703,3,703,706,706,708,711,711,713
2,703,5,703,708,708,708,713,713,713
2,703,7,703,710,710,708,715,715,713
2,703,11,703,714,714,708,719,719,713
2,703,13,703,716,716,708,721,721,713
2,703,17,703,720,720,708,725,725,713
2,703,19,703,722,722,708,727,727,713
2,704,2,704,706,706,709,711,711,714
2,704,3,704,707,707,709,712,712,714
2,704,5,704,709,709,709,714,714,714
2,704,7,704,711,711,709,716,716,714
2,704,11,704,715,715,709,720,720,714
2,704,13,704,717,717,709,722,722,714
2,704,17,704,721,721,709,726,726,714
2,704,19,704,723,723,709,728,728,714
2,705,2,705,707,707,710,712,712,715
2,705,3,705,708,708,710,713,713,715
2,705,5,705,710,710,710,715,715,715
2,705,7,705,712,712,710,717,717,715
2,705,11,705,716,716,710,721,721,715
2,705,13,705,718,718,710,723,723,715
2,705,17,705,722,722,710,727,727,715
2,705,19,705,724,724,710,729,729,715
2,706,2,706,708,708,711,713,713,716
2,706,3,706,709,709,711,714,714,716
2,706,5,706,711,711,711,716,716,716
2,706,7,706,713,713,711,718,718,716
2,706,11,706,717,717,711,722,722,716
2,706,13,706,719,719,711,724,724,716
2,706,17,706,723,723,711,728,728,716
2,706,19,706,725,725,711,730,730,716
2,707,2,707,709,709,712,714,714,717
2,707,3,707,710,710,712,715,715,717
2,707,5,707,712,712,712,717,717,717
2,707,7,707,714,714,712,719,719,717
2,707,11,707,718,718,712,723,723,717
2,707,13,707,720,720,712,725,725,717
2,707,17,707,724,724,712,729,729,717
2,707,19,707,726,726,712,731,731,717
2,708,2,708,710,710,713,715,715,718
2,708,3,708,711,711,713,716,716,718
2,708,5,708,713,713,713,718,718,718
2,708,7,708,715,715,713,720,720,718
2,708,11,708,719,719,713,724,724,718
2,708,13,708,721,721,713,726,726,718
2,708,17,708,725,725,713,730,730,718
2,708,19,708,727,727,713,732,732,718
2,709,2,709,711,711,714,716,716,719
2,709,3,709,712,712,714,717,717,719
2,709,5,709,714,714,714,719,719,719
2,709,7,709,716,716,714,721,721,719
2,709,11,709,720,720,714,725,725,719
2,709,13,709,722,722,714,727,727,719
2,709,17,709,726,726,714,731,731,719
2,709,19,709,728,728,714,733,733,719
2,710,2,710,712,712,715,717,717,720
2,710,3,710,713,713,715,718,718,720
2,710,5,710,715,715,715,720,720,720
2,710,7,710,717,717,715,722,722,720
2,710,11,710,721,721,715,726,726,720
2,710,13,710,723,723,715,728,728,720
2,710,17,710,727,727,715,732,732,720
2,710,19,710,729,729,715,734,734,720
2,711,2,711,713,713,716,718,718,721
2,711,3,711,714,714,716,719,719,721
2,711,5,711,716,716,716,721,721,721
2,711,7,711,718,718,716,723,723,721
2,711,11,711,722,722,716,727,727,721
2,711,13,711,724,724,716,729,729,721
2,711,17,711,728,728,716,733,733,721
2,711,19,711,730,730,716,735,735,721
2,712,2,712,714,714,717,719,719,722
2,712,3,712,715,715,717,720,720,722
2,712,5,712,717,717,717,722,722,722
2,712,7,712,719,719,717,724,724,722
2,712,11,712,723,723,717,728,728,722
2,712,13,712,725,725,717,730,730,722
2,712,17,712,729,729,717,734,734,722
2,712,19,712,731,731,717,736,736,722
2,713,2,713,715,715,718,720,720,723
2,713,3,713,716,716,718,721,721,723
2,713,5,713,718,718,718,723,723,723
2,713,7,713,720,720,718,725,725,723
2,713,11,713,724,724,718,729,729,723
2,713,13,713,726,726,718,731,731,723
2,713,17,713,730,730,718,735,735,723
2,713,19,713,732,732,718,737,737,723
2,714,2,714,716,716,719,721,721,724
2,714,3,714,717,717,719,722,722,724
2,714,5,714,719,719,719,724,724,724
2,714,7,714,721,721,719,726,726,724
2,714,11,714,725,725,719,730,730,724
2,714,13,714,727,727,719,732,732,724
2,714,17,714,731,731,719,736,736,724
2,714,19,714,733,733,719,738,738,724
2,715,2,715,717,717,720,722,722,725
2,715,3,715,718,718,720,723,723,725
2,715,5,715,720,720,720,725,725,725
2,715,7,715,722,722,720,727,727,725
2,715,11,715,726,726,720,731,731,725
2,715,13,715,728,728,720,733,733,725
2,715,17,715,732,732,720,737,737,725
2,715,19,715,734,734,720,739,739,725
2,716,2,716,718,718,721,723,723,726
2,716,3,716,719,719,721,724,724,726
2,716,5,716,721,721,721,726,726,726
2,716,7,716,723,723,721,728,728,726
2,716,11,716,727,727,721,732,732,726
2,716,13,716,729,729,721,734,734,726
2,716,17,716,733,733,721,738,738,726
2,716,19,716,735,735,721,740,740,726
2,717,2,717,719,719,722,724,724,727
2,717,3,717,720,720,722,725,725,727
2,717,5,717,722,722,722,727,727,727
2,717,7,717,724,724,722,729,729,727
2,717,11,717,728,728,722,733,733,727
2,717,13,717,730,730,722,735,735,727
2,717,17,717,734,734,722,739,739,727
2,717,19,717,736,736,722,741,741,727
2,718,2,718,720,720,723,725,725,728
2,718,3,718,721,721,723,726,726,728
2,718,5,718,723,723,723,728,728,728
2,718,7,718,725,725,723,730,730,728
2,718,11,718,729,729,723,734,734,728
2,718,13,718,731,731,723,736,736,728
2,718,17,718,735,735,723,740,740,728
2,718,19,718,737,737,723,742,742,728
2,719,2,719,721,721,724,726,726,729
2,719,3,719,722,722,724,727,727,729
2,719,5,719,724,724,724,729,729,729
2,719,7,719,726,726,724,731,731,729
2,719,11,719,730,730,724,735,735,729
2,719,13,719,732,732,724,737,737,729
2,719,17,719,736,736,724,741,741,729
2,719,19,719,738,738,724,743,743,729
2,720,2,720,722,722,725,727,727,730
2,720,3,720,723,723,725,728,728,730
2,720,5,720,725,725,725,730,730,730
2,720,7,720,727,727,725,732,732,730
2,720,11,720,731,731,725,736,736,730
2,720,13,720,733,733,725,738,738,730
2,720,17,720,737,737,725,742,742,730
2,720,19,720,739,739,725,744,744,730
2,721,2,721,723,723,726,728,728,731
2,721,3,721,724,724,726,729,729,731
2,721,5,721,726,726,726,731,731,731
2,721,7,721,728,728,726,733,733,731
2,721,11,721,732,732,726,737,737,731
2,721,13,721,734,734,726,739,739,731
2,721,17,721,738,738,726,743,743,731
2,721,19,721,740,740,726,745,745,731
2,722,2,722,724,724,727,729,729,732
2,722,3,722,725,725,727,730,730,732
2,722,5,722,727,727,727,732,732,732
2,722,7,722,729,729,727,734,734,732
2,722,11,722,733,733,727,738,738,732
2,722,13,722,735,735,727,740,740,732
2,722,17,722,739,739,727,744,744,732
2,722,19,722,741,741,727,746,746,732
2,723,2,723,725,725,728,730,730,733
2,723,3,723,726,726,728,731,731,733
2,723,5,723,728,728,728,733,733,733
2,723,7,723,730,730,728,735,735,733
2,723,11,723,734,734,728,739,739,733
2,723,13,723,736,736,728,741,741,733
2,723,17,723,740,740,728,745,745,733
2,723,19,723,742,742,728,747,747,733
2,724,2,724,726,726,729,731,731,734
2,724,3,724,727,727,729,732,732,734
2,724,5,724,729,729,729,734,734,734
2,724,7,724,731,731,729,736,736,734
2,724,11,724,735,735,729,740,740,734
2,724,13,724,737,737,729,742,742,734
2,724,17,724,741,741,729,746,746,734
2,724,19,724,743,743,729,748,748,734
2,725,2,725,727,727,730,732,732,735
2,725,3,725,728,728,730,733,733,735
2,725,5,725,730,730,730,735,735,735
2,725,7,725,732,732,730,737,737,735
2,725,11,725,736,736,730,741,741,735
2,725,13,725,738,738,730,743,743,735
2,725,17,725,742,742,730,747,747,735
2,725,19,725,744,744,730,749,749,735
2,726,2,726,728,728,731,733,733,736
2,726,3,726,729,729,731,734,734,736
2,726,5,726,731,731,731,736,736,736
2,726,7,726,733,733,731,738,738,736
2,726,11,726,737,737,731,742,742,736
2,726,13,726,739,739,731,744,744,736
2,726,17,726,743,743,731,748,748,736
2,726,19,726,745,745,731,750,750,736
2,727,2,727,729,729,732,734,734,737
2,727,3,727,730,730,732,735,735,737
2,727,5,727,732,732,732,737,737,737
2,727,7,727,734,734,732,739,739,737
2,727,11,727,738,738,732,743,743,737
2,727,13,727,740,740,732,745,745,737
2,727,17,727,744,744,732,749,749,737
2,727,19,727,746,746,732,751,751,737
2,728,2,728,730,730,733,735,735,738
2,728,3,728,731,731,733,736,736,738
2,728,5,728,733,733,733,738,738,738
2,728,7,728,735,735,733,740,740,738
2,728,11,728,739,739,733,744,744,738
2,728,13,728,741,741,733,746,746,738
2,728,17,728,745,745,733,750,750,738
2,728,19,728,747,747,733,752,752,738
2,729,2,729,731,731,734,736,736,739
2,729,3,729,732,732,734,737,737,739
2,729,5,729,734,734,734,739,739,739
2,729,7,729,736,736,734,741,741,739
2,729,11,729,740,740,734,745,745,739
2,729,13,729,742,742,734,747,747,739
2,729,17,729,746,746,734,751,751,739
2,729,19,729,748,748,734,753,753,739
2,730,2,730,732,732,735,737,737,740
2,730,3,730,733,733,735,738,738,740
2,730,5,730,735,735,735,740,740,740
2,730,7,730,737,737,735,742,742,740
2,730,11,730,741,741,735,746,746,740
2,730,13,730,743,743,735,748,748,740
2,730,17,730,747,747,735,752,752,740
2,730,19,730,749,749,735,754,754,740
2,731,2,731,733,733,736,738,738,741
2,731,3,731,734,734,736,739,739,741
2,731,5,731,736,736,736,741,741,741
2,731,7,731,738,738,736,743,743,741
2,731,11,731,742,742,736,747,747,741
2,731,13,731,744,744,736,749,749,741
2,731,17,731,748,748,736,753,753,741
2,731,19,731,750,750,736,755,755,741
2,732,2,732,734,734,737,739,739,742
2,732,3,732,735,735,737,740,740,742
2,732,5,732,737,737,737,742,742,742
2,732,7,732,739,739,737,744,744,742
2,732,11,732,743,743,737,748,748,742
2,732,13,732,745,745,737,750,750,742
2,732,17,732,749,749,737,754,754,742
2,732,19,732,751,751,737,756,756,742
2,733,2,733,735,735,738,740,740,743
2,733,3,733,736,736,738,741,741,743
2,733,5,733,738,738,738,743,743,743
2,733,7,733,740,740,738,745,745,743
2,733,11,733,744,744,738,749,749,743
2,733,13,733,746,746,738,751,751,743
2,733,17,733,750,750,738,755,755,743
2,733,19,733,752,752,738,757,757,743
2,734,2,734,736,736,739,741,741,744
2,734,3,734,737,737,739,742,742,744
2,734,5,734,739,739,739,744,744,744
2,734,7,734,741,741,739,746,746,744
2,734,11,734,745,745,739,750,750,744
2,734,13,734,747,747,739,752,752,744
2,734,17,734,751,751,739,756,756,744
2,734,19,734,753,753,739,758,758,744
2,735,2,735,737,737,740,742,742,745
2,735,3,735,738,738,740,743,743,745
2,735,5,735,740,740,740,745,745,745
2,735,7,735,742,742,740,747,747,745
2,735,11,735,746,746,740,751,751,745
2,735,13,735,748,748,740,753,753,745
2,735,17,735,752,752,740,757,757,745
2,735,19,735,754,754,740,759,759,745
2,736,2,736,738,738,741,743,743,746
2,736,3,736,739,739,741,744,744,746
2,736,5,736,741,741,741,746,746,746
2,736,7,736,743,743,741,748,748,746
2,736,11,736,747,747,741,752,752,746
2,736,13,736,749,749,741,754,754,746
2,736,17,736,753,753,741,758,758,746
2,736,19,736,755,755,741,760,760,746
2,737,2,737,739,739,742,744,744,747
2,737,3,737,740,740,742,745,745,747
2,737,5,737,742,742,742,747,747,747
2,737,7,737,744,744,742,749,749,747
2,737,11,737,748,748,742,753,753,747
2,737,13,737,750,750,742,755,755,747
2,737,17,737,754,754,742,759,759,747
2,737,19,737,756,756,742,761,761,747
2,738,2,738,740,740,743,745,745,748
2,738,3,738,741,741,743,746,746,748
2,738,5,738,743,743,743,748,748,748
2,738,7,738,745,745,743,750,750,748
2,738,11,738,749,749,743,754,754,748
2,738,13,738,751,751,743,756,756,748
2,738,17,738,755,755,743,760,760,748
2,738,19,738,757,757,743,762,762,748
2,739,2,739,741,741,744,746,746,749
2,739,3,739,742,742,744,747,747,749
2,739,5,739,744,744,744,749,749,749
2,739,7,739,746,746,744,751,751,749
2,739,11,739,750,750,744,755,755,749
2,739,13,739,752,752,744,757,757,749
2,739,17,739,756,756,744,761,761,749
2,739,19,739,758,758,744,763,763,749
2,740,2,740,742,742,745,747,747,750
2,740,3,740,743,743,745,748,748,750
2,740,5,740,745,745,745,750,750,750
2,740,7,740,747,747,745,752,752,750
2,740,11,740,751,751,745,756,756,750
2,740,13,740,753,753,745,758,758,750
2,740,17,740,757,757,745,762,762,750
2,740,19,740,759,759,745,764,764,750
2,741,2,741,743,743,746,748,748,751
2,741,3,741,744,744,746,749,749,751
2,741,5,741,746,746,746,751,751,751
2,741,7,741,748,748,746,753,753,751
2,741,11,741,752,752,746,757,757,751
2,741,13,741,754,754,746,759,759,751
2,741,17,741,758,758,746,763,763,751
2,741,19,741,760,760,746,765,765,751
2,742,2,742,744,744,747,749,749,752
2,742,3,742,745,745,747,750,750,752
2,742,5,742,747,747,747,752,752,752
2,742,7,742,749,749,747,754,754,752
2,742,11,742,753,753,747,758,758,752
2,742,13,742,755,755,747,760,760,752
2,742,17,742,759,759,747,764,764,752
2,742,19,742,761,761,747,766,766,752
2,743,2,743,745,745,748,750,750,753
2,743,3,743,746,746,748,751,751,753
2,743,5,743,748,748,748,753,753,753
2,743,7,743,750,750,748,755,755,753
2,743,11,743,754,754,748,759,759,753
2,743,13,743,756,756,748,761,761,753
2,743,17,743,760,760,748,765,765,753
2,743,19,743,762,762,748,767,767,753
2,744,2,744,746,746,749,751,751,754
2,744,3,744,747,747,749,752,752,754
2,744,5,744,749,749,749,754,754,754
2,744,7,744,751,751,749,756,756,754
2,744,11,744,755,755,749,760,760,754
2,744,13,744,757,757,749,762,762,754
2,744,17,744,761,761,749,766,766,754
2,744,19,744,763,763,749,768,768,754
2,745,2,745,747,747,750,752,752,755
2,745,3,745,748,748,750,753,753,755
2,745,5,745,750,750,750,755,755,755
2,745,7,745,752,752,750,757,757,755
2,745,11,745,756,756,750,761,761,755
2,745,13,745,758,758,750,763,763,755
2,745,17,745,762,762,750,767,767,755
2,745,19,745,764,764,750,769,769,755
2,746,2,746,748,748,751,753,753,756
2,746,3,746,749,749,751,754,754,756
2,746,5,746,751,751,751,756,756,756
2,746,7,746,753,753,751,758,758,756
2,746,11,746,757,757,751,762,762,756
2,746,13,746,759,759,751,764,764,756
2,746,17,746,763,763,751,768,768,756
2,746,19,746,765,765,751,770,770,756
2,747,2,747,749,749,752,754,754,757
2,747,3,747,750,750,752,755,755,757
2,747,5,747,752,752,752,757,757,757
2,747,7,747,754,754,752,759,759,757
2,747,11,747,758,758,752,763,763,757
2,747,13,747,760,760,752,765,765,757
2,747,17,747,764,764,752,769,769,757
2,747,19,747,766,766,752,771,771,757
2,748,2,748,750,750,753,755,755,758
2,748,3,748,751,751,753,756,756,758
2,748,5,748,753,753,753,758,758,758
2,748,7,748,755,755,753,760,760,758
2,748,11,748,759,759,753,764,764,758
2,748,13,748,761,761,753,766,766,758
2,748,17,748,765,765,753,770,770,758
2,748,19,748,767,767,753,772,772,758
2,749,2,749,751,751,754,756,756,759
2,749,3,749,752,752,754,757,757,759
2,749,5,749,754,754,754,759,759,759
2,749,7,749,756,756,754,761,761,759
2,749,11,749,760,760,754,765,765,759
2,749,13,749,762,762,754,767,767,759
2,749,17,749,766,766,754,771,771,759
2,749,19,749,768,768,754,773,773,759
2,750,2,750,752,752,755,757,757,760
2,750,3,750,753,753,755,758,758,760
2,750,5,750,755,755,755,760,760,760
2,750,7,750,757,757,755,762,762,760
2,750,11,750,761,761,755,766,766,760
2,750,13,750,763,763,755,768,768,760
2,750,17,750,767,767,755,772,772,760
2,750,19,750,769,769,755,774,774,760
2,751,2,751,753,753,756,758,758,761
2,751,3,751,754,754,756,759,759,761
2,751,5,751,756,756,756,761,761,761
2,751,7,751,758,758,756,763,763,761
2,751,11,751,762,762,756,767,767,761
2,751,13,751,764,764,756,769,769,761
2,751,17,751,768,768,756,773,773,761
2,751,19,751,770,770,756,775,775,761
2,752,2,752,754,754,757,759,759,762
2,752,3,752,755,755,757,760,760,762
2,752,5,752,757,757,757,762,762,762
2,752,7,752,759,759,757,764,764,762
2,752,11,752,763,763,757,768,768,762
2,752,13,752,765,765,757,770,770,762
2,752,17,752,769,769,757,774,774,762
2,752,19,752,771,771,757,776,776,762
2,753,2,753,755,755,758,760,760,763
2,753,3,753,756,756,758,761,761,763
2,753,5,753,758,758,758,763,763,763
2,753,7,753,760,760,758,765,765,763
2,753,11,753,764,764,758,769,769,763
2,753,13,753,766,766,758,771,771,763
2,753,17,753,770,770,758,775,775,763
2,753,19,753,772,772,758,777,777,763
2,754,2,754,756,756,759,761,761,764
2,754,3,754,757,757,759,762,762,764
2,754,5,754,759,759,759,764,764,764
2,754,7,754,761,761,759,766,766,764
2,754,11,754,765,765,759,770,770,764
2,754,13,754,767,767,759,772,772,764
2,754,17,754,771,771,759,776,776,764
2,754,19,754,773,773,759,778,778,764
2,755,2,755,757,757,760,762,762,765
2,755,3,755,758,758,760,763,763,765
2,755,5,755,760,760,760,765,765,765
2,755,7,755,762,762,760,767,767,765
2,755,11,755,766,766,760,771,771,765
2,755,13,755,768,768,760,773,773,765
2,755,17,755,772,772,760,777,777,765
2,755,19,755,774,774,760,779,779,765
2,756,2,756,758,758,761,763,763,766
2,756,3,756,759,759,761,764,764,766
2,756,5,756,761,761,761,766,766,766
2,756,7,756,763,763,761,768,768,766
2,756,11,756,767,767,761,772,772,766
2,756,13,756,769,769,761,774,774,766
2,756,17,756,773,773,761,778,778,766
2,756,19,756,775,775,761,780,780,766
2,757,2,757,759,759,762,764,764,767
2,757,3,757,760,760,762,765,765,767
2,757,5,757,762,762,762,767,767,767
2,757,7,757,764,764,762,769,769,767
2,757,11,757,768,768,762,773,773,767
2,757,13,757,770,770,762,775,775,767
2,757,17,757,774,774,762,779,779,767
2,757,19,757,776,776,762,781,781,767
2,758,2,758,760,760,763,765,765,768
2,758,3,758,761,761,763,766,766,768
2,758,5,758,763,763,763,768,768,768
2,758,7,758,765,765,763,770,770,768
2,758,11,758,769,769,763,774,774,768
2,758,13,758,771,771,763,776,776,768
2,758,17,758,775,775,763,780,780,768
2,758,19,758,777,777,763,782,782,768
2,759,2,759,761,761,764,766,766,769
2,759,3,759,762,762,764,767,767,769
2,759,5,759,764,764,764,769,769,769
2,759,7,759,766,766,764,771,771,769
2,759,11,759,770,770,764,775,775,769
2,759,13,759,772,772,764,777,777,769
2,759,17,759,776,776,764,781,781,769
2,759,19,759,778,778,764,783,783,769
2,760,2,760,762,762,765,767,767,770
2,760,3,760,763,763,765,768,768,770
2,760,5,760,765,765,765,770,770,770
2,760,7,760,767,767,765,772,772,770
2,760,11,760,771,771,765,776,776,770
2,760,13,760,773,773,765,778,778,770
2,760,17,760,777,777,765,782,782,770
2,760,19,760,779,779,765,784,784,770
2,761,2,761,763,763,766,768,768,771
2,761,3,761,764,764,766,769,769,771
2,761,5,761,766,766,766,771,771,771
2,761,7,761,768,768,766,773,773,771
2,761,11,761,772,772,766,777,777,771
2,761,13,761,774,774,766,779,779,771
2,761,17,761,778,778,766,783,783,771
2,761,19,761,780,780,766,785,785,771
2,762,2,762,764,764,767,769,769,772
2,762,3,762,765,765,767,770,770,772
2,762,5,762,767,767,767,772,772,772
2,762,7,762,769,769,767,774,774,772
2,762,11,762,773,773,767,778,778,772
2,762,13,762,775,775,767,780,780,772
2,762,17,762,779,779,767,784,784,772
2,762,19,762,781,781,767,786,786,772
2,763,2,763,765,765,768,770,770,773
2,763,3,763,766,766,768,771,771,773
2,763,5,763,768,768,768,773,773,773
2,763,7,763,770,770,768,775,775,773
2,763,11,763,774,774,768,779,779,773
2,763,13,763,776,776,768,781,781,773
2,763,17,763,780,780,768,785,785,773
2,763,19,763,782,782,768,787,787,773
2,764,2,764,766,766,769,771,771,774
2,764,3,764,767,767,769,772,772,774
2,764,5,764,769,769,769,774,774,774
2,764,7,764,771,771,769,776,776,774
2,764,11,764,775,775,769,780,780,774
2,764,13,764,777,777,769,782,782,774
2,764,17,764,781,781,769,786,786,774
2,764,19,764,783,783,769,788,788,774
2,765,2,765,767,767,770,772,772,775
2,765,3,765,768,768,770,773,773,775
2,765,5,765,770,770,770,775,775,775
2,765,7,765,772,772,770,777,777,775
2,765,11,765,776,776,770,781,781,775
2,765,13,765,778,778,770,783,783,775
2,765,17,765,782,782,770,787,787,775
2,765,19,765,784,784,770,789,789,775
2,766,2,766,768,768,771,773,773,776
2,766,3,766,769,769,771,774,774,776
2,766,5,766,771,771,771,776,776,776
2,766,7,766,773,773,771,778,778,776
2,766,11,766,777,777,771,782,782,776
2,766,13,766,779,779,771,784,784,776
2,766,17,766,783,783,771,788,788,776
2,766,19,766,785,785,771,790,790,776
2,767,2,767,769,769,772,774,774,777
2,767,3,767,770,770,772,775,775,777
2,767,5,767,772,772,772,777,777,777
2,767,7,767,774,774,772,779,779,777
2,767,11,767,778,778,772,783,783,777
2,767,13,767,780,780,772,785,785,777
2,767,17,767,784,784,772,789,789,777
2,767,19,767,786,786,772,791,791,777
2,768,2,768,770,770,773,775,775,778
2,768,3,768,771,771,773,776,776,778
2,768,5,768,773,773,773,778,778,778
2,768,7,768,775,775,773,780,780,778
2,768,11,768,779,779,773,784,784,778
2,768,13,768,781,781,773,786,786,778
2,768,17,768,785,785,773,790,790,778
2,768,19,768,787,787,773,792,792,778
2,769,2,769,771,771,774,776,776,779
2,769,3,769,772,772,774,777,777,779
2,769,5,769,774,774,774,779,779,779
2,769,7,769,776,776,774,781,781,779
2,769,11,769,780,780,774,785,785,779
2,769,13,769,782,782,774,787,787,779
2,769,17,769,786,786,774,791,791,779
2,769,19,769,788,788,774,793,793,779
2,770,2,770,772,772,775,777,777,780
2,770,3,770,773,773,775,778,778,780
2,770,5,770,775,775,775,780,780,780
2,770,7,770,777,777,775,782,782,780
2,770,11,770,781,781,775,786,786,780
2,770,13,770,783,783,775,788,788,780
2,770,17,770,787,787,775,792,792,780
2,770,19,770,789,789,775,794,794,780
2,771,2,771,773,773,776,778,778,781
2,771,3,771,774,774,776,779,779,781
2,771,5,771,776,776,776,781,781,781
2,771,7,771,778,778,776,783,783,781
2,771,11,771,782,782,776,787,787,781
2,771,13,771,784,784,776,789,789,781
2,771,17,771,788,788,776,793,793,781
2,771,19,771,790,790,776,795,795,781
2,772,2,772,774,774,777,779,779,782
2,772,3,772,775,775,777,780,780,782
2,772,5,772,777,777,777,782,782,782
2,772,7,772,779,779,777,784,784,782
2,772,11,772,783,783,777,788,788,782
2,772,13,772,785,785,777,790,790,782
2,772,17,772,789,789,777,794,794,782
2,772,19,772,791,791,777,796,796,782
2,773,2,773,775,775,778,780,780,783
2,773,3,773,776,776,778,781,781,783
2,773,5,773,778,778,778,783,783,783
2,773,7,773,780,780,778,785,785,783
2,773,11,773,784,784,778,789,789,783
2,773,13,773,786,786,778,791,791,783
2,773,17,773,790,790,778,795,795,783
2,773,19,773,792,792,778,797,797,783
2,774,2,774,776,776,779,781,781,784
2,774,3,774,777,777,779,782,782,784
2,774,5,774,779,779,779,784,784,784
2,774,7,774,781,781,779,786,786,784
2,774,11,774,785,785,779,790,790,784
2,774,13,774,787,787,779,792,792,784
2,774,17,774,791,791,779,796,796,784
2,774,19,774,793,793,779,798,798,784
2,775,2,775,777,777,780,782,782,785
2,775,3,775,778,778,780,783,783,785
2,775,5,775,780,780,780,785,785,785
2,775,7,775,782,782,780,787,787,785
2,775,11,775,786,786,780,791,791,785
2,775,13,775,788,788,780,793,793,785
2,775,17,775,792,792,780,797,797,785
2,775,19,775,794,794,780,799,799,785
2,776,2,776,778,778,781,783,783,786
2,776,3,776,779,779,781,784,784,786
2,776,5,776,781,781,781,786,786,786
2,776,7,776,783,783,781,788,788,786
2,776,11,776,787,787,781,792,792,786
2,776,13,776,789,789,781,794,794,786
2,776,17,776,793,793,781,798,798,786
2,776,19,776,795,795,781,800,800,786
2,777,2,777,779,779,782,784,784,787
2,777,3,777,780,780,782,785,785,787
2,777,5,777,782,782,782,787,787,787
2,777,7,777,784,784,782,789,789,787
2,777,11,777,788,788,782,793,793,787
2,777,13,777,790,790,782,795,795,787
2,777,17,777,794,794,782,799,799,787
2,777,19,777,796,796,782,801,801,787
2,778,2,778,780,780,783,785,785,788
2,778,3,778,781,781,783,786,786,788
2,778,5,778,783,783,783,788,788,788
2,778,7,778,785,785,783,790,790,788
2,778,11,778,789,789,783,794,794,788
2,778,13,778,791,791,783,796,796,788
2,778,17,778,795,795,783,800,800,788
2,778,19,778,797,797,783,802,802,788
2,779,2,779,781,781,784,786,786,789
2,779,3,779,782,782,784,787,787,789
2,779,5,779,784,784,784,789,789,789
2,779,7,779,786,786,784,791,791,789
2,779,11,779,790,790,784,795,795,789
2,779,13,779,792,792,784,797,797,789
2,779,17,779,796,796,784,801,801,789
2,779,19,779,798,798,784,803,803,789
2,780,2,780,782,782,785,787,787,790
2,780,3,780,783,783,785,788,788,790
2,780,5,780,785,785,785,790,790,790
2,780,7,780,787,787,785,792,792,790
2,780,11,780,791,791,785,796,796,790
2,780,13,780,793,793,785,798,798,790
2,780,17,780,797,797,785,802,802,790
2,780,19,780,799,799,785,804,804,790
2,781,2,781,783,783,786,788,788,791
2,781,3,781,784,784,786,789,789,791
2,781,5,781,786,786,786,791,791,791
2,781,7,781,788,788,786,793,793,791
2,781,11,781,792,792,786,797,797,791
2,781,13,781,794,794,786,799,799,791
2,781,17,781,798,798,786,803,803,791
2,781,19,781,800,800,786,805,805,791
2,782,2,782,784,784,787,789,789,792
2,782,3,782,785,785,787,790,790,792
2,782,5,782,787,787,787,792,792,792
2,782,7,782,789,789,787,794,794,792
2,782,11,782,793,793,787,798,798,792
2,782,13,782,795,795,787,800,800,792
2,782,17,782,799,799,787,804,804,792
2,782,19,782,801,801,787,806,806,792
2,783,2,783,785,785,788,790,790,793
2,783,3,783,786,786,788,791,791,793
2,783,5,783,788,788,788,793,793,793
2,783,7,783,790,790,788,795,795,793
2,783,11,783,794,794,788,799,799,793
2,783,13,783,796,796,788,801,801,793
2,783,17,783,800,800,788,805,805,793
2,783,19,783,802,802,788,807,807,793
2,784,2,784,786,786,789,791,791,794
2,784,3,784,787,787,789,792,792,794
2,784,5,784,789,789,789,794,794,794
2,784,7,784,791,791,789,796,796,794
2,784,11,784,795,795,789,800,800,794
2,784,13,784,797,797,789,802,802,794
2,784,17,784,801,801,789,806,806,794
2,784,19,784,803,803,789,808,808,794
2,785,2,785,787,787,790,792,792,795
2,785,3,785,788,788,790,793,793,795
2,785,5,785,790,790,790,795,795,795
2,785,7,785,792,792,790,797,797,795
2,785,11,785,796,796,790,801,801,795
2,785,13,785,798,798,790,803,803,795
2,785,17,785,802,802,790,807,807,795
2,785,19,785,804,804,790,809,809,795
2,786,2,786,788,788,791,793,793,796
2,786,3,786,789,789,791,794,794,796
2,786,5,786,791,791,791,796,796,796
2,786,7,786,793,793,791,798,798,796
2,786,11,786,797,797,791,802,802,796
2,786,13,786,799,799,791,804,804,796
2,786,17,786,803,803,791,808,808,796
2,786,19,786,805,805,791,810,810,796
2,787,2,787,789,789,792,794,794,797
2,787,3,787,790,790,792,795,795,797
2,787,5,787,792,792,792,797,797,797
2,787,7,787,794,794,792,799,799,797
2,787,11,787,798,798,792,803,803,797
2,787,13,787,800,800,792,805,805,797
2,787,17,787,804,804,792,809,809,797
2,787,19,787,806,806,792,811,811,797
2,788,2,788,790,790,793,795,795,798
2,788,3,788,791,791,793,796,796,798
2,788,5,788,793,793,793,798,798,798
2,788,7,788,795,795,793,800,800,798
2,788,11,788,799,799,793,804,804,798
2,788,13,788,801,801,793,806,806,798
2,788,17,788,805,805,793,810,810,798
2,788,19,788,807,807,793,812,812,798
2,789,2,789,791,791,794,796,796,799
2,789,3,789,792,792,794,797,797,799
2,789,5,789,794,794,794,799,799,799
2,789,7,789,796,796,794,801,801,799
2,789,11,789,800,800,794,805,805,799
2,789,13,789,802,802,794,807,807,799
2,789,17,789,806,806,794,811,811,799
2,789,19,789,808,808,794,813,813,799
2,790,2,790,792,792,795,797,797,800
2,790,3,790,793,793,795,798,798,800
2,790,5,790,795,795,795,800,800,800
2,790,7,790,797,797,795,802,802,800
2,790,11,790,801,801,795,806,806,800
2,790,13,790,803,803,795,808,808,800
2,790,17,790,807,807,795,812,812,800
2,790,19,790,809,809,795,814,814,800
2,791,2,791,793,793,796,798,798,801
2,791,3,791,794,794,796,799,799,801
2,791,5,791,796,796,796,801,801,801
2,791,7,791,798,798,796,803,803,801
2,791,11,791,802,802,796,807,807,801
2,791,13,791,804,804,796,809,809,801
2,791,17,791,808,808,796,813,813,801
2,791,19,791,810,810,796,815,815,801
2,792,2,792,794,794,797,799,799,802
2,792,3,792,795,795,797,800,800,802
2,792,5,792,797,797,797,802,802,802
2,792,7,792,799,799,797,804,804,802
2,792,11,792,803,803,797,808,808,802
2,792,13,792,805,805,797,810,810,802
2,792,17,792,809,809,797,814,814,802
2,792,19,792,811,811,797,816,816,802
2,793,2,793,795,795,798,800,800,803
2,793,3,793,796,796,798,801,801,803
2,793,5,793,798,798,798,803,803,803
2,793,7,793,800,800,798,805,805,803
2,793,11,793,804,804,798,809,809,803
2,793,13,793,806,806,798,811,811,803
2,793,17,793,810,810,798,815,815,803
2,793,19,793,812,812,798,817,817,803
2,794,2,794,796,796,799,801,801,804
2,794,3,794,797,797,799,802,802,804
2,794,5,794,799,799,799,804,804,804
2,794,7,794,801,801,799,806,806,804
2,794,11,794,805,805,799,810,810,804
2,794,13,794,807,807,799,812,812,804
2,794,17,794,811,811,799,816,816,804
2,794,19,794,813,813,799,818,818,804
2,795,2,795,797,797,800,802,802,805
2,795,3,795,798,798,800,803,803,805
2,795,5,795,800,800,800,805,805,805
2,795,7,795,802,802,800,807,807,805
2,795,11,795,806,806,800,811,811,805
2,795,13,795,808,808,800,813,813,805
2,795,17,795,812,812,800,817,817,805
2,795,19,795,814,814,800,819,819,805
2,796,2,796,798,798,801,803,803,806
2,796,3,796,799,799,801,804,804,806
2,796,5,796,801,801,801,806,806,806
2,796,7,796,803,803,801,808,808,806
2,796,11,796,807,807,801,812,812,806
2,796,13,796,809,809,801,814,814,806
2,796,17,796,813,813,801,818,818,806
2,796,19,796,815,815,801,820,820,806
2,797,2,797,799,799,802,804,804,807
2,797,3,797,800,800,802,805,805,807
2,797,5,797,802,802,802,807,807,807
2,797,7,797,804,804,802,809,809,807
2,797,11,797,808,808,802,813,813,807
2,797,13,797,810,810,802,815,815,807
2,797,17,797,814,814,802,819,819,807
2,797,19,797,816,816,802,821,821,807
2,798,2,798,800,800,803,805,805,808
2,798,3,798,801,801,803,806,806,808
2,798,5,798,803,803,803,808,808,808
2,798,7,798,805,805,803,810,810,808
2,798,11,798,809,809,803,814,814,808
2,798,13,798,811,811,803,816,816,808
2,798,17,798,815,815,803,820,820,808
2,798,19,798,817,817,803,822,822,808
2,799,2,799,801,801,804,806,806,809
2,799,3,799,802,802,804,807,807,809
2,799,5,799,804,804,804,809,809,809
2,799,7,799,806,806,804,811,811,809
2,799,11,799,810,810,804,815,815,809
2,799,13,799,812,812,804,817,817,809
2,799,17,799,816,816,804,821,821,809
2,799,19,799,818,818,804,823,823,809
2,800,2,800,802,802,805,807,807,810
2,800,3,800,803,803,805,808,808,810
2,800,5,800,805,805,805,810,810,810
2,800,7,800,807,807,805,812,812,810
2,800,11,800,811,811,805,816,816,810
2,800,13,800,813,813,805,818,818,810
2,800,17,800,817,817,805,822,822,810
2,800,19,800,819,819,805,824,824,810
3,801,2,801,803,803,806,808,808,811
3,801,3,801,804,804,806,809,809,811
3,801,5,801,806,806,806,811,811,811
3,801,7,801,808,808,806,813,813,811
3,801,11,801,812,812,806,817,817,811
3,801,13,801,814,814,806,819,819,811
3,801,17,801,818,818,806,823,823,811
3,801,19,801,820,820,806,825,825,811
3,802,2,802,804,804,807,809,809,812
3,802,3,802,805,805,807,810,810,812
3,802,5,802,807,807,807,812,812,812
3,802,7,802,809,809,807,814,814,812
3,802,11,802,813,813,807,818,818,812
3,802,13,802,815,815,807,820,820,812
3,802,17,802,819,819,807,824,824,812
3,802,19,802,821,821,807,826,826,812
3,803,2,803,805,805,808,810,810,813
3,803,3,803,806,806,808,811,811,813
3,803,5,803,808,808,808,813,813,813
3,803,7,803,810,810,808,815,815,813
3,803,11,803,814,814,808,819,819,813
3,803,13,803,816,816,808,821,821,813
3,803,17,803,820,820,808,825,825,813
3,803,19,803,822,822,808,827,827,813
3,804,2,804,806,806,809,811,811,814
3,804,3,804,807,807,809,812,812,814
3,804,5,804,809,809,809,814,814,814
3,804,7,804,811,811,809,816,816,814
3,804,11,804,815,815,809,820,820,814
3,804,13,804,817,817,809,822,822,814
3,804,17,804,821,821,809,826,826,814
3,804,19,804,823,823,809,828,828,814
3,805,2,805,807,807,810,812,812,815
3,805,3,805,808,808,810,813,813,815
3,805,5,805,810,810,810,815,815,815
3,805,7,805,812,812,810,817,817,815
3,805,11,805,816,816,810,821,821,815
3,805,13,805,818,818,810,823,823,815
3,805,17,805,822,822,810,827,827,815
3,805,19,805,824,824,810,829,829,815
3,806,2,806,808,808,811,813,813,816
3,806,3,806,809,809,811,814,814,816
3,806,5,806,811,811,811,816,816,816
3,806,7,806,813,813,811,818,818,816
3,806,11,806,817,817,811,822,822,816
3,806,13,806,819,819,811,824,824,816
3,806,17,806,823,823,811,828,828,816
3,806,19,806,825,825,811,830,830,816
3,807,2,807,809,809,812,814,814,817
3,807,3,807,810,810,812,815,815,817
3,807,5,807,812,812,812,817,817,817
3,807,7,807,814,814,812,819,819,817
3,807,11,807,818,818,812,823,823,817
3,807,13,807,820,820,812,825,825,817
3,807,17,807,824,824,812,829,829,817
3,807,19,807,826,826,812,831,831,817
3,808,2,808,810,810,813,815,815,818
3,808,3,808,811,811,813,816,816,818
3,808,5,808,813,813,813,818,818,818
3,808,7,808,815,815,813,820,820,818
3,808,11,808,819,819,813,824,824,818
3,808,13,808,821,821,813,826,826,818
3,808,17,808,825,825,813,830,830,818
3,808,19,808,827,827,813,832,832,818
3,809,2,809,811,811,814,816,816,819
3,809,3,809,812,812,814,817,817,819
3,809,5,809,814,814,814,819,819,819
3,809,7,809,816,816,814,821,821,819
3,809,11,809,820,820,814,825,825,819
3,809,13,809,822,822,814,827,827,819
3,809,17,809,826,826,814,831,831,819
3,809,19,809,828,828,814,833,833,819
3,810,2,810,812,812,815,817,817,820
3,810,3,810,813,813,815,818,818,820
3,810,5,810,815,815,815,820,820,820
3,810,7,810,817,817,815,822,822,820
3,810,11,810,821,821,815,826,826,820
3,810,13,810,823,823,815,828,828,820
3,810,17,810,827,827,815,832,832,820
3,810,19,810,829,829,815,834,834,820
3,811,2,811,813,813,816,818,818,821
3,811,3,811,814,814,816,819,819,821
3,811,5,811,816,816,816,821,821,821
3,811,7,811,818,818,816,823,823,821
3,811,11,811,822,822,816,827,827,821
3,811,13,811,824,824,816,829,829,821
3,811,17,811,828,828,816,833,833,821
3,811,19,811,830,830,816,835,835,821
3,812,2,812,814,814,817,819,819,822
3,812,3,812,815,815,817,820,820,822
3,812,5,812,817,817,817,822,822,822
3,812,7,812,819,819,817,824,824,822
3,812,11,812,823,823,817,828,828,822
3,812,13,812,825,825,817,830,830,822
3,812,17,812,829,829,817,834,834,822
3,812,19,812,831,831,817,836,836,822
3,813,2,813,815,815,818,820,820,823
3,813,3,813,816,816,818,821,821,823
3,813,5,813,818,818,818,823,823,823
3,813,7,813,820,820,818,825,825,823
3,813,11,813,824,824,818,829,829,823
3,813,13,813,826,826,818,831,831,823
3,813,17,813,830,830,818,835,835,823
3,813,19,813,832,832,818,837,837,823
3,814,2,814,816,816,819,821,821,824
3,814,3,814,817,817,819,822,822,824
3,814,5,814,819,819,819,824,824,824
3,814,7,814,821,821,819,826,826,824
3,814,11,814,825,825,819,830,830,824
3,814,13,814,827,827,819,832,832,824
3,814,17,814,831,831,819,836,836,824
3,814,19,814,833,833,819,838,838,824
3,815,2,815,817,817,820,822,822,825
3,815,3,815,818,818,820,823,823,825
3,815,5,815,820,820,820,825,825,825
3,815,7,815,822,822,820,827,827,825
3,815,11,815,826,826,820,831,831,825
3,815,13,815,828,828,820,833,833,825
3,815,17,815,832,832,820,837,837,825
3,815,19,815,834,834,820,839,839,825
3,816,2,816,818,818,821,823,823,826
3,816,3,816,819,819,821,824,824,826
3,816,5,816,821,821,821,826,826,826
3,816,7,816,823,823,821,828,828,826
3,816,11,816,827,827,821,832,832,826
3,816,13,816,829,829,821,834,834,826
3,816,17,816,833,833,821,838,838,826
3,816,19,816,835,835,821,840,840,826
3,817,2,817,819,819,822,824,824,827
3,817,3,817,820,820,822,825,825,827
3,817,5,817,822,822,822,827,827,827
3,817,7,817,824,824,822,829,829,827
3,817,11,817,828,828,822,833,833,827
3,817,13,817,830,830,822,835,835,827
3,817,17,817,834,834,822,839,839,827
3,817,19,817,836,836,822,841,841,827
3,818,2,818,820,820,823,825,825,828
3,818,3,818,821,821,823,826,826,828
3,818,5,818,823,823,823,828,828,828
3,818,7,818,825,825,823,830,830,828
3,818,11,818,829,829,823,834,834,828
3,818,13,818,831,831,823,836,836,828
3,818,17,818,835,835,823,840,840,828
3,818,19,818,837,837,823,842,842,828
3,819,2,819,821,821,824,826,826,829
3,819,3,819,822,822,824,827,827,829
3,819,5,819,824,824,824,829,829,829
3,819,7,819,826,826,824,831,831,829
3,819,11,819,830,830,824,835,835,829
3,819,13,819,832,832,824,837,837,829
3,819,17,819,836,836,824,841,841,829
3,819,19,819,838,838,824,843,843,829
3,820,2,820,822,822,825,827,827,830
3,820,3,820,823,823,825,828,828,830
3,820,5,820,825,825,825,830,830,830
3,820,7,820,827,827,825,832,832,830
3,820,11,820,831,831,825,836,836,830
3,820,13,820,833,833,825,838,838,830
3,820,17,820,837,837,825,842,842,830
3,820,19,820,839,839,825,844,844,830
3,821,2,821,823,823,826,828,828,831
3,821,3,821,824,824,826,829,829,831
3,821,5,821,826,826,826,831,831,831
3,821,7,821,828,828,826,833,833,831
3,821,11,821,832,832,826,837,837,831
3,821,13,821,834,834,826,839,839,831
3,821,17,821,838,838,826,843,843,831
3,821,19,821,840,840,826,845,845,831
3,822,2,822,824,824,827,829,829,832
3,822,3,822,825,825,827,830,830,832
3,822,5,822,827,827,827,832,832,832
3,822,7,822,829,829,827,834,834,832
3,822,11,822,833,833,827,838,838,832
3,822,13,822,835,835,827,840,840,832
3,822,17,822,839,839,827,844,844,832
3,822,19,822,841,841,827,846,846,832
3,823,2,823,825,825,828,830,830,833
3,823,3,823,826,826,828,831,831,833
3,823,5,823,828,828,828,833,833,833
3,823,7,823,830,830,828,835,835,833
3,823,11,823,834,834,828,839,839,833
3,823,13,823,836,836,828,841,841,833
3,823,17,823,840,840,828,845,845,833
3,823,19,823,842,842,828,847,847,833
3,824,2,824,826,826,829,831,831,834
3,824,3,824,827,827,829,832,832,834
3,824,5,824,829,829,829,834,834,834
3,824,7,824,831,831,829,836,836,834
3,824,11,824,835,835,829,840,840,834
3,824,13,824,837,837,829,842,842,834
3,824,17,824,841,841,829,846,846,834
3,824,19,824,843,843,829,848,848,834
3,825,2,825,827,827,830,832,832,835
3,825,3,825,828,828,830,833,833,835
3,825,5,825,830,830,830,835,835,835
3,825,7,825,832,832,830,837,837,835
3,825,11,825,836,836,830,841,841,835
3,825,13,825,838,838,830,843,843,835
3,825,17,825,842,842,830,847,847,835
3,825,19,825,844,844,830,849,849,835
3,826,2,826,828,828,831,833,833,836
3,826,3,826,829,829,831,834,834,836
3,826,5,826,831,831,831,836,836,836
3,826,7,826,833,833,831,838,838,836
3,826,11,826,837,837,831,842,842,836
3,826,13,826,839,839,831,844,844,836
3,826,17,826,843,843,831,848,848,836
3,826,19,826,845,845,831,850,850,836
3,827,2,827,829,829,832,834,834,837
3,827,3,827,830,830,832,835,835,837
3,827,5,827,832,832,832,837,837,837
3,827,7,827,834,834,832,839,839,837
3,827,11,827,838,838,832,843,843,837
3,827,13,827,840,840,832,845,845,837
3,827,17,827,844,844,832,849,849,837
3,827,19,827,846,846,832,851,851,837
3,828,2,828,830,830,833,835,835,838
3,828,3,828,831,831,833,836,836,838
3,828,5,828,833,833,833,838,838,838
3,828,7,828,835,835,833,840,840,838
3,828,11,828,839,839,833,844,844,838
3,828,13,828,841,841,833,846,846,838
3,828,17,828,845,845,833,850,850,838
3,828,19,828,847,847,833,852,852,838
3,829,2,829,831,831,834,836,836,839
3,829,3,829,832,832,834,837,837,839
3,829,5,829,834,834,834,839,839,839
3,829,7,829,836,836,834,841,841,839
3,829,11,829,840,840,834,845,845,839
3,829,13,829,842,842,834,847,847,839
3,829,17,829,846,846,834,851,851,839
3,829,19,829,848,848,834,853,853,839
3,830,2,830,832,832,835,837,837,840
3,830,3,830,833,833,835,838,838,840
3,830,5,830,835,835,835,840,840,840
3,830,7,830,837,837,835,842,842,840
3,830,11,830,841,841,835,846,846,840
3,830,13,830,843,843,835,848,848,840
3,830,17,830,847,847,835,852,852,840
3,830,19,830,849,849,835,854,854,840
3,831,2,831,833,833,836,838,838,841
3,831,3,831,834,834,836,839,839,841
3,831,5,831,836,836,836,841,841,841
3,831,7,831,838,838,836,843,843,841
3,831,11,831,842,842,836,847,847,841
3,831,13,831,844,844,836,849,849,841
3,831,17,831,848,848,836,853,853,841
3,831,19,831,850,850,836,855,855,841
3,832,2,832,834,834,837,839,839,842
3,832,3,832,835,835,837,840,840,842
3,832,5,832,837,837,837,842,842,842
3,832,7,832,839,839,837,844,844,842
3,832,11,832,843,843,837,848,848,842
3,832,13,832,845,845,837,850,850,842
3,832,17,832,849,849,837,854,854,842
3,832,19,832,851,851,837,856,856,842
3,833,2,833,835,835,838,840,840,843
3,833,3,833,836,836,838,841,841,843
3,833,5,833,838,838,838,843,843,843
3,833,7,833,840,840,838,845,845,843
3,833,11,833,844,844,838,849,849,843
3,833,13,833,846,846,838,851,851,843
3,833,17,833,850,850,838,855,855,843
3,833,19,833,852,852,838,857,857,843
3,834,2,834,836,836,839,841,841,844
3,834,3,834,837,837,839,842,842,844
3,834,5,834,839,839,839,844,844,844
3,834,7,834,841,841,839,846,846,844
3,834,11,834,845,845,839,850,850,844
3,834,13,834,847,847,839,852,852,844
3,834,17,834,851,851,839,856,856,844
3,834,19,834,853,853,839,858,858,844
3,835,2,835,837,837,840,842,842,845
3,835,3,835,838,838,840,843,843,845
3,835,5,835,840,840,840,845,845,845
3,835,7,835,842,842,840,847,847,845
3,835,11,835,846,846,840,851,851,845
3,835,13,835,848,848,840,853,853,845
3,835,17,835,852,852,840,857,857,845
3,835,19,835,854,854,840,859,859,845
3,836,2,836,838,838,841,843,843,846
3,836,3,836,839,839,841,844,844,846
3,836,5,836,841,841,841,846,846,846
3,836,7,836,843,843,841,848,848,846
3,836,11,836,847,847,841,852,852,846
3,836,13,836,849,849,841,854,854,846
3,836,17,836,853,853,841,858,858,846
3,836,19,836,855,855,841,860,860,846
3,837,2,837,839,839,842,844,844,847
3,837,3,837,840,840,842,845,845,847
3,837,5,837,842,842,842,847,847,847
3,837,7,837,844,844,842,849,849,847
3,837,11,837,848,848,842,853,853,847
3,837,13,837,850,850,842,855,855,847
3,837,17,837,854,854,842,859,859,847
3,837,19,837,856,856,842,861,861,847
3,838,2,838,840,840,843,845,845,848
3,838,3,838,841,841,843,846,846,848
3,838,5,838,843,843,843,848,848,848
3,838,7,838,845,845,843,850,850,848
3,838,11,838,849,849,843,854,854,848
3,838,13,838,851,851,843,856,856,848
3,838,17,838,855,855,843,860,860,848
3,838,19,838,857,857,843,862,862,848
3,839,2,839,841,841,844,846,846,849
3,839,3,839,842,842,844,847,847,849
3,839,5,839,844,844,844,849,849,849
3,839,7,839,846,846,844,851,851,849
3,839,11,839,850,850,844,855,855,849
3,839,13,839,852,852,844,857,857,849
3,839,17,839,856,856,844,861,861,849
3,839,19,839,858,858,844,863,863,849
3,840,2,840,842,842,845,847,847,850
3,840,3,840,843,843,845,848,848,850
3,840,5,840,845,845,845,850,850,850
3,840,7,840,847,847,845,852,852,850
3,840,11,840,851,851,845,856,856,850
3,840,13,840,853,853,845,858,858,850
3,840,17,840,857,857,845,862,862,850
3,840,19,840,859,859,845,864,864,850
3,841,2,841,843,843,846,848,848,851
3,841,3,841,844,844,846,849,849,851
3,841,5,841,846,846,846,851,851,851
3,841,7,841,848,848,846,853,853,851
3,841,11,841,852,852,846,857,857,851
3,841,13,841,854,854,846,859,859,851
3,841,17,841,858,858,846,863,863,851
3,841,19,841,860,860,846,865,865,851
3,842,2,842,844,844,847,849,849,852
3,842,3,842,845,845,847,850,850,852
3,842,5,842,847,847,847,852,852,852
3,842,7,842,849,849,847,854,854,852
3,842,11,842,853,853,847,858,858,852
3,842,13,842,855,855,847,860,860,852
3,842,17,842,859,859,847,864,864,852
3,842,19,842,861,861,847,866,866,852
3,843,2,843,845,845,848,850,850,853
3,843,3,843,846,846,848,851,851,853
3,843,5,843,848,848,848,853,853,853
3,843,7,843,850,850,848,855,855,853
3,843,11,843,854,854,848,859,859,853
3,843,13,843,856,856,848,861,861,853
3,843,17,843,860,860,848,865,865,853
3,843,19,843,862,862,848,867,867,853
3,844,2,844,846,846,849,851,851,854
3,844,3,844,847,847,849,852,852,854
3,844,5,844,849,849,849,854,854,854
3,844,7,844,851,851,849,856,856,854
3,844,11,844,855,855,849,860,860,854
3,844,13,844,857,857,849,862,862,854
3,844,17,844,861,861,849,866,866,854
3,844,19,844,863,863,849,868,868,854
3,845,2,845,847,847,850,852,852,855
3,845,3,845,848,848,850,853,853,855
3,845,5,845,850,850,850,855,855,855
3,845,7,845,852,852,850,857,857,855
3,845,11,845,856,856,850,861,861,855
3,845,13,845,858,858,850,863,863,855
3,845,17,845,862,862,850,867,867,855
3,845,19,845,864,864,850,869,869,855
3,846,2,846,848,848,851,853,853,856
3,846,3,846,849,849,851,854,854,856
3,846,5,846,851,851,851,856,856,856
3,846,7,846,853,853,851,858,858,856
3,846,11,846,857,857,851,862,862,856
3,846,13,846,859,859,851,864,864,856
3,846,17,846,863,863,851,868,868,856
3,846,19,846,865,865,851,870,870,856
3,847,2,847,849,849,852,854,854,857
3,847,3,847,850,850,852,855,855,857
3,847,5,847,852,852,852,857,857,857
3,847,7,847,854,854,852,859,859,857
3,847,11,847,858,858,852,863,863,857
3,847,13,847,860,860,852,865,865,857
3,847,17,847,864,864,852,869,869,857
3,847,19,847,866,866,852,871,871,857
3,848,2,848,850,850,853,855,855,858
3,848,3,848,851,851,853,856,856,858
3,848,5,848,853,853,853,858,858,858
3,848,7,848,855,855,853,860,860,858
3,848,11,848,859,859,853,864,864,858
3,848,13,848,861,861,853,866,866,858
3,848,17,848,865,865,853,870,870,858
3,848,19,848,867,867,853,872,872,858
3,849,2,849,851,851,854,856,856,859
3,849,3,849,852,852,854,857,857,859
3,849,5,849,854,854,854,859,859,859
3,849,7,849,856,856,854,861,861,859
3,849,11,849,860,860,854,865,865,859
3,849,13,849,862,862,854,867,867,859
3,849,17,849,866,866,854,871,871,859
3,849,19,849,868,868,854,873,873,859
3,850,2,850,852,852,855,857,857,860
3,850,3,850,853,853,855,858,858,860
3,850,5,850,855,855,855,860,860,860
3,850,7,850,857,857,855,862,862,860
3,850,11,850,861,861,855,866,866,860
3,850,13,850,863,863,855,868,868,860
3,850,17,850,867,867,855,872,872,860
3,850,19,850,869,869,855,874,874,860
3,851,2,851,853,853,856,858,858,861
3,851,3,851,854,854,856,859,859,861
3,851,5,851,856,856,856,861,861,861
3,851,7,851,858,858,856,863,863,861
3,851,11,851,862,862,856,867,867,861
3,851,13,851,864,864,856,869,869,861
3,851,17,851,868,868,856,873,873,861
3,851,19,851,870,870,856,875,875,861
3,852,2,852,854,854,857,859,859,862
3,852,3,852,855,855,857,860,860,862
3,852,5,852,857,857,857,862,862,862
3,852,7,852,859,859,857,864,864,862
3,852,11,852,863,863,857,868,868,862
3,852,13,852,865,865,857,870,870,862
3,852,17,852,869,869,857,874,874,862
3,852,19,852,871,871,857,876,876,862
3,853,2,853,855,855,858,860,860,863
3,853,3,853,856,856,858,861,861,863
3,853,5,853,858,858,858,863,863,863
3,853,7,853,860,860,858,865,865,863
3,853,11,853,864,864,858,869,869,863
3,853,13,853,866,866,858,871,871,863
3,853,17,853,870,870,858,875,875,863
3,853,19,853,872,872,858,877,877,863
3,854,2,854,856,856,859,861,861,864
3,854,3,854,857,857,859,862,862,864
3,854,5,854,859,859,859,864,864,864
3,854,7,854,861,861,859,866,866,864
3,854,11,854,865,865,859,870,870,864
3,854,13,854,867,867,859,872,872,864
3,854,17,854,871,871,859,876,876,864
3,854,19,854,873,873,859,878,878,864
3,855,2,855,857,857,860,862,862,865
3,855,3,855,858,858,860,863,863,865
3,855,5,855,860,860,860,865,865,865
3,855,7,855,862,862,860,867,867,865
3,855,11,855,866,866,860,871,871,865
3,855,13,855,868,868,860,873,873,865
3,855,17,855,872,872,860,877,877,865
3,855,19,855,874,874,860,879,879,865
3,856,2,856,858,858,861,863,863,866
3,856,3,856,859,859,861,864,864,866
3,856,5,856,861,861,861,866,866,866
3,856,7,856,863,863,861,868,868,866
3,856,11,856,867,867,861,872,872,866
3,856,13,856,869,869,861,874,874,866
3,856,17,856,873,873,861,878,878,866
3,856,19,856,875,875,861,880,880,866
3,857,2,857,859,859,862,864,864,867
3,857,3,857,860,860,862,865,865,867
3,857,5,857,862,862,862,867,867,867
3,857,7,857,864,864,862,869,869,867
3,857,11,857,868,868,862,873,873,867
3,857,13,857,870,870,862,875,875,867
3,857,17,857,874,874,862,879,879,867
3,857,19,857,876,876,862,881,881,867
3,858,2,858,860,860,863,865,865,868
3,858,3,858,861,861,863,866,866,868
3,858,5,858,863,863,863,868,868,868
3,858,7,858,865,865,863,870,870,868
3,858,11,858,869,869,863,874,874,868
3,858,13,858,871,871,863,876,876,868
3,858,17,858,875,875,863,880,880,868
3,858,19,858,877,877,863,882,882,868
3,859,2,859,861,861,864,866,866,869
3,859,3,859,862,862,864,867,867,869
3,859,5,859,864,864,864,869,869,869
3,859,7,859,866,866,864,871,871,869
3,859,11,859,870,870,864,875,875,869
3,859,13,859,872,872,864,877,877,869
3,859,17,859,876,876,864,881,881,869
3,859,19,859,878,878,864,883,883,869
3,860,2,860,862,862,865,867,867,870
3,860,3,860,863,863,865,868,868,870
3,860,5,860,865,865,865,870,870,870
3,860,7,860,867,867,865,872,872,870
3,860,11,860,871,871,865,876,876,870
3,860,13,860,873,873,865,878,878,870
3,860,17,860,877,877,865,882,882,870
3,860,19,860,879,879,865,884,884,870
3,861,2,861,863,863,866,868,868,871
3,861,3,861,864,864,866,869,869,871
3,861,5,861,866,866,866,871,871,871
3,861,7,861,868,868,866,873,873,871
3,861,11,861,872,872,866,877,877,871
3,861,13,861,874,874,866,879,879,871
3,861,17,861,878,878,866,883,883,871
3,861,19,861,880,880,866,885,885,871
3,862,2,862,864,864,867,869,869,872
3,862,3,862,865,865,867,870,870,872
3,862,5,862,867,867,867,872,872,872
3,862,7,862,869,869,867,874,874,872
3,862,11,862,873,873,867,878,878,872
3,862,13,862,875,875,867,880,880,872
3,862,17,862,879,879,867,884,884,872
3,862,19,862,881,881,867,886,886,872
3,863,2,863,865,865,868,870,870,873
3,863,3,863,866,866,868,871,871,873
3,863,5,863,868,868,868,873,873,873
3,863,7,863,870,870,868,875,875,873
3,863,11,863,874,874,868,879,879,873
3,863,13,863,876,876,868,881,881,873
3,863,17,863,880,880,868,885,885,873
3,863,19,863,882,882,868,887,887,873
3,864,2,864,866,866,869,871,871,874
3,864,3,864,867,867,869,872,872,874
3,864,5,864,869,869,869,874,874,874
3,864,7,864,871,871,869,876,876,874
3,864,11,864,875,875,869,880,880,874
3,864,13,864,877,877,869,882,882,874
3,864,17,864,881,881,869,886,886,874
3,864,19,864,883,883,869,888,888,874
3,865,2,865,867,867,870,872,872,875
3,865,3,865,868,868,870,873,873,875
3,865,5,865,870,870,870,875,875,875
3,865,7,865,872,872,870,877,877,875
3,865,11,865,876,876,870,881,881,875
3,865,13,865,878,878,870,883,883,875
3,865,17,865,882,882,870,887,887,875
3,865,19,865,884,884,870,889,889,875
3,866,2,866,868,868,871,873,873,876
3,866,3,866,869,869,871,874,874,876
3,866,5,866,871,871,871,876,876,876
3,866,7,866,873,873,871,878,878,876
3,866,11,866,877,877,871,882,882,876
3,866,13,866,879,879,871,884,884,876
3,866,17,866,883,883,871,888,888,876
3,866,19,866,885,885,871,890,890,876
3,867,2,867,869,869,872,874,874,877
3,867,3,867,870,870,872,875,875,877
3,867,5,867,872,872,872,877,877,877
3,867,7,867,874,874,872,879,879,877
3,867,11,867,878,878,872,883,883,877
3,867,13,867,880,880,872,885,885,877
3,867,17,867,884,884,872,889,889,877
3,867,19,867,886,886,872,891,891,877
3,868,2,868,870,870,873,875,875,878
3,868,3,868,871,871,873,876,876,878
3,868,5,868,873,873,873,878,878,878
3,868,7,868,875,875,873,880,880,878
3,868,11,868,879,879,873,884,884,878
3,868,13,868,881,881,873,886,886,878
3,868,17,868,885,885,873,890,890,878
3,868,19,868,887,887,873,892,892,878
3,869,2,869,871,871,874,876,876,879
3,869,3,869,872,872,874,877,877,879
3,869,5,869,874,874,874,879,879,879
3,869,7,869,876,876,874,881,881,879
3,869,11,869,880,880,874,885,885,879
3,869,13,869,882,882,874,887,887,879
3,869,17,869,886,886,874,891,891,879
3,869,19,869,888,888,874,893,893,879
3,870,2,870,872,872,875,877,877,880
3,870,3,870,873,873,875,878,878,880
3,870,5,870,875,875,875,880,880,880
3,870,7,870,877,877,875,882,882,880
3,870,11,870,881,881,875,886,886,880
3,870,13,870,883,883,875,888,888,880
3,870,17,870,887,887,875,892,892,880
3,870,19,870,889,889,875,894,894,880
3,871,2,871,873,873,876,878,878,881
3,871,3,871,874,874,876,879,879,881
3,871,5,871,876,876,876,881,881,881
3,871,7,871,878,878,876,883,883,881
3,871,11,871,882,882,876,887,887,881
3,871,13,871,884,884,876,889,889,881
3,871,17,871,888,888,876,893,893,881
3,871,19,871,890,890,876,895,895,881
3,872,2,872,874,874,877,879,879,882
3,872,3,872,875,875,877,880,880,882
3,872,5,872,877,877,877,882,882,882
3,872,7,872,879,879,877,884,884,882
3,872,11,872,883,883,877,888,888,882
3,872,13,872,885,885,877,890,890,882
3,872,17,872,889,889,877,894,894,882
3,872,19,872,891,891,877,896,896,882
3,873,2,873,875,875,878,880,880,883
3,873,3,873,876,876,878,881,881,883
3,873,5,873,878,878,878,883,883,883
3,873,7,873,880,880,878,885,885,883
3,873,11,873,884,884,878,889,889,883
3,873,13,873,886,886,878,891,891,883
3,873,17,873,890,890,878,895,895,883
3,873,19,873,892,892,878,897,897,883
3,874,2,874,876,876,879,881,881,884
3,874,3,874,877,877,879,882,882,884
3,874,5,874,879,879,879,884,884,884
3,874,7,874,881,881,879,886,886,884
3,874,11,874,885,885,879,890,890,884
3,874,13,874,887,887,879,892,892,884
3,874,17,874,891,891,879,896,896,884
3,874,19,874,893,893,879,898,898,884
3,875,2,875,877,877,880,882,882,885
3,875,3,875,878,878,880,883,883,885
3,875,5,875,880,880,880,885,885,885
3,875,7,875,882,882,880,887,887,885
3,875,11,875,886,886,880,891,891,885
3,875,13,875,888,888,880,893,893,885
3,875,17,875,892,892,880,897,897,885
3,875,19,875,894,894,880,899,899,885
3,876,2,876,878,878,881,883,883,886
3,876,3,876,879,879,881,884,884,886
3,876,5,876,881,881,881,886,886,886
3,876,7,876,883,883,881,888,888,886
3,876,11,876,887,887,881,892,892,886
3,876,13,876,889,889,881,894,894,886
3,876,17,876,893,893,881,898,898,886
3,876,19,876,895,895,881,900,900,886
3,877,2,877,879,879,882,884,884,887
3,877,3,877,880,880,882,885,885,887
3,877,5,877,882,882,882,887,887,887
3,877,7,877,884,884,882,889,889,887
3,877,11,877,888,888,882,893,893,887
3,877,13,877,890,890,882,895,895,887
3,877,17,877,894,894,882,899,899,887
3,877,19,877,896,896,882,901,901,887
3,878,2,878,880,880,883,885,885,888
3,878,3,878,881,881,883,886,886,888
3,878,5,878,883,883,883,888,888,888
3,878,7,878,885,885,883,890,890,888
3,878,11,878,889,889,883,894,894,888
3,878,13,878,891,891,883,896,896,888
3,878,17,878,895,895,883,900,900,888
3,878,19,878,897,897,883,902,902,888
3,879,2,879,881,881,884,886,886,889
3,879,3,879,882,882,884,887,887,889
3,879,5,879,884,884,884,889,889,889
3,879,7,879,886,886,884,891,891,889
3,879,11,879,890,890,884,895,895,889
3,879,13,879,892,892,884,897,897,889
3,879,17,879,896,896,884,901,901,889
3,879,19,879,898,898,884,903,903,889
3,880,2,880,882,882,885,887,887,890
3,880,3,880,883,883,885,888,888,890
3,880,5,880,885,885,885,890,890,890
3,880,7,880,887,887,885,892,892,890
3,880,11,880,891,891,885,896,896,890
3,880,13,880,893,893,885,898,898,890
3,880,17,880,897,897,885,902,902,890
3,880,19,880,899,899,885,904,904,890
3,881,2,881,883,883,886,888,888,891
3,881,3,881,884,884,886,889,889,891
3,881,5,881,886,886,886,891,891,891
3,881,7,881,888,888,886,893,893,891
3,881,11,881,892,892,886,897,897,891
3,881,13,881,894,894,886,899,899,891
3,881,17,881,898,898,886,903,903,891
3,881,19,881,900,900,886,905,905,891
3,882,2,882,884,884,887,889,889,892
3,882,3,882,885,885,887,890,890,892
3,882,5,882,887,887,887,892,892,892
3,882,7,882,889,889,887,894,894,892
3,882,11,882,893,893,887,898,898,892
3,882,13,882,895,895,887,900,900,892
3,882,17,882,899,899,887,904,904,892
3,882,19,882,901,901,887,906,906,892
3,883,2,883,885,885,888,890,890,893
3,883,3,883,886,886,888,891,891,893
3,883,5,883,888,888,888,893,893,893
3,883,7,883,890,890,888,895,895,893
3,883,11,883,894,894,888,899,899,893
3,883,13,883,896,896,888,901,901,893
3,883,17,883,900,900,888,905,905,893
3,883,19,883,902,902,888,907,907,893
3,884,2,884,886,886,889,891,891,894
3,884,3,884,887,887,889,892,892,894
3,884,5,884,889,889,889,894,894,894
3,884,7,884,891,891,889,896,896,894
3,884,11,884,895,895,889,900,900,894
3,884,13,884,897,897,889,902,902,894
3,884,17,884,901,901,889,906,906,894
3,884,19,884,903,903,889,908,908,894
3,885,2,885,887,887,890,892,892,895
3,885,3,885,888,888,890,893,893,895
3,885,5,885,890,890,890,895,895,895
3,885,7,885,892,892,890,897,897,895
3,885,11,885,896,896,890,901,901,895
3,885,13,885,898,898,890,903,903,895
3,885,17,885,902,902,890,907,907,895
3,885,19,885,904,904,890,909,909,895
3,886,2,886,888,888,891,893,893,896
3,886,3,886,889,889,891,894,894,896
3,886,5,886,891,891,891,896,896,896
3,886,7,886,893,893,891,898,898,896
3,886,11,886,897,897,891,902,902,896
3,886,13,886,899,899,891,904,904,896
3,886,17,886,903,903,891,908,908,896
3,886,19,886,905,905,891,910,910,896
3,887,2,887,889,889,892,894,894,897
3,887,3,887,890,890,892,895,895,897
3,887,5,887,892,892,892,897,897,897
3,887,7,887,894,894,892,899,899,897
3,887,11,887,898,898,892,903,903,897
3,887,13,887,900,900,892,905,905,897
3,887,17,887,904,904,892,909,909,897
3,887,19,887,906,906,892,911,911,897
3,888,2,888,890,890,893,895,895,898
3,888,3,888,891,891,893,896,896,898
3,888,5,888,893,893,893,898,898,898
3,888,7,888,895,895,893,900,900,898
3,888,11,888,899,899,893,904,904,898
3,888,13,888,901,901,893,906,906,898
3,888,17,888,905,905,893,910,910,898
3,888,19,888,907,907,893,912,912,898
3,889,2,889,891,891,894,896,896,899
3,889,3,889,892,892,894,897,897,899
3,889,5,889,894,894,894,899,899,899
3,889,7,889,896,896,894,901,901,899
3,889,11,889,900,900,894,905,905,899
3,889,13,889,902,902,894,907,907,899
3,889,17,889,906,906,894,911,911,899
3,889,19,889,908,908,894,913,913,899
3,890,2,890,892,892,895,897,897,900
3,890,3,890,893,893,895,898,898,900
3,890,5,890,895,895,895,900,900,900
3,890,7,890,897,897,895,902,902,900
3,890,11,890,901,901,895,906,906,900
3,890,13,890,903,903,895,908,908,900
3,890,17,890,907,907,895,912,912,900
3,890,19,890,909,909,895,914,914,900
3,891,2,891,893,893,896,898,898,901
3,891,3,891,894,894,896,899,899,901
3,891,5,891,896,896,896,901,901,901
3,891,7,891,898,898,896,903,903,901
3,891,11,891,902,902,896,907,907,901
3,891,13,891,904,904,896,909,909,901
3,891,17,891,908,908,896,913,913,901
3,891,19,891,910,910,896,915,915,901
3,892,2,892,894,894,897,899,899,902
3,892,3,892,895,895,897,900,900,902
3,892,5,892,897,897,897,902,902,902
3,892,7,892,899,899,897,904,904,902
3,892,11,892,903,903,897,908,908,902
3,892,13,892,905,905,897,910,910,902
3,892,17,892,909,909,897,914,914,902
3,892,19,892,911,911,897,916,916,902
3,893,2,893,895,895,898,900,900,903
3,893,3,893,896,896,898,901,901,903
3,893,5,893,898,898,898,903,903,903
3,893,7,893,900,900,898,905,905,903
3,893,11,893,904,904,898,909,909,903
3,893,13,893,906,906,898,911,911,903
3,893,17,893,910,910,898,915,915,903
3,893,19,893,912,912,898,917,917,903
3,894,2,894,896,896,899,901,901,904
3,894,3,894,897,897,899,902,902,904
3,894,5,894,899,899,899,904,904,904
3,894,7,894,901,901,899,906,906,904
3,894,11,894,905,905,899,910,910,904
3,894,13,894,907,907,899,912,912,904
3,894,17,894,911,911,899,916,916,904
3,894,19,894,913,913,899,918,918,904
3,895,2,895,897,897,900,902,902,905
3,895,3,895,898,898,900,903,903,905
3,895,5,895,900,900,900,905,905,905
3,895,7,895,902,902,900,907,907,905
3,895,11,895,906,906,900,911,911,905
3,895,13,895,908,908,900,913,913,905
3,895,17,895,912,912,900,917,917,905
3,895,19,895,914,914,900,919,919,905
3,896,2,896,898,898,901,903,903,906
3,896,3,896,899,899,901,904,904,906
3,896,5,896,901,901,901,906,906,906
3,896,7,896,903,903,901,908,908,906
3,896,11,896,907,907,901,912,912,906
3,896,13,896,909,909,901,914,914,906
3,896,17,896,913,913,901,918,918,906
3,896,19,896,915,915,901,920,920,906
3,897,2,897,899,899,902,904,904,907
3,897,3,897,900,900,902,905,905,907
3,897,5,897,902,902,902,907,907,907
3,897,7,897,904,904,902,909,909,907
3,897,11,897,908,908,902,913,913,907
3,897,13,897,910,910,902,915,915,907
3,897,17,897,914,914,902,919,919,907
3,897,19,897,916,916,902,921,921,907
3,898,2,898,900,900,903,905,905,908
3,898,3,898,901,901,903,906,906,908
3,898,5,898,903,903,903,908,908,908
3,898,7,898,905,905,903,910,910,908
3,898,11,898,909,909,903,914,914,908
3,898,13,898,911,911,903,916,916,908
3,898,17,898,915,915,903,920,920,908
3,898,19,898,917,917,903,922,922,908
3,899,2,899,901,901,904,906,906,909
3,899,3,899,902,902,904,907,907,909
3,899,5,899,904,904,904,909,909,909
3,899,7,899,906,906,904,911,911,909
3,899,11,899,910,910,904,915,915,909
3,899,13,899,912,912,904,917,917,909
3,899,17,899,916,916,904,921,921,909
3,899,19,899,918,918,904,923,923,909
3,900,2,900,902,902,905,907,907,910
3,900,3,900,903,903,905,908,908,910
3,900,5,900,905,905,905,910,910,910
3,900,7,900,907,907,905,912,912,910
3,900,11,900,911,911,905,916,916,910
3,900,13,900,913,913,905,918,918,910
3,900,17,900,917,917,905,922,922,910
3,900,19,900,919,919,905,924,924,910
3,901,2,901,903,903,906,908,908,911
3,901,3,901,904,904,906,909,909,911
3,901,5,901,906,906,906,911,911,911
3,901,7,901,908,908,906,913,913,911
3,901,11,901,912,912,906,917,917,911
3,901,13,901,914,914,906,919,919,911
3,901,17,901,918,918,906,923,923,911
3,901,19,901,920,920,906,925,925,911
3,902,2,902,904,904,907,909,909,912
3,902,3,902,905,905,907,910,910,912
3,902,5,902,907,907,907,912,912,912
3,902,7,902,909,909,907,914,914,912
3,902,11,902,913,913,907,918,918,912
3,902,13,902,915,915,907,920,920,912
3,902,17,902,919,919,907,924,924,912
3,902,19,902,921,921,907,926,926,912
3,903,2,903,905,905,908,910,910,913
3,903,3,903,906,906,908,911,911,913
3,903,5,903,908,908,908,913,913,913
3,903,7,903,910,910,908,915,915,913
3,903,11,903,914,914,908,919,919,913
3,903,13,903,916,916,908,921,921,913
3,903,17,903,920,920,908,925,925,913
3,903,19,903,922,922,908,927,927,913
3,904,2,904,906,906,909,911,911,914
3,904,3,904,907,907,909,912,912,914
3,904,5,904,909,909,909,914,914,914
3,904,7,904,911,911,909,916,916,914
3,904,11,904,915,915,909,920,920,914
3,904,13,904,917,917,909,922,922,914
3,904,17,904,921,921,909,926,926,914
3,904,19,904,923,923,909,928,928,914
3,905,2,905,907,907,910,912,912,915
3,905,3,905,908,908,910,913,913,915
3,905,5,905,910,910,910,915,915,915
3,905,7,905,912,912,910,917,917,915
3,905,11,905,916,916,910,921,921,915
3,905,13,905,918,918,910,923,923,915
3,905,17,905,922,922,910,927,927,915
3,905,19,905,924,924,910,929,929,915
3,906,2,906,908,908,911,913,913,916
3,906,3,906,909,909,911,914,914,916
3,906,5,906,911,911,911,916,916,916
3,906,7,906,913,913,911,918,918,916
3,906,11,906,917,917,911,922,922,916
3,906,13,906,919,919,911,924,924,916
3,906,17,906,923,923,911,928,928,916
3,906,19,906,925,925,911,930,930,916
3,907,2,907,909,909,912,914,914,917
3,907,3,907,910,910,912,915,915,917
3,907,5,907,912,912,912,917,917,917
3,907,7,907,914,914,912,919,919,917
3,907,11,907,918,918,912,923,923,917
3,907,13,907,920,920,912,925,925,917
3,907,17,907,924,924,912,929,929,917
3,907,19,907,926,926,912,931,931,917
3,908,2,908,910,910,913,915,915,918
3,908,3,908,911,911,913,916,916,918
3,908,5,908,913,913,913,918,918,918
3,908,7,908,915,915,913,920,920,918
3,908,11,908,919,919,913,924,924,918
3,908,13,908,921,921,913,926,926,918
3,908,17,908,925,925,913,930,930,918
3,908,19,908,927,927,913,932,932,918
3,909,2,909,911,911,914,916,916,919
3,909,3,909,912,912,914,917,917,919
3,909,5,909,914,914,914,919,919,919
3,909,7,909,916,916,914,921,921,919
3,909,11,909,920,920,914,925,925,919
3,909,13,909,922,922,914,927,927,919
3,909,17,909,926,926,914,931,931,919
3,909,19,909,928,928,914,933,933,919
3,910,2,910,912,912,915,917,917,920
3,910,3,910,913,913,915,918,918,920
3,910,5,910,915,915,915,920,920,920
3,910,7,910,917,917,915,922,922,920
3,910,11,910,921,921,915,926,926,920
3,910,13,910,923,923,915,928,928,920
3,910,17,910,927,927,915,932,932,920
3,910,19,910,929,929,915,934,934,920
3,911,2,911,913,913,916,918,918,921
3,911,3,911,914,914,916,919,919,921
3,911,5,911,916,916,916,921,921,921
3,911,7,911,918,918,916,923,923,921
3,911,11,911,922,922,916,927,927,921
3,911,13,911,924,924,916,929,929,921
3,911,17,911,928,928,916,933,933,921
3,911,19,911,930,930,916,935,935,921
3,912,2,912,914,914,917,919,919,922
3,912,3,912,915,915,917,920,920,922
3,912,5,912,917,917,917,922,922,922
3,912,7,912,919,919,917,924,924,922
3,912,11,912,923,923,917,928,928,922
3,912,13,912,925,925,917,930,930,922
3,912,17,912,929,929,917,934,934,922
3,912,19,912,931,931,917,936,936,922
3,913,2,913,915,915,918,920,920,923
3,913,3,913,916,916,918,921,921,923
3,913,5,913,918,918,918,923,923,923
3,913,7,913,920,920,918,925,925,923
3,913,11,913,924,924,918,929,929,923
3,913,13,913,926,926,918,931,931,923
3,913,17,913,930,930,918,935,935,923
3,913,19,913,932,932,918,937,937,923
3,914,2,914,916,916,919,921,921,924
3,914,3,914,917,917,919,922,922,924
3,914,5,914,919,919,919,924,924,924
3,914,7,914,921,921,919,926,926,924
3,914,11,914,925,925,919,930,930,924
3,914,13,914,927,927,919,932,932,924
3,914,17,914,931,931,919,936,936,924
3,914,19,914,933,933,919,938,938,924
3,915,2,915,917,917,920,922,922,925
3,915,3,915,918,918,920,923,923,925
3,915,5,915,920,920,920,925,925,925
3,915,7,915,922,922,920,927,927,925
3,915,11,915,926,926,920,931,931,925
3,915,13,915,928,928,920,933,933,925
3,915,17,915,932,932,920,937,937,925
3,915,19,915,934,934,920,939,939,925
3,916,2,916,918,918,921,923,923,926
3,916,3,916,919,919,921,924,924,926
3,916,5,916,921,921,921,926,926,926
3,916,7,916,923,923,921,928,928,926
3,916,11,916,927,927,921,932,932,926
3,916,13,916,929,929,921,934,934,926
3,916,17,916,933,933,921,938,938,926
3,916,19,916,935,935,921,940,940,926
3,917,2,917,919,919,922,924,924,927
3,917,3,917,920,920,922,925,925,927
3,917,5,917,922,922,922,927,927,927
3,917,7,917,924,924,922,929,929,927
3,917,11,917,928,928,922,933,933,927
3,917,13,917,930,930,922,935,935,927
3,917,17,917,934,934,922,939,939,927
3,917,19,917,936,936,922,941,941,927
3,918,2,918,920,920,923,925,925,928
3,918,3,918,921,921,923,926,926,928
3,918,5,918,923,923,923,928,928,928
3,918,7,918,925,925,923,930,930,928
3,918,11,918,929,929,923,934,934,928
3,918,13,918,931,931,923,936,936,928
3,918,17,918,935,935,923,940,940,928
3,918,19,918,937,937,923,942,942,928
3,919,2,919,921,921,924,926,926,929
3,919,3,919,922,922,924,927,927,929
3,919,5,919,924,924,924,929,929,929
3,919,7,919,926,926,924,931,931,929
3,919,11,919,930,930,924,935,935,929
3,919,13,919,932,932,924,937,937,929
3,919,17,919,936,936,924,941,941,929
3,919,19,919,938,938,924,943,943,929
3,920,2,920,922,922,925,927,927,930
3,920,3,920,923,923,925,928,928,930
3,920,5,920,925,925,925,930,930,930
3,920,7,920,927,927,925,932,932,930
3,920,11,920,931,931,925,936,936,930
3,920,13,920,933,933,925,938,938,930
3,920,17,920,937,937,925,942,942,930
3,920,19,920,939,939,925,944,944,930
3,921,2,921,923,923,926,928,928,931
3,921,3,921,924,924,926,929,929,931
3,921,5,921,926,926,926,931,931,931
3,921,7,921,928,928,926,933,933,931
3,921,11,921,932,932,926,937,937,931
3,921,13,921,934,934,926,939,939,931
3,921,17,921,938,938,926,943,943,931
3,921,19,921,940,940,926,945,945,931
3,922,2,922,924,924,927,929,929,932
3,922,3,922,925,925,927,930,930,932
3,922,5,922,927,927,927,932,932,932
3,922,7,922,929,929,927,934,934,932
3,922,11,922,933,933,927,938,938,932
3,922,13,922,935,935,927,940,940,932
3,922,17,922,939,939,927,944,944,932
3,922,19,922,941,941,927,946,946,932
3,923,2,923,925,925,928,930,930,933
3,923,3,923,926,926,928,931,931,933
3,923,5,923,928,928,928,933,933,933
3,923,7,923,930,930,928,935,935,933
3,923,11,923,934,934,928,939,939,933
3,923,13,923,936,936,928,941,941,933
3,923,17,923,940,940,928,945,945,933
3,923,19,923,942,942,928,947,947,933
3,924,2,924,926,926,929,931,931,934
3,924,3,924,927,927,929,932,932,934
3,924,5,924,929,929,929,934,934,934
3,924,7,924,931,931,929,936,936,934
3,924,11,924,935,935,929,940,940,934
3,924,13,924,937,937,929,942,942,934
3,924,17,924,941,941,929,946,946,934
3,924,19,924,943,943,929,948,948,934
3,925,2,925,927,927,930,932,932,935
3,925,3,925,928,928,930,933,933,935
3,925,5,925,930,930,930,935,935,935
3,925,7,925,932,932,930,937,937,935
3,925,11,925,936,936,930,941,941,935
3,925,13,925,938,938,930,943,943,935
3,925,17,925,942,942,930,947,947,935
3,925,19,925,944,944,930,949,949,935
3,926,2,926,928,928,931,933,933,936
3,926,3,926,929,929,931,934,934,936
3,926,5,926,931,931,931,936,936,936
3,926,7,926,933,933,931,938,938,936
3,926,11,926,937,937,931,942,942,936
3,926,13,926,939,939,931,944,944,936
3,926,17,926,943,943,931,948,948,936
3,926,19,926,945,945,931,950,950,936
3,927,2,927,929,929,932,934,934,937
3,927,3,927,930,930,932,935,935,937
3,927,5,927,932,932,932,937,937,937
3,927,7,927,934,934,932,939,939,937
3,927,11,927,938,938,932,943,943,937
3,927,13,927,940,940,932,945,945,937
3,927,17,927,944,944,932,949,949,937
3,927,19,927,946,946,932,951,951,937
3,928,2,928,930,930,933,935,935,938
3,928,3,928,931,931,933,936,936,938
3,928,5,928,933,933,933,938,938,938
3,928,7,928,935,935,933,940,940,938
3,928,11,928,939,939,933,944,944,938
3,928,13,928,941,941,933,946,946,938
3,928,17,928,945,945,933,950,950,938
3,928,19,928,947,947,933,952,952,938
3,929,2,929,931,931,934,936,936,939
3,929,3,929,932,932,934,937,937,939
3,929,5,929,934,934,934,939,939,939
3,929,7,929,936,936,934,941,941,939
3,929,11,929,940,940,934,945,945,939
3,929,13,929,942,942,934,947,947,939
3,929,17,929,946,946,934,951,951,939
3,929,19,929,948,948,934,953,953,939
3,930,2,930,932,932,935,937,937,940
3,930,3,930,933,933,935,938,938,940
3,930,5,930,935,935,935,940,940,940
3,930,7,930,937,937,935,942,942,940
3,930,11,930,941,941,935,946,946,940
3,930,13,930,943,943,935,948,948,940
3,930,17,930,947,947,935,952,952,940
3,930,19,930,949,949,935,954,954,940
3,931,2,931,933,933,936,938,938,941
3,931,3,931,934,934,936,939,939,941
3,931,5,931,936,936,936,941,941,941
3,931,7,931,938,938,936,943,943,941
3,931,11,931,942,942,936,947,947,941
3,931,13,931,944,944,936,949,949,941
3,931,17,931,948,948,936,953,953,941
3,931,19,931,950,950,936,955,955,941
3,932,2,932,934,934,937,939,939,942
3,932,3,932,935,935,937,940,940,942
3,932,5,932,937,937,937,942,942,942
3,932,7,932,939,939,937,944,944,942
3,932,11,932,943,943,937,948,948,942
3,932,13,932,945,945,937,950,950,942
3,932,17,932,949,949,937,954,954,942
3,932,19,932,951,951,937,956,956,942
3,933,2,933,935,935,938,940,940,943
3,933,3,933,936,936,938,941,941,943
3,933,5,933,938,938,938,943,943,943
3,933,7,933,940,940,938,945,945,943
3,933,11,933,944,944,938,949,949,943
3,933,13,933,946,946,938,951,951,943
3,933,17,933,950,950,938,955,955,943
3,933,19,933,952,952,938,957,957,943
3,934,2,934,936,936,939,941,941,944
3,934,3,934,937,937,939,942,942,944
3,934,5,934,939,939,939,944,944,944
3,934,7,934,941,941,939,946,946,944
3,934,11,934,945,945,939,950,950,944
3,934,13,934,947,947,939,952,952,944
3,934,17,934,951,951,939,956,956,944
3,934,19,934,953,953,939,958,958,944
3,935,2,935,937,937,940,942,942,945
3,935,3,935,938,938,940,943,943,945
3,935,5,935,940,940,940,945,945,945
3,935,7,935,942,942,940,947,947,945
3,935,11,935,946,946,940,951,951,945
3,935,13,935,948,948,940,953,953,945
3,935,17,935,952,952,940,957,957,945
3,935,19,935,954,954,940,959,959,945
3,936,2,936,938,938,941,943,943,946
3,936,3,936,939,939,941,944,944,946
3,936,5,936,941,941,941,946,946,946
3,936,7,936,943,943,941,948,948,946
3,936,11,936,947,947,941,952,952,946
3,936,13,936,949,949,941,954,954,946
3,936,17,936,953,953,941,958,958,946
3,936,19,936,955,955,941,960,960,946
3,937,2,937,939,939,942,944,944,947
3,937,3,937,940,940,942,945,945,947
3,937,5,937,942,942,942,947,947,947
3,937,7,937,944,944,942,949,949,947
3,937,11,937,948,948,942,953,953,947
3,937,13,937,950,950,942,955,955,947
3,937,17,937,954,954,942,959,959,947
3,937,19,937,956,956,942,961,961,947
3,938,2,938,940,940,943,945,945,948
3,938,3,938,941,941,943,946,946,948
3,938,5,938,943,943,943,948,948,948
3,938,7,938,945,945,943,950,950,948
3,938,11,938,949,949,943,954,954,948
3,938,13,938,951,951,943,956,956,948
3,938,17,938,955,955,943,960,960,948
3,938,19,938,957,957,943,962,962,948
3,939,2,939,941,941,944,946,946,949
3,939,3,939,942,942,944,947,947,949
3,939,5,939,944,944,944,949,949,949
3,939,7,939,946,946,944,951,951,949
3,939,11,939,950,950,944,955,955,949
3,939,13,939,952,952,944,957,957,949
3,939,17,939,956,956,944,961,961,949
3,939,19,939,958,958,944,963,963,949
3,940,2,940,942,942,945,947,947,950
3,940,3,940,943,943,945,948,948,950
3,940,5,940,945,945,945,950,950,950
3,940,7,940,947,947,945,952,952,950
3,940,11,940,951,951,945,956,956,950
3,940,13,940,953,953,945,958,958,950
3,940,17,940,957,957,945,962,962,950
3,940,19,940,959,959,945,964,964,950
3,941,2,941,943,943,946,948,948,951
3,941,3,941,944,944,946,949,949,951
3,941,5,941,946,946,946,951,951,951
3,941,7,941,948,948,946,953,953,951
3,941,11,941,952,952,946,957,957,951
3,941,13,941,954,954,946,959,959,951
3,941,17,941,958,958,946,963,963,951
3,941,19,941,960,960,946,965,965,951
3,942,2,942,944,944,947,949,949,952
3,942,3,942,945,945,947,950,950,952
3,942,5,942,947,947,947,952,952,952
3,942,7,942,949,949,947,954,954,952
3,942,11,942,953,953,947,958,958,952
3,942,13,942,955,955,947,960,960,952
3,942,17,942,959,959,947,964,964,952
3,942,19,942,961,961,947,966,966,952
3,943,2,943,945,945,948,950,950,953
3,943,3,943,946,946,948,951,951,953
3,943,5,943,948,948,948,953,953,953
3,943,7,943,950,950,948,955,955,953
3,943,11,943,954,954,948,959,959,953
3,943,13,943,956,956,948,961,961,953
3,943,17,943,960,960,948,965,965,953
3,943,19,943,962,962,948,967,967,953
3,944,2,944,946,946,949,951,951,954
3,944,3,944,947,947,949,952,952,954
3,944,5,944,949,949,949,954,954,954
3,944,7,944,951,951,949,956,956,954
3,944,11,944,955,955,949,960,960,954
3,944,13,944,957,957,949,962,962,954
3,944,17,944,961,961,949,966,966,954
3,944,19,944,963,963,949,968,968,954
3,945,2,945,947,947,950,952,952,955
3,945,3,945,948,948,950,953,953,955
3,945,5,945,950,950,950,955,955,955
3,945,7,945,952,952,950,957,957,955
3,945,11,945,956,956,950,961,961,955
3,945,13,945,958,958,950,963,963,955
3,945,17,945,962,962,950,967,967,955
3,945,19,945,964,964,950,969,969,955
3,946,2,946,948,948,951,953,953,956
3,946,3,946,949,949,951,954,954,956
3,946,5,946,951,951,951,956,956,956
3,946,7,946,953,953,951,958,958,956
3,946,11,946,957,957,951,962,962,956
3,946,13,946,959,959,951,964,964,956
3,946,17,946,963,963,951,968,968,956
3,946,19,946,965,965,951,970,970,956
3,947,2,947,949,949,952,954,954,957
3,947,3,947,950,950,952,955,955,957
3,947,5,947,952,952,952,957,957,957
3,947,7,947,954,954,952,959,959,957
3,947,11,947,958,958,952,963,963,957
3,947,13,947,960,960,952,965,965,957
3,947,17,947,964,964,952,969,969,957
3,947,19,947,966,966,952,971,971,957
3,948,2,948,950,950,953,955,955,958
3,948,3,948,951,951,953,956,956,958
3,948,5,948,953,953,953,958,958,958
3,948,7,948,955,955,953,960,960,958
3,948,11,948,959,959,953,964,964,958
3,948,13,948,961,961,953,966,966,958
3,948,17,948,965,965,953,970,970,958
3,948,19,948,967,967,953,972,972,958
3,949,2,949,951,951,954,956,956,959
3,949,3,949,952,952,954,957,957,959
3,949,5,949,954,954,954,959,959,959
3,949,7,949,956,956,954,961,961,959
3,949,11,949,960,960,954,965,965,959
3,949,13,949,962,962,954,967,967,959
3,949,17,949,966,966,954,971,971,959
3,949,19,949,968,968,954,973,973,959
3,950,2,950,952,952,955,957,957,960
3,950,3,950,953,953,955,958,958,960
3,950,5,950,955,955,955,960,960,960
3,950,7,950,957,957,955,962,962,960
3,950,11,950,961,961,955,966,966,960
3,950,13,950,963,963,955,968,968,960
3,950,17,950,967,967,955,972,972,960
3,950,19,950,969,969,955,974,974,960
3,951,2,951,953,953,956,958,958,961
3,951,3,951,954,954,956,959,959,961
3,951,5,951,956,956,956,961,961,961
3,951,7,951,958,958,956,963,963,961
3,951,11,951,962,962,956,967,967,961
3,951,13,951,964,964,956,969,969,961
3,951,17,951,968,968,956,973,973,961
3,951,19,951,970,970,956,975,975,961
3,952,2,952,954,954,957,959,959,962
3,952,3,952,955,955,957,960,960,962
3,952,5,952,957,957,957,962,962,962
3,952,7,952,959,959,957,964,964,962
3,952,11,952,963,963,957,968,968,962
3,952,13,952,965,965,957,970,970,962
3,952,17,952,969,969,957,974,974,962
3,952,19,952,971,971,957,976,976,962
3,953,2,953,955,955,958,960,960,963
3,953,3,953,956,956,958,961,961,963
3,953,5,953,958,958,958,963,963,963
3,953,7,953,960,960,958,965,965,963
3,953,11,953,964,964,958,969,969,963
3,953,13,953,966,966,958,971,971,963
3,953,17,953,970,970,958,975,975,963
3,953,19,953,972,972,958,977,977,963
3,954,2,954,956,956,959,961,961,964
3,954,3,954,957,957,959,962,962,964
3,954,5,954,959,959,959,964,964,964
3,954,7,954,961,961,959,966,966,964
3,954,11,954,965,965,959,970,970,964
3,954,13,954,967,967,959,972,972,964
3,954,17,954,971,971,959,976,976,964
3,954,19,954,973,973,959,978,978,964
3,955,2,955,957,957,960,962,962,965
3,955,3,955,958,958,960,963,963,965
3,955,5,955,960,960,960,965,965,965
3,955,7,955,962,962,960,967,967,965
3,955,11,955,966,966,960,971,971,965
3,955,13,955,968,968,960,973,973,965
3,955,17,955,972,972,960,977,977,965
3,955,19,955,974,974,960,979,979,965
3,956,2,956,958,958,961,963,963,966
3,956,3,956,959,959,961,964,964,966
3,956,5,956,961,961,961,966,966,966
3,956,7,956,963,963,961,968,968,966
3,956,11,956,967,967,961,972,972,966
3,956,13,956,969,969,961,974,974,966
3,956,17,956,973,973,961,978,978,966
3,956,19,956,975,975,961,980,980,966
3,957,2,957,959,959,962,964,964,967
3,957,3,957,960,960,962,965,965,967
3,957,5,957,962,962,962,967,967,967
3,957,7,957,964,964,962,969,969,967
3,957,11,957,968,968,962,973,973,967
3,957,13,957,970,970,962,975,975,967
3,957,17,957,974,974,962,979,979,967
3,957,19,957,976,976,962,981,981,967
3,958,2,958,960,960,963,965,965,968
3,958,3,958,961,961,963,966,966,968
3,958,5,958,963,963,963,968,968,968
3,958,7,958,965,965,963,970,970,968
3,958,11,958,969,969,963,974,974,968
3,958,13,958,971,971,963,976,976,968
3,958,17,958,975,975,963,980,980,968
3,958,19,958,977,977,963,982,982,968
3,959,2,959,961,961,964,966,966,969
3,959,3,959,962,962,964,967,967,969
3,959,5,959,964,964,964,969,969,969
3,959,7,959,966,966,964,971,971,969
3,959,11,959,970,970,964,975,975,969
3,959,13,959,972,972,964,977,977,969
3,959,17,959,976,976,964,981,981,969
3,959,19,959,978,978,964,983,983,969
3,960,2,960,962,962,965,967,967,970
3,960,3,960,963,963,965,968,968,970
3,960,5,960,965,965,965,970,970,970
3,960,7,960,967,967,965,972,972,970
3,960,11,960,971,971,965,976,976,970
3,960,13,960,973,973,965,978,978,970
3,960,17,960,977,977,965,982,982,970
3,960,19,960,979,979,965,984,984,970
3,961,2,961,963,963,966,968,968,971
3,961,3,961,964,964,966,969,969,971
3,961,5,961,966,966,966,971,971,971
3,961,7,961,968,968,966,973,973,971
3,961,11,961,972,972,966,977,977,971
3,961,13,961,974,974,966,979,979,971
3,961,17,961,978,978,966,983,983,971
3,961,19,961,980,980,966,985,985,971
3,962,2,962,964,964,967,969,969,972
3,962,3,962,965,965,967,970,970,972
3,962,5,962,967,967,967,972,972,972
3,962,7,962,969,969,967,974,974,972
3,962,11,962,973,973,967,978,978,972
3,962,13,962,975,975,967,980,980,972
3,962,17,962,979,979,967,984,984,972
3,962,19,962,981,981,967,986,986,972
3,963,2,963,965,965,968,970,970,973
3,963,3,963,966,966,968,971,971,973
3,963,5,963,968,968,968,973,973,973
3,963,7,963,970,970,968,975,975,973
3,963,11,963,974,974,968,979,979,973
3,963,13,963,976,976,968,981,981,973
3,963,17,963,980,980,968,985,985,973
3,963,19,963,982,982,968,987,987,973
3,964,2,964,966,966,969,971,971,974
3,964,3,964,967,967,969,972,972,974
3,964,5,964,969,969,969,974,974,974
3,964,7,964,971,971,969,976,976,974
3,964,11,964,975,975,969,980,980,974
3,964,13,964,977,977,969,982,982,974
3,964,17,964,981,981,969,986,986,974
3,964,19,964,983,983,969,988,988,974
3,965,2,965,967,967,970,972,972,975
3,965,3,965,968,968,970,973,973,975
3,965,5,965,970,970,970,975,975,975
3,965,7,965,972,972,970,977,977,975
3,965,11,965,976,976,970,981,981,975
3,965,13,965,978,978,970,983,983,975
3,965,17,965,982,982,970,987,987,975
3,965,19,965,984,984,970,989,989,975
3,966,2,966,968,968,971,973,973,976
3,966,3,966,969,969,971,974,974,976
3,966,5,966,971,971,971,976,976,976
3,966,7,966,973,973,971,978,978,976
3,966,11,966,977,977,971,982,982,976
3,966,13,966,979,979,971,984,984,976
3,966,17,966,983,983,971,988,988,976
3,966,19,966,985,985,971,990,990,976
3,967,2,967,969,969,972,974,974,977
3,967,3,967,970,970,972,975,975,977
3,967,5,967,972,972,972,977,977,977
3,967,7,967,974,974,972,979,979,977
3,967,11,967,978,978,972,983,983,977
3,967,13,967,980,980,972,985,985,977
3,967,17,967,984,984,972,989,989,977
3,967,19,967,986,986,972,991,991,977
3,968,2,968,970,970,973,975,975,978
3,968,3,968,971,971,973,976,976,978
3,968,5,968,973,973,973,978,978,978
3,968,7,968,975,975,973,980,980,978
3,968,11,968,979,979,973,984,984,978
3,968,13,968,981,981,973,986,986,978
3,968,17,968,985,985,973,990,990,978
3,968,19,968,987,987,973,992,992,978
3,969,2,969,971,971,974,976,976,979
3,969,3,969,972,972,974,977,977,979
3,969,5,969,974,974,974,979,979,979
3,969,7,969,976,976,974,981,981,979
3,969,11,969,980,980,974,985,985,979
3,969,13,969,982,982,974,987,987,979
3,969,17,969,986,986,974,991,991,979
3,969,19,969,988,988,974,993,993,979
3,970,2,970,972,972,975,977,977,980
3,970,3,970,973,973,975,978,978,980
3,970,5,970,975,975,975,980,980,980
3,970,7,970,977,977,975,982,982,980
3,970,11,970,981,981,975,986,986,980
3,970,13,970,983,983,975,988,988,980
3,970,17,970,987,987,975,992,992,980
3,970,19,970,989,989,975,994,994,980
3,971,2,971,973,973,976,978,978,981
3,971,3,971,974,974,976,979,979,981
3,971,5,971,976,976,976,981,981,981
3,971,7,971,978,978,976,983,983,981
3,971,11,971,982,982,976,987,987,981
3,971,13,971,984,984,976,989,989,981
3,971,17,971,988,988,976,993,993,981
3,971,19,971,990,990,976,995,995,981
3,972,2,972,974,974,977,979,979,982
3,972,3,972,975,975,977,980,980,982
3,972,5,972,977,977,977,982,982,982
3,972,7,972,979,979,977,984,984,982
3,972,11,972,983,983,977,988,988,982
3,972,13,972,985,985,977,990,990,982
3,972,17,972,989,989,977,994,994,982
3,972,19,972,991,991,977,996,996,982
3,973,2,973,975,975,978,980,980,983
3,973,3,973,976,976,978,981,981,983
3,973,5,973,978,978,978,983,983,983
3,973,7,973,980,980,978,985,985,983
3,973,11,973,984,984,978,989,989,983
3,973,13,973,986,986,978,991,991,983
3,973,17,973,990,990,978,995,995,983
3,973,19,973,992,992,978,997,997,983
3,974,2,974,976,976,979,981,981,984
3,974,3,974,977,977,979,982,982,984
3,974,5,974,979,979,979,984,984,984
3,974,7,974,981,981,979,986,986,984
3,974,11,974,985,985,979,990,990,984
3,974,13,974,987,987,979,992,992,984
3,974,17,974,991,991,979,996,996,984
3,974,19,974,993,993,979,998,998,984
3,975,2,975,977,977,980,982,982,985
3,975,3,975,978,978,980,983,983,985
3,975,5,975,980,980,980,985,985,985
3,975,7,975,982,982,980,987,987,985
3,975,11,975,986,986,980,991,991,985
3,975,13,975,988,988,980,993,993,985
3,975,17,975,992,992,980,997,997,985
3,975,19,975,994,994,980,999,999,985
3,976,2,976,978,978,981,983,983,986
3,976,3,976,979,979,981,984,984,986
3,976,5,976,981,981,981,986,986,986
3,976,7,976,983,983,981,988,988,986
3,976,11,976,987,987,981,992,992,986
3,976,13,976,989,989,981,994,994,986
3,976,17,976,993,993,981,998,998,986
3,976,19,976,995,995,981,1000,1000,986
3,977,2,977,979,979,982,984,984,987
3,977,3,977,980,980,982,985,985,987
3,977,5,977,982,982,982,987,987,987
3,977,7,977,984,984,982,989,989,987
3,977,11,977,988,988,982,993,993,987
3,977,13,977,990,990,982,995,995,987
3,977,17,977,994,994,982,999,999,987
3,977,19,977,996,996,982,1001,1001,987
3,978,2,978,980,980,983,985,985,988
3,978,3,978,981,981,983,986,986,988
3,978,5,978,983,983,983,988,988,988
3,978,7,978,985,985,983,990,990,988
3,978,11,978,989,989,983,994,994,988
3,978,13,978,991,991,983,996,996,988
3,978,17,978,995,995,983,1000,1000,988
3,978,19,978,997,997,983,1002,1002,988
3,979,2,979,981,981,984,986,986,989
3,979,3,979,982,982,984,987,987,989
3,979,5,979,984,984,984,989,989,989
3,979,7,979,986,986,984,991,991,989
3,979,11,979,990,990,984,995,995,989
3,979,13,979,992,992,984,997,997,989
3,979,17,979,996,996,984,1001,1001,989
3,979,19,979,998,998,984,1003,1003,989
3,980,2,980,982,982,985,987,987,990
3,980,3,980,983,983,985,988,988,990
3,980,5,980,985,985,985,990,990,990
3,980,7,980,987,987,985,992,992,990
3,980,11,980,991,991,985,996,996,990
3,980,13,980,993,993,985,998,998,990
3,980,17,980,997,997,985,1002,1002,990
3,980,19,980,999,999,985,1004,1004,990
3,981,2,981,983,983,986,988,988,991
3,981,3,981,984,984,986,989,989,991
3,981,5,981,986,986,986,991,991,991
3,981,7,981,988,988,986,993,993,991
3,981,11,981,992,992,986,997,997,991
3,981,13,981,994,994,986,999,999,991
3,981,17,981,998,998,986,1003,1003,991
3,981,19,981,1000,1000,986,1005,1005,991
3,982,2,982,984,984,987,989,989,992
3,982,3,982,985,985,987,990,990,992
3,982,5,982,987,987,987,992,992,992
3,982,7,982,989,989,987,994,994,992
3,982,11,982,993,993,987,998,998,992
3,982,13,982,995,995,987,1000,1000,992
3,982,17,982,999,999,987,1004,1004,992
3,982,19,982,1001,1001,987,1006,1006,992
3,983,2,983,985,985,988,990,990,993
3,983,3,983,986,986,988,991,991,993
3,983,5,983,988,988,988,993,993,993
3,983,7,983,990,990,988,995,995,993
3,983,11,983,994,994,988,999,999,993
3,983,13,983,996,996,988,1001,1001,993
3,983,17,983,1000,1000,988,1005,1005,993
3,983,19,983,1002,1002,988,1007,1007,993
3,984,2,984,986,986,989,991,991,994
3,984,3,984,987,987,989,992,992,994
3,984,5,984,989,989,989,994,994,994
3,984,7,984,991,991,989,996,996,994
3,984,11,984,995,995,989,1000,1000,994
3,984,13,984,997,997,989,1002,1002,994
3,984,17,984,1001,1001,989,1006,1006,994
3,984,19,984,1003,1003,989,1008,1008,994
3,985,2,985,987,987,990,992,992,995
3,985,3,985,988,988,990,993,993,995
3,985,5,985,990,990,990,995,995,995
3,985,7,985,992,992,990,997,997,995
3,985,11,985,996,996,990,1001,1001,995
3,985,13,985,998,998,990,1003,1003,995
3,985,17,985,1002,1002,990,1007,1007,995
3,985,19,985,1004,1004,990,1009,1009,995
3,986,2,986,988,988,991,993,993,996
3,986,3,986,989,989,991,994,994,996
3,986,5,986,991,991,991,996,996,996
3,986,7,986,993,993,991,998,998,996
3,986,11,986,997,997,991,1002,1002,996
3,986,13,986,999,999,991,1004,1004,996
3,986,17,986,1003,1003,991,1008,1008,996
3,986,19,986,1005,1005,991,1010,1010,996
3,987,2,987,989,989,992,994,994,997
3,987,3,987,990,990,992,995,995,997
3,987,5,987,992,992,992,997,997,997
3,987,7,987,994,994,992,999,999,997
3,987,11,987,998,998,992,1003,1003,997
3,987,13,987,1000,1000,992,1005,1005,997
3,987,17,987,1004,1004,992,1009,1009,997
3,987,19,987,1006,1006,992,1011,1011,997
3,988,2,988,990,990,993,995,995,998
3,988,3,988,991,991,993,996,996,998
3,988,5,988,993,993,993,998,998,998
3,988,7,988,995,995,993,1000,1000,998
3,988,11,988,999,999,993,1004,1004,998
3,988,13,988,1001,1001,993,1006,1006,998
3,988,17,988,1005,1005,993,1010,1010,998
3,988,19,988,1007,1007,993,1012,1012,998
3,989,2,989,991,991,994,996,996,999
3,989,3,989,992,992,994,997,997,999
3,989,5,989,994,994,994,999,999,999
3,989,7,989,996,996,994,1001,1001,999
3,989,11,989,1000,1000,994,1005,1005,999
3,989,13,989,1002,1002,994,1007,1007,999
3,989,17,989,1006,1006,994,1011,1011,999
3,989,19,989,1008,1008,994,1013,1013,999
3,990,2,990,992,992,995,997,997,1000
3,990,3,990,993,993,995,998,998,1000
3,990,5,990,995,995,995,1000,1000,1000
3,990,7,990,997,997,995,1002,1002,1000
3,990,11,990,1001,1001,995,1006,1006,1000
3,990,13,990,1003,1003,995,1008,1008,1000
3,990,17,990,1007,1007,995,1012,1012,1000
3,990,19,990,1009,1009,995,1014,1014,1000
3,991,2,991,993,993,996,998,998,1001
3,991,3,991,994,994,996,999,999,1001
3,991,5,991,996,996,996,1001,1001,1001
3,991,7,991,998,998,996,1003,1003,1001
3,991,11,991,1002,1002,996,1007,1007,1001
3,991,13,991,1004,1004,996,1009,1009,1001
3,991,17,991,1008,1008,996,1013,1013,1001
3,991,19,991,1010,1010,996,1015,1015,1001
3,992,2,992,994,994,997,999,999,1002
3,992,3,992,995,995,997,1000,1000,1002
3,992,5,992,997,997,997,1002,1002,1002
3,992,7,992,999,999,997,1004,1004,1002
3,992,11,992,1003,1003,997,1008,1008,1002
3,992,13,992,1005,1005,997,1010,1010,1002
3,992,17,992,1009,1009,997,1014,1014,1002
3,992,19,992,1011,1011,997,1016,1016,1002
3,993,2,993,995,995,998,1000,1000,1003
3,993,3,993,996,996,998,1001,1001,1003
3,993,5,993,998,998,998,1003,1003,1003
3,993,7,993,1000,1000,998,1005,1005,1003
3,993,11,993,1004,1004,998,1009,1009,1003
3,993,13,993,1006,1006,998,1011,1011,1003
3,993,17,993,1010,1010,998,1015,1015,1003
3,993,19,993,1012,1012,998,1017,1017,1003
3,994,2,994,996,996,999,1001,1001,1004
3,994,3,994,997,997,999,1002,1002,1004
3,994,5,994,999,999,999,1004,1004,1004
3,994,7,994,1001,1001,999,1006,1006,1004
3,994,11,994,1005,1005,999,1010,1010,1004
3,994,13,994,1007,1007,999,1012,1012,1004
3,994,17,994,1011,1011,999,1016,1016,1004
3,994,19,994,1013,1013,999,1018,1018,1004
3,995,2,995,997,997,1000,1002,1002,1005
3,995,3,995,998,998,1000,1003,1003,1005
3,995,5,995,1000,1000,1000,1005,1005,1005
3,995,7,995,1002,1002,1000,1007,1007,1005
3,995,11,995,1006,1006,1000,1011,1011,1005
3,995,13,995,1008,1008,1000,1013,1013,1005
3,995,17,995,1012,1012,1000,1017,1017,1005
3,995,19,995,1014,1014,1000,1019,1019,1005
3,996,2,996,998,998,1001,1003,1003,1006
3,996,3,996,999,999,1001,1004,1004,1006
3,996,5,996,1001,1001,1001,1006,1006,1006
3,996,7,996,1003,1003,1001,1008,1008,1006
3,996,11,996,1007,1007,1001,1012,1012,1006
3,996,13,996,1009,1009,1001,1014,1014,1006
3,996,17,996,1013,1013,1001,1018,1018,1006
3,996,19,996,1015,1015,1001,1020,1020,1006
3,997,2,997,999,999,1002,1004,1004,1007
3,997,3,997,1000,1000,1002,1005,1005,1007
3,997,5,997,1002,1002,1002,1007,1007,1007
3,997,7,997,1004,1004,1002,1009,1009,1007
3,997,11,997,1008,1008,1002,1013,1013,1007
3,997,13,997,1010,1010,1002,1015,1015,1007
3,997,17,997,1014,1014,1002,1019,1019,1007
3,997,19,997,1016,1016,1002,1021,1021,1007
3,998,2,998,1000,1000,1003,1005,1005,1008
3,998,3,998,1001,1001,1003,1006,1006,1008
3,998,5,998,1003,1003,1003,1008,1008,1008
3,998,7,998,1005,1005,1003,1010,1010,1008
3,998,11,998,1009,1009,1003,1014,1014,1008
3,998,13,998,1011,1011,1003,1016,1016,1008
3,998,17,998,1015,1015,1003,1020,1020,1008
3,998,19,998,1017,1017,1003,1022,1022,1008
