1,101,2,101,101,99,99,97,97,95
1,101,3,101,101,98,98,95,95,92
1,101,5,101,101,96,96,91,91,86
1,101,7,101,101,94,94,87,87,80
1,101,11,101,101,90,90,79,79,68
1,101,13,101,101,88,88,75,75,62
1,101,17,101,101,84,84,67,67,50
1,101,19,101,101,82,82,63,63,44
1,102,2,102,102,100,100,98,98,96
1,102,3,102,102,99,99,96,96,93
1,102,5,102,102,97,97,92,92,87
1,102,7,102,102,95,95,88,88,81
1,102,11,102,102,91,91,80,80,69
1,102,13,102,102,89,89,76,76,63
1,102,17,102,102,85,85,68,68,51
1,102,19,102,102,83,83,64,64,45
1,103,2,103,103,101,101,99,99,97
1,103,3,103,103,100,100,97,97,94
1,103,5,103,103,98,98,93,93,88
1,103,7,103,103,96,96,89,89,82
1,103,11,103,103,92,92,81,81,70
1,103,13,103,103,90,90,77,77,64
1,103,17,103,103,86,86,69,69,52
1,103,19,103,103,84,84,65,65,46
1,104,2,104,104,102,102,100,100,98
1,104,3,104,104,101,101,98,98,95
1,104,5,104,104,99,99,94,94,89
1,104,7,104,104,97,97,90,90,83
1,104,11,104,104,93,93,82,82,71
1,104,13,104,104,91,91,78,78,65
1,104,17,104,104,87,87,70,70,53
1,104,19,104,104,85,85,66,66,47
1,105,2,105,105,103,103,101,101,99
1,105,3,105,105,102,102,99,99,96
1,105,5,105,105,100,100,95,95,90
1,105,7,105,105,98,98,91,91,84
1,105,11,105,105,94,94,83,83,72
1,105,13,105,105,92,92,79,79,66
1,105,17,105,105,88,88,71,71,54
1,105,19,105,105,86,86,67,67,48
1,106,2,106,106,104,104,102,102,100
1,106,3,106,106,103,103,100,100,97
1,106,5,106,106,101,101,96,96,91
1,106,7,106,106,99,99,92,92,85
1,106,11,106,106,95,95,84,84,73
1,106,13,106,106,93,93,80,80,67
1,106,17,106,106,89,89,72,72,55
1,106,19,106,106,87,87,68,68,49
1,107,2,107,107,105,105,103,103,101
1,107,3,107,107,104,104,101,101,98
1,107,5,107,107,102,102,97,97,92
1,107,7,107,107,100,100,93,93,86
1,107,11,107,107,96,96,85,85,74
1,107,13,107,107,94,94,81,81,68
1,107,17,107,107,90,90,73,73,56
1,107,19,107,107,88,88,69,69,50
1,108,2,108,108,106,106,104,104,102
1,108,3,108,108,105,105,102,102,99
1,108,5,108,108,103,103,98,98,93
1,108,7,108,108,101,101,94,94,87
1,108,11,108,108,97,97,86,86,75
1,108,13,108,108,95,95,82,82,69
1,108,17,108,108,91,91,74,74,57
1,108,19,108,108,89,89,70,70,51
1,109,2,109,109,107,107,105,105,103
1,109,3,109,109,106,106,103,103,100
1,109,5,109,109,104,104,99,99,94
1,109,7,109,109,102,102,95,95,88
1,109,11,109,109,98,98,87,87,76
1,109,13,109,109,96,96,83,83,70
1,109,17,109,109,92,92,75,75,58
1,109,19,109,109,90,90,71,71,52
1,110,2,110,110,108,108,106,106,104
1,110,3,110,110,107,107,104,104,101
1,110,5,110,110,105,105,100,100,95
1,110,7,110,110,103,103,96,96,89
1,110,11,110,110,99,99,88,88,77
1,110,13,110,110,97,97,84,84,71
1,110,17,110,110,93,93,76,76,59
1,110,19,110,110,91,91,72,72,53
1,111,2,111,111,109,109,107,107,105
1,111,3,111,111,108,108,105,105,102
1,111,5,111,111,106,106,101,101,96
1,111,7,111,111,104,104,97,97,90
1,111,11,111,111,100,100,89,89,78
1,111,13,111,111,98,98,85,85,72
1,111,17,111,111,94,94,77,77,60
1,111,19,111,111,92,92,73,73,54
1,112,2,112,112,110,110,108,108,106
1,112,3,112,112,109,109,106,106,103
1,112,5,112,112,107,107,102,102,97
1,112,7,112,112,105,105,98,98,91
1,112,11,112,112,101,101,90,90,79
1,112,13,112,112,99,99,86,86,73
1,112,17,112,112,95,95,78,78,61
1,112,19,112,112,93,93,74,74,55
1,113,2,113,113,111,111,109,109,107
1,113,3,113,113,110,110,107,107,104
1,113,5,113,113,108,108,103,103,98
1,113,7,113,113,106,106,99,99,92
1,113,11,113,113,102,102,91,91,80
1,113,13,113,113,100,100,87,87,74
1,113,17,113,113,96,96,79,79,62
1,113,19,113,113,94,94,75,75,56
1,114,2,114,114,112,112,110,110,108
1,114,3,114,114,111,111,108,108,105
1,114,5,114,114,109,109,104,104,99
1,114,7,114,114,107,107,100,100,93
1,114,11,114,114,103,103,92,92,81
1,114,13,114,114,101,101,88,88,75
1,114,17,114,114,97,97,80,80,63
1,114,19,114,114,95,95,76,76,57
1,115,2,115,115,113,113,111,111,109
1,115,3,115,115,112,112,109,109,106
1,115,5,115,115,110,110,105,105,100
1,115,7,115,115,108,108,101,101,94
1,115,11,115,115,104,104,93,93,82
1,115,13,115,115,102,102,89,89,76
1,115,17,115,115,98,98,81,81,64
1,115,19,115,115,96,96,77,77,58
1,116,2,116,116,114,114,112,112,110
1,116,3,116,116,113,113,110,110,107
1,116,5,116,116,111,111,106,106,101
1,116,7,116,116,109,109,102,102,95
1,116,11,116,116,105,105,94,94,83
1,116,13,116,116,103,103,90,90,77
1,116,17,116,116,99,99,82,82,65
1,116,19,116,116,97,97,78,78,59
1,117,2,117,117,115,115,113,113,111
1,117,3,117,117,114,114,111,111,108
1,117,5,117,117,112,112,107,107,102
1,117,7,117,117,110,110,103,103,96
1,117,11,117,117,106,106,95,95,84
1,117,13,117,117,104,104,91,91,78
1,117,17,117,117,100,100,83,83,66
1,117,19,117,117,98,98,79,79,60
1,118,2,118,118,116,116,114,114,112
1,118,3,118,118,115,115,112,112,109
1,118,5,118,118,113,113,108,108,103
1,118,7,118,118,111,111,104,104,97
1,118,11,118,118,107,107,96,96,85
1,118,13,118,118,105,105,92,92,79
1,118,17,118,118,101,101,84,84,67
1,118,19,118,118,99,99,80,80,61
1,119,2,119,119,117,117,115,115,113
1,119,3,119,119,116,116,113,113,110
1,119,5,119,119,114,114,109,109,104
1,119,7,119,119,112,112,105,105,98
1,119,11,119,119,108,108,97,97,86
1,119,13,119,119,106,106,93,93,80
1,119,17,119,119,102,102,85,85,68
1,119,19,119,119,100,100,81,81,62
1,120,2,120,120,118,118,116,116,114
1,120,3,120,120,117,117,114,114,111
1,120,5,120,120,115,115,110,110,105
1,120,7,120,120,113,113,106,106,99
1,120,11,120,120,109,109,98,98,87
1,120,13,120,120,107,107,94,94,81
1,120,17,120,120,103,103,86,86,69
1,120,19,120,120,101,101,82,82,63
1,121,2,121,121,119,119,117,117,115
1,121,3,121,121,118,118,115,115,112
1,121,5,121,121,116,116,111,111,106
1,121,7,121,121,114,114,107,107,100
1,121,11,121,121,110,110,99,99,88
1,121,13,121,121,108,108,95,95,82
1,121,17,121,121,104,104,87,87,70
1,121,19,121,121,102,102,83,83,64
1,122,2,122,122,120,120,118,118,116
1,122,3,122,122,119,119,116,116,113
1,122,5,122,122,117,117,112,112,107
1,122,7,122,122,115,115,108,108,101
1,122,11,122,122,111,111,100,100,89
1,122,13,122,122,109,109,96,96,83
1,122,17,122,122,105,105,88,88,71
1,122,19,122,122,103,103,84,84,65
1,123,2,123,123,121,121,119,119,117
1,123,3,123,123,120,120,117,117,114
1,123,5,123,123,118,118,113,113,108
1,123,7,123,123,116,116,109,109,102
1,123,11,123,123,112,112,101,101,90
1,123,13,123,123,110,110,97,97,84
1,123,17,123,123,106,106,89,89,72
1,123,19,123,123,104,104,85,85,66
1,124,2,124,124,122,122,120,120,118
1,124,3,124,124,121,121,118,118,115
1,124,5,124,124,119,119,114,114,109
1,124,7,124,124,117,117,110,110,103
1,124,11,124,124,113,113,102,102,91
1,124,13,124,124,111,111,98,98,85
1,124,17,124,124,107,107,90,90,73
1,124,19,124,124,105,105,86,86,67
1,125,2,125,125,123,123,121,121,119
1,125,3,125,125,122,122,119,119,116
1,125,5,125,125,120,120,115,115,110
1,125,7,125,125,118,118,111,111,104
1,125,11,125,125,114,114,103,103,92
1,125,13,125,125,112,112,99,99,86
1,125,17,125,125,108,108,91,91,74
1,125,19,125,125,106,106,87,87,68
1,126,2,126,126,124,124,122,122,120
1,126,3,126,126,123,123,120,120,117
1,126,5,126,126,121,121,116,116,111
1,126,7,126,126,119,119,112,112,105
1,126,11,126,126,115,115,104,104,93
1,126,13,126,126,113,113,100,100,87
1,126,17,126,126,109,109,92,92,75
1,126,19,126,126,107,107,88,88,69
1,127,2,127,127,125,125,123,123,121
1,127,3,127,127,124,124,121,121,118
1,127,5,127,127,122,122,117,117,112
1,127,7,127,127,120,120,113,113,106
1,127,11,127,127,116,116,105,105,94
1,127,13,127,127,114,114,101,101,88
1,127,17,127,127,110,110,93,93,76
1,127,19,127,127,108,108,89,89,70
1,128,2,128,128,126,126,124,124,122
1,128,3,128,128,125,125,122,122,119
1,128,5,128,128,123,123,118,118,113
1,128,7,128,128,121,121,114,114,107
1,128,11,128,128,117,117,106,106,95
1,128,13,128,128,115,115,102,102,89
1,128,17,128,128,111,111,94,94,77
1,128,19,128,128,109,109,90,90,71
1,129,2,129,129,127,127,125,125,123
1,129,3,129,129,126,126,123,123,120
1,129,5,129,129,124,124,119,119,114
1,129,7,129,129,122,122,115,115,108
1,129,11,129,129,118,118,107,107,96
1,129,13,129,129,116,116,103,103,90
1,129,17,129,129,112,112,95,95,78
1,129,19,129,129,110,110,91,91,72
1,130,2,130,130,128,128,126,126,124
1,130,3,130,130,127,127,124,124,121
1,130,5,130,130,125,125,120,120,115
1,130,7,130,130,123,123,116,116,109
1,130,11,130,130,119,119,108,108,97
1,130,13,130,130,117,117,104,104,91
1,130,17,130,130,113,113,96,96,79
1,130,19,130,130,111,111,92,92,73
1,131,2,131,131,129,129,127,127,125
1,131,3,131,131,128,128,125,125,122
1,131,5,131,131,126,126,121,121,116
1,131,7,131,131,124,124,117,117,110
1,131,11,131,131,120,120,109,109,98
1,131,13,131,131,118,118,105,105,92
1,131,17,131,131,114,114,97,97,80
1,131,19,131,131,112,112,93,93,74
1,132,2,132,132,130,130,128,128,126
1,132,3,132,132,129,129,126,126,123
1,132,5,132,132,127,127,122,122,117
1,132,7,132,132,125,125,118,118,111
1,132,11,132,132,121,121,110,110,99
1,132,13,132,132,119,119,106,106,93
1,132,17,132,132,115,115,98,98,81
1,132,19,132,132,113,113,94,94,75
1,133,2,133,133,131,131,129,129,127
1,133,3,133,133,130,130,127,127,124
1,133,5,133,133,128,128,123,123,118
1,133,7,133,133,126,126,119,119,112
1,133,11,133,133,122,122,111,111,100
1,133,13,133,133,120,120,107,107,94
1,133,17,133,133,116,116,99,99,82
1,133,19,133,133,114,114,95,95,76
1,134,2,134,134,132,132,130,130,128
1,134,3,134,134,131,131,128,128,125
1,134,5,134,134,129,129,124,124,119
1,134,7,134,134,127,127,120,120,113
1,134,11,134,134,123,123,112,112,101
1,134,13,134,134,121,121,108,108,95
1,134,17,134,134,117,117,100,100,83
1,134,19,134,134,115,115,96,96,77
1,135,2,135,135,133,133,131,131,129
1,135,3,135,135,132,132,129,129,126
1,135,5,135,135,130,130,125,125,120
1,135,7,135,135,128,128,121,121,114
1,135,11,135,135,124,124,113,113,102
1,135,13,135,135,122,122,109,109,96
1,135,17,135,135,118,118,101,101,84
1,135,19,135,135,116,116,97,97,78
1,136,2,136,136,134,134,132,132,130
1,136,3,136,136,133,133,130,130,127
1,136,5,136,136,131,131,126,126,121
1,136,7,136,136,129,129,122,122,115
1,136,11,136,136,125,125,114,114,103
1,136,13,136,136,123,123,110,110,97
1,136,17,136,136,119,119,102,102,85
1,136,19,136,136,117,117,98,98,79
1,137,2,137,137,135,135,133,133,131
1,137,3,137,137,134,134,131,131,128
1,137,5,137,137,132,132,127,127,122
1,137,7,137,137,130,130,123,123,116
1,137,11,137,137,126,126,115,115,104
1,137,13,137,137,124,124,111,111,98
1,137,17,137,137,120,120,103,103,86
1,137,19,137,137,118,118,99,99,80
1,138,2,138,138,136,136,134,134,132
1,138,3,138,138,135,135,132,132,129
1,138,5,138,138,133,133,128,128,123
1,138,7,138,138,131,131,124,124,117
1,138,11,138,138,127,127,116,116,105
1,138,13,138,138,125,125,112,112,99
1,138,17,138,138,121,121,104,104,87
1,138,19,138,138,119,119,100,100,81
1,139,2,139,139,137,137,135,135,133
1,139,3,139,139,136,136,133,133,130
1,139,5,139,139,134,134,129,129,124
1,139,7,139,139,132,132,125,125,118
1,139,11,139,139,128,128,117,117,106
1,139,13,139,139,126,126,113,113,100
1,139,17,139,139,122,122,105,105,88
1,139,19,139,139,120,120,101,101,82
1,140,2,140,140,138,138,136,136,134
1,140,3,140,140,137,137,134,134,131
1,140,5,140,140,135,135,130,130,125
1,140,7,140,140,133,133,126,126,119
1,140,11,140,140,129,129,118,118,107
1,140,13,140,140,127,127,114,114,101
1,140,17,140,140,123,123,106,106,89
1,140,19,140,140,121,121,102,102,83
1,141,2,141,141,139,139,137,137,135
1,141,3,141,141,138,138,135,135,132
1,141,5,141,141,136,136,131,131,126
1,141,7,141,141,134,134,127,127,120
1,141,11,141,141,130,130,119,119,108
1,141,13,141,141,128,128,115,115,102
1,141,17,141,141,124,124,107,107,90
1,141,19,141,141,122,122,103,103,84
1,142,2,142,142,140,140,138,138,136
1,142,3,142,142,139,139,136,136,133
1,142,5,142,142,137,137,132,132,127
1,142,7,142,142,135,135,128,128,121
1,142,11,142,142,131,131,120,120,109
1,142,13,142,142,129,129,116,116,103
1,142,17,142,142,125,125,108,108,91
1,142,19,142,142,123,123,104,104,85
1,143,2,143,143,141,141,139,139,137
1,143,3,143,143,140,140,137,137,134
1,143,5,143,143,138,138,133,133,128
1,143,7,143,143,136,136,129,129,122
1,143,11,143,143,132,132,121,121,110
1,143,13,143,143,130,130,117,117,104
1,143,17,143,143,126,126,109,109,92
1,143,19,143,143,124,124,105,105,86
1,144,2,144,144,142,142,140,140,138
1,144,3,144,144,141,141,138,138,135
1,144,5,144,144,139,139,134,134,129
1,144,7,144,144,137,137,130,130,123
1,144,11,144,144,133,133,122,122,111
1,144,13,144,144,131,131,118,118,105
1,144,17,144,144,127,127,110,110,93
1,144,19,144,144,125,125,106,106,87
1,145,2,145,145,143,143,141,141,139
1,145,3,145,145,142,142,139,139,136
1,145,5,145,145,140,140,135,135,130
1,145,7,145,145,138,138,131,131,124
1,145,11,145,145,134,134,123,123,112
1,145,13,145,145,132,132,119,119,106
1,145,17,145,145,128,128,111,111,94
1,145,19,145,145,126,126,107,107,88
1,146,2,146,146,144,144,142,142,140
1,146,3,146,146,143,143,140,140,137
1,146,5,146,146,141,141,136,136,131
1,146,7,146,146,139,139,132,132,125
1,146,11,146,146,135,135,124,124,113
1,146,13,146,146,133,133,120,120,107
1,146,17,146,146,129,129,112,112,95
1,146,19,146,146,127,127,108,108,89
1,147,2,147,147,145,145,143,143,141
1,147,3,147,147,144,144,141,141,138
1,147,5,147,147,142,142,137,137,132
1,147,7,147,147,140,140,133,133,126
1,147,11,147,147,136,136,125,125,114
1,147,13,147,147,134,134,121,121,108
1,147,17,147,147,130,130,113,113,96
1,147,19,147,147,128,128,109,109,90
1,148,2,148,148,146,146,144,144,142
1,148,3,148,148,145,145,142,142,139
1,148,5,148,148,143,143,138,138,133
1,148,7,148,148,141,141,134,134,127
1,148,11,148,148,137,137,126,126,115
1,148,13,148,148,135,135,122,122,109
1,148,17,148,148,131,131,114,114,97
1,148,19,148,148,129,129,110,110,91
1,149,2,149,149,147,147,145,145,143
1,149,3,149,149,146,146,143,143,140
1,149,5,149,149,144,144,139,139,134
1,149,7,149,149,142,142,135,135,128
1,149,11,149,149,138,138,127,127,116
1,149,13,149,149,136,136,123,123,110
1,149,17,149,149,132,132,115,115,98
1,149,19,149,149,130,130,111,111,92
1,150,2,150,150,148,148,146,146,144
1,150,3,150,150,147,147,144,144,141
1,150,5,150,150,145,145,140,140,135
1,150,7,150,150,143,143,136,136,129
1,150,11,150,150,139,139,128,128,117
1,150,13,150,150,137,137,124,124,111
1,150,17,150,150,133,133,116,116,99
1,150,19,150,150,131,131,112,112,93
1,151,2,151,151,149,149,147,147,145
1,151,3,151,151,148,148,145,145,142
1,151,5,151,151,146,146,141,141,136
1,151,7,151,151,144,144,137,137,130
1,151,11,151,151,140,140,129,129,118
1,151,13,151,151,138,138,125,125,112
1,151,17,151,151,134,134,117,117,100
1,151,19,151,151,132,132,113,113,94
1,152,2,152,152,150,150,148,148,146
1,152,3,152,152,149,149,146,146,143
1,152,5,152,152,147,147,142,142,137
1,152,7,152,152,145,145,138,138,131
1,152,11,152,152,141,141,130,130,119
1,152,13,152,152,139,139,126,126,113
1,152,17,152,152,135,135,118,118,101
1,152,19,152,152,133,133,114,114,95
1,153,2,153,153,151,151,149,149,147
1,153,3,153,153,150,150,147,147,144
1,153,5,153,153,148,148,143,143,138
1,153,7,153,153,146,146,139,139,132
1,153,11,153,153,142,142,131,131,120
1,153,13,153,153,140,140,127,127,114
1,153,17,153,153,136,136,119,119,102
1,153,19,153,153,134,134,115,115,96
1,154,2,154,154,152,152,150,150,148
1,154,3,154,154,151,151,148,148,145
1,154,5,154,154,149,149,144,144,139
1,154,7,154,154,147,147,140,140,133
1,154,11,154,154,143,143,132,132,121
1,154,13,154,154,141,141,128,128,115
1,154,17,154,154,137,137,120,120,103
1,154,19,154,154,135,135,116,116,97
1,155,2,155,155,153,153,151,151,149
1,155,3,155,155,152,152,149,149,146
1,155,5,155,155,150,150,145,145,140
1,155,7,155,155,148,148,141,141,134
1,155,11,155,155,144,144,133,133,122
1,155,13,155,155,142,142,129,129,116
1,155,17,155,155,138,138,121,121,104
1,155,19,155,155,136,136,117,117,98
1,156,2,156,156,154,154,152,152,150
1,156,3,156,156,153,153,150,150,147
1,156,5,156,156,151,151,146,146,141
1,156,7,156,156,149,149,142,142,135
1,156,11,156,156,145,145,134,134,123
1,156,13,156,156,143,143,130,130,117
1,156,17,156,156,139,139,122,122,105
1,156,19,156,156,137,137,118,118,99
1,157,2,157,157,155,155,153,153,151
1,157,3,157,157,154,154,151,151,148
1,157,5,157,157,152,152,147,147,142
1,157,7,157,157,150,150,143,143,136
1,157,11,157,157,146,146,135,135,124
1,157,13,157,157,144,144,131,131,118
1,157,17,157,157,140,140,123,123,106
1,157,19,157,157,138,138,119,119,100
1,158,2,158,158,156,156,154,154,152
1,158,3,158,158,155,155,152,152,149
1,158,5,158,158,153,153,148,148,143
1,158,7,158,158,151,151,144,144,137
1,158,11,158,158,147,147,136,136,125
1,158,13,158,158,145,145,132,132,119
1,158,17,158,158,141,141,124,124,107
1,158,19,158,158,139,139,120,120,101
1,159,2,159,159,157,157,155,155,153
1,159,3,159,159,156,156,153,153,150
1,159,5,159,159,154,154,149,149,144
1,159,7,159,159,152,152,145,145,138
1,159,11,159,159,148,148,137,137,126
1,159,13,159,159,146,146,133,133,120
1,159,17,159,159,142,142,125,125,108
1,159,19,159,159,140,140,121,121,102
1,160,2,160,160,158,158,156,156,154
1,160,3,160,160,157,157,154,154,151
1,160,5,160,160,155,155,150,150,145
1,160,7,160,160,153,153,146,146,139
1,160,11,160,160,149,149,138,138,127
1,160,13,160,160,147,147,134,134,121
1,160,17,160,160,143,143,126,126,109
1,160,19,160,160,141,141,122,122,103
1,161,2,161,161,159,159,157,157,155
1,161,3,161,161,158,158,155,155,152
1,161,5,161,161,156,156,151,151,146
1,161,7,161,161,154,154,147,147,140
1,161,11,161,161,150,150,139,139,128
1,161,13,161,161,148,148,135,135,122
1,161,17,161,161,144,144,127,127,110
1,161,19,161,161,142,142,123,123,104
1,162,2,162,162,160,160,158,158,156
1,162,3,162,162,159,159,156,156,153
1,162,5,162,162,157,157,152,152,147
1,162,7,162,162,155,155,148,148,141
1,162,11,162,162,151,151,140,140,129
1,162,13,162,162,149,149,136,136,123
1,162,17,162,162,145,145,128,128,111
1,162,19,162,162,143,143,124,124,105
1,163,2,163,163,161,161,159,159,157
1,163,3,163,163,160,160,157,157,154
1,163,5,163,163,158,158,153,153,148
1,163,7,163,163,156,156,149,149,142
1,163,11,163,163,152,152,141,141,130
1,163,13,163,163,150,150,137,137,124
1,163,17,163,163,146,146,129,129,112
1,163,19,163,163,144,144,125,125,106
1,164,2,164,164,162,162,160,160,158
1,164,3,164,164,161,161,158,158,155
1,164,5,164,164,159,159,154,154,149
1,164,7,164,164,157,157,150,150,143
1,164,11,164,164,153,153,142,142,131
1,164,13,164,164,151,151,138,138,125
1,164,17,164,164,147,147,130,130,113
1,164,19,164,164,145,145,126,126,107
1,165,2,165,165,163,163,161,161,159
1,165,3,165,165,162,162,159,159,156
1,165,5,165,165,160,160,155,155,150
1,165,7,165,165,158,158,151,151,144
1,165,11,165,165,154,154,143,143,132
1,165,13,165,165,152,152,139,139,126
1,165,17,165,165,148,148,131,131,114
1,165,19,165,165,146,146,127,127,108
1,166,2,166,166,164,164,162,162,160
1,166,3,166,166,163,163,160,160,157
1,166,5,166,166,161,161,156,156,151
1,166,7,166,166,159,159,152,152,145
1,166,11,166,166,155,155,144,144,133
1,166,13,166,166,153,153,140,140,127
1,166,17,166,166,149,149,132,132,115
1,166,19,166,166,147,147,128,128,109
1,167,2,167,167,165,165,163,163,161
1,167,3,167,167,164,164,161,161,158
1,167,5,167,167,162,162,157,157,152
1,167,7,167,167,160,160,153,153,146
1,167,11,167,167,156,156,145,145,134
1,167,13,167,167,154,154,141,141,128
1,167,17,167,167,150,150,133,133,116
1,167,19,167,167,148,148,129,129,110
1,168,2,168,168,166,166,164,164,162
1,168,3,168,168,165,165,162,162,159
1,168,5,168,168,163,163,158,158,153
1,168,7,168,168,161,161,154,154,147
1,168,11,168,168,157,157,146,146,135
1,168,13,168,168,155,155,142,142,129
1,168,17,168,168,151,151,134,134,117
1,168,19,168,168,149,149,130,130,111
1,169,2,169,169,167,167,165,165,163
1,169,3,169,169,166,166,163,163,160
1,169,5,169,169,164,164,159,159,154
1,169,7,169,169,162,162,155,155,148
1,169,11,169,169,158,158,147,147,136
1,169,13,169,169,156,156,143,143,130
1,169,17,169,169,152,152,135,135,118
1,169,19,169,169,150,150,131,131,112
1,170,2,170,170,168,168,166,166,164
1,170,3,170,170,167,167,164,164,161
1,170,5,170,170,165,165,160,160,155
1,170,7,170,170,163,163,156,156,149
1,170,11,170,170,159,159,148,148,137
1,170,13,170,170,157,157,144,144,131
1,170,17,170,170,153,153,136,136,119
1,170,19,170,170,151,151,132,132,113
1,171,2,171,171,169,169,167,167,165
1,171,3,171,171,168,168,165,165,162
1,171,5,171,171,166,166,161,161,156
1,171,7,171,171,164,164,157,157,150
1,171,11,171,171,160,160,149,149,138
1,171,13,171,171,158,158,145,145,132
1,171,17,171,171,154,154,137,137,120
1,171,19,171,171,152,152,133,133,114
1,172,2,172,172,170,170,168,168,166
1,172,3,172,172,169,169,166,166,163
1,172,5,172,172,167,167,162,162,157
1,172,7,172,172,165,165,158,158,151
1,172,11,172,172,161,161,150,150,139
1,172,13,172,172,159,159,146,146,133
1,172,17,172,172,155,155,138,138,121
1,172,19,172,172,153,153,134,134,115
1,173,2,173,173,171,171,169,169,167
1,173,3,173,173,170,170,167,167,164
1,173,5,173,173,168,168,163,163,158
1,173,7,173,173,166,166,159,159,152
1,173,11,173,173,162,162,151,151,140
1,173,13,173,173,160,160,147,147,134
1,173,17,173,173,156,156,139,139,122
1,173,19,173,173,154,154,135,135,116
1,174,2,174,174,172,172,170,170,168
1,174,3,174,174,171,171,168,168,165
1,174,5,174,174,169,169,164,164,159
1,174,7,174,174,167,167,160,160,153
1,174,11,174,174,163,163,152,152,141
1,174,13,174,174,161,161,148,148,135
1,174,17,174,174,157,157,140,140,123
1,174,19,174,174,155,155,136,136,117
1,175,2,175,175,173,173,171,171,169
1,175,3,175,175,172,172,169,169,166
1,175,5,175,175,170,170,165,165,160
1,175,7,175,175,168,168,161,161,154
1,175,11,175,175,164,164,153,153,142
1,175,13,175,175,162,162,149,149,136
1,175,17,175,175,158,158,141,141,124
1,175,19,175,175,156,156,137,137,118
1,176,2,176,176,174,174,172,172,170
1,176,3,176,176,173,173,170,170,167
1,176,5,176,176,171,171,166,166,161
1,176,7,176,176,169,169,162,162,155
1,176,11,176,176,165,165,154,154,143
1,176,13,176,176,163,163,150,150,137
1,176,17,176,176,159,159,142,142,125
1,176,19,176,176,157,157,138,138,119
1,177,2,177,177,175,175,173,173,171
1,177,3,177,177,174,174,171,171,168
1,177,5,177,177,172,172,167,167,162
1,177,7,177,177,170,170,163,163,156
1,177,11,177,177,166,166,155,155,144
1,177,13,177,177,164,164,151,151,138
1,177,17,177,177,160,160,143,143,126
1,177,19,177,177,158,158,139,139,120
1,178,2,178,178,176,176,174,174,172
1,178,3,178,178,175,175,172,172,169
1,178,5,178,178,173,173,168,168,163
1,178,7,178,178,171,171,164,164,157
1,178,11,178,178,167,167,156,156,145
1,178,13,178,178,165,165,152,152,139
1,178,17,178,178,161,161,144,144,127
1,178,19,178,178,159,159,140,140,121
1,179,2,179,179,177,177,175,175,173
1,179,3,179,179,176,176,173,173,170
1,179,5,179,179,174,174,169,169,164
1,179,7,179,179,172,172,165,165,158
1,179,11,179,179,168,168,157,157,146
1,179,13,179,179,166,166,153,153,140
1,179,17,179,179,162,162,145,145,128
1,179,19,179,179,160,160,141,141,122
1,180,2,180,180,178,178,176,176,174
1,180,3,180,180,177,177,174,174,171
1,180,5,180,180,175,175,170,170,165
1,180,7,180,180,173,173,166,166,159
1,180,11,180,180,169,169,158,158,147
1,180,13,180,180,167,167,154,154,141
1,180,17,180,180,163,163,146,146,129
1,180,19,180,180,161,161,142,142,123
1,181,2,181,181,179,179,177,177,175
1,181,3,181,181,178,178,175,175,172
1,181,5,181,181,176,176,171,171,166
1,181,7,181,181,174,174,167,167,160
1,181,11,181,181,170,170,159,159,148
1,181,13,181,181,168,168,155,155,142
1,181,17,181,181,164,164,147,147,130
1,181,19,181,181,162,162,143,143,124
1,182,2,182,182,180,180,178,178,176
1,182,3,182,182,179,179,176,176,173
1,182,5,182,182,177,177,172,172,167
1,182,7,182,182,175,175,168,168,161
1,182,11,182,182,171,171,160,160,149
1,182,13,182,182,169,169,156,156,143
1,182,17,182,182,165,165,148,148,131
1,182,19,182,182,163,163,144,144,125
1,183,2,183,183,181,181,179,179,177
1,183,3,183,183,180,180,177,177,174
1,183,5,183,183,178,178,173,173,168
1,183,7,183,183,176,176,169,169,162
1,183,11,183,183,172,172,161,161,150
1,183,13,183,183,170,170,157,157,144
1,183,17,183,183,166,166,149,149,132
1,183,19,183,183,164,164,145,145,126
1,184,2,184,184,182,182,180,180,178
1,184,3,184,184,181,181,178,178,175
1,184,5,184,184,179,179,174,174,169
1,184,7,184,184,177,177,170,170,163
1,184,11,184,184,173,173,162,162,151
1,184,13,184,184,171,171,158,158,145
1,184,17,184,184,167,167,150,150,133
1,184,19,184,184,165,165,146,146,127
1,185,2,185,185,183,183,181,181,179
1,185,3,185,185,182,182,179,179,176
1,185,5,185,185,180,180,175,175,170
1,185,7,185,185,178,178,171,171,164
1,185,11,185,185,174,174,163,163,152
1,185,13,185,185,172,172,159,159,146
1,185,17,185,185,168,168,151,151,134
1,185,19,185,185,166,166,147,147,128
1,186,2,186,186,184,184,182,182,180
1,186,3,186,186,183,183,180,180,177
1,186,5,186,186,181,181,176,176,171
1,186,7,186,186,179,179,172,172,165
1,186,11,186,186,175,175,164,164,153
1,186,13,186,186,173,173,160,160,147
1,186,17,186,186,169,169,152,152,135
1,186,19,186,186,167,167,148,148,129
1,187,2,187,187,185,185,183,183,181
1,187,3,187,187,184,184,181,181,178
1,187,5,187,187,182,182,177,177,172
1,187,7,187,187,180,180,173,173,166
1,187,11,187,187,176,176,165,165,154
1,187,13,187,187,174,174,161,161,148
1,187,17,187,187,170,170,153,153,136
1,187,19,187,187,168,168,149,149,130
1,188,2,188,188,186,186,184,184,182
1,188,3,188,188,185,185,182,182,179
1,188,5,188,188,183,183,178,178,173
1,188,7,188,188,181,181,174,174,167
1,188,11,188,188,177,177,166,166,155
1,188,13,188,188,175,175,162,162,149
1,188,17,188,188,171,171,154,154,137
1,188,19,188,188,169,169,150,150,131
1,189,2,189,189,187,187,185,185,183
1,189,3,189,189,186,186,183,183,180
1,189,5,189,189,184,184,179,179,174
1,189,7,189,189,182,182,175,175,168
1,189,11,189,189,178,178,167,167,156
1,189,13,189,189,176,176,163,163,150
1,189,17,189,189,172,172,155,155,138
1,189,19,189,189,170,170,151,151,132
1,190,2,190,190,188,188,186,186,184
1,190,3,190,190,187,187,184,184,181
1,190,5,190,190,185,185,180,180,175
1,190,7,190,190,183,183,176,176,169
1,190,11,190,190,179,179,168,168,157
1,190,13,190,190,177,177,164,164,151
1,190,17,190,190,173,173,156,156,139
1,190,19,190,190,171,171,152,152,133
1,191,2,191,191,189,189,187,187,185
1,191,3,191,191,188,188,185,185,182
1,191,5,191,191,186,186,181,181,176
1,191,7,191,191,184,184,177,177,170
1,191,11,191,191,180,180,169,169,158
1,191,13,191,191,178,178,165,165,152
1,191,17,191,191,174,174,157,157,140
1,191,19,191,191,172,172,153,153,134
1,192,2,192,192,190,190,188,188,186
1,192,3,192,192,189,189,186,186,183
1,192,5,192,192,187,187,182,182,177
1,192,7,192,192,185,185,178,178,171
1,192,11,192,192,181,181,170,170,159
1,192,13,192,192,179,179,166,166,153
1,192,17,192,192,175,175,158,158,141
1,192,19,192,192,173,173,154,154,135
1,193,2,193,193,191,191,189,189,187
1,193,3,193,193,190,190,187,187,184
1,193,5,193,193,188,188,183,183,178
1,193,7,193,193,186,186,179,179,172
1,193,11,193,193,182,182,171,171,160
1,193,13,193,193,180,180,167,167,154
1,193,17,193,193,176,176,159,159,142
1,193,19,193,193,174,174,155,155,136
1,194,2,194,194,192,192,190,190,188
1,194,3,194,194,191,191,188,188,185
1,194,5,194,194,189,189,184,184,179
1,194,7,194,194,187,187,180,180,173
1,194,11,194,194,183,183,172,172,161
1,194,13,194,194,181,181,168,168,155
1,194,17,194,194,177,177,160,160,143
1,194,19,194,194,175,175,156,156,137
1,195,2,195,195,193,193,191,191,189
1,195,3,195,195,192,192,189,189,186
1,195,5,195,195,190,190,185,185,180
1,195,7,195,195,188,188,181,181,174
1,195,11,195,195,184,184,173,173,162
1,195,13,195,195,182,182,169,169,156
1,195,17,195,195,178,178,161,161,144
1,195,19,195,195,176,176,157,157,138
1,196,2,196,196,194,194,192,192,190
1,196,3,196,196,193,193,190,190,187
1,196,5,196,196,191,191,186,186,181
1,196,7,196,196,189,189,182,182,175
1,196,11,196,196,185,185,174,174,163
1,196,13,196,196,183,183,170,170,157
1,196,17,196,196,179,179,162,162,145
1,196,19,196,196,177,177,158,158,139
1,197,2,197,197,195,195,193,193,191
1,197,3,197,197,194,194,191,191,188
1,197,5,197,197,192,192,187,187,182
1,197,7,197,197,190,190,183,183,176
1,197,11,197,197,186,186,175,175,164
1,197,13,197,197,184,184,171,171,158
1,197,17,197,197,180,180,163,163,146
1,197,19,197,197,178,178,159,159,140
1,198,2,198,198,196,196,194,194,192
1,198,3,198,198,195,195,192,192,189
1,198,5,198,198,193,193,188,188,183
1,198,7,198,198,191,191,184,184,177
1,198,11,198,198,187,187,176,176,165
1,198,13,198,198,185,185,172,172,159
1,198,17,198,198,181,181,164,164,147
1,198,19,198,198,179,179,160,160,141
1,199,2,199,199,197,197,195,195,193
1,199,3,199,199,196,196,193,193,190
1,199,5,199,199,194,194,189,189,184
1,199,7,199,199,192,192,185,185,178
1,199,11,199,199,188,188,177,177,166
1,199,13,199,199,186,186,173,173,160
1,199,17,199,199,182,182,165,165,148
1,199,19,199,199,180,180,161,161,142
1,200,2,200,200,198,198,196,196,194
1,200,3,200,200,197,197,194,194,191
1,200,5,200,200,195,195,190,190,185
1,200,7,200,200,193,193,186,186,179
1,200,11,200,200,189,189,178,178,167
1,200,13,200,200,187,187,174,174,161
1,200,17,200,200,183,183,166,166,149
1,200,19,200,200,181,181,162,162,143
1,201,2,201,201,199,199,197,197,195
1,201,3,201,201,198,198,195,195,192
1,201,5,201,201,196,196,191,191,186
1,201,7,201,201,194,194,187,187,180
1,201,11,201,201,190,190,179,179,168
1,201,13,201,201,188,188,175,175,162
1,201,17,201,201,184,184,167,167,150
1,201,19,201,201,182,182,163,163,144
1,202,2,202,202,200,200,198,198,196
1,202,3,202,202,199,199,196,196,193
1,202,5,202,202,197,197,192,192,187
1,202,7,202,202,195,195,188,188,181
1,202,11,202,202,191,191,180,180,169
1,202,13,202,202,189,189,176,176,163
1,202,17,202,202,185,185,168,168,151
1,202,19,202,202,183,183,164,164,145
1,203,2,203,203,201,201,199,199,197
1,203,3,203,203,200,200,197,197,194
1,203,5,203,203,198,198,193,193,188
1,203,7,203,203,196,196,189,189,182
1,203,11,203,203,192,192,181,181,170
1,203,13,203,203,190,190,177,177,164
1,203,17,203,203,186,186,169,169,152
1,203,19,203,203,184,184,165,165,146
1,204,2,204,204,202,202,200,200,198
1,204,3,204,204,201,201,198,198,195
1,204,5,204,204,199,199,194,194,189
1,204,7,204,204,197,197,190,190,183
1,204,11,204,204,193,193,182,182,171
1,204,13,204,204,191,191,178,178,165
1,204,17,204,204,187,187,170,170,153
1,204,19,204,204,185,185,166,166,147
1,205,2,205,205,203,203,201,201,199
1,205,3,205,205,202,202,199,199,196
1,205,5,205,205,200,200,195,195,190
1,205,7,205,205,198,198,191,191,184
1,205,11,205,205,194,194,183,183,172
1,205,13,205,205,192,192,179,179,166
1,205,17,205,205,188,188,171,171,154
1,205,19,205,205,186,186,167,167,148
1,206,2,206,206,204,204,202,202,200
1,206,3,206,206,203,203,200,200,197
1,206,5,206,206,201,201,196,196,191
1,206,7,206,206,199,199,192,192,185
1,206,11,206,206,195,195,184,184,173
1,206,13,206,206,193,193,180,180,167
1,206,17,206,206,189,189,172,172,155
1,206,19,206,206,187,187,168,168,149
1,207,2,207,207,205,205,203,203,201
1,207,3,207,207,204,204,201,201,198
1,207,5,207,207,202,202,197,197,192
1,207,7,207,207,200,200,193,193,186
1,207,11,207,207,196,196,185,185,174
1,207,13,207,207,194,194,181,181,168
1,207,17,207,207,190,190,173,173,156
1,207,19,207,207,188,188,169,169,150
1,208,2,208,208,206,206,204,204,202
1,208,3,208,208,205,205,202,202,199
1,208,5,208,208,203,203,198,198,193
1,208,7,208,208,201,201,194,194,187
1,208,11,208,208,197,197,186,186,175
1,208,13,208,208,195,195,182,182,169
1,208,17,208,208,191,191,174,174,157
1,208,19,208,208,189,189,170,170,151
1,209,2,209,209,207,207,205,205,203
1,209,3,209,209,206,206,203,203,200
1,209,5,209,209,204,204,199,199,194
1,209,7,209,209,202,202,195,195,188
1,209,11,209,209,198,198,187,187,176
1,209,13,209,209,196,196,183,183,170
1,209,17,209,209,192,192,175,175,158
1,209,19,209,209,190,190,171,171,152
1,210,2,210,210,208,208,206,206,204
1,210,3,210,210,207,207,204,204,201
1,210,5,210,210,205,205,200,200,195
1,210,7,210,210,203,203,196,196,189
1,210,11,210,210,199,199,188,188,177
1,210,13,210,210,197,197,184,184,171
1,210,17,210,210,193,193,176,176,159
1,210,19,210,210,191,191,172,172,153
1,211,2,211,211,209,209,207,207,205
1,211,3,211,211,208,208,205,205,202
1,211,5,211,211,206,206,201,201,196
1,211,7,211,211,204,204,197,197,190
1,211,11,211,211,200,200,189,189,178
1,211,13,211,211,198,198,185,185,172
1,211,17,211,211,194,194,177,177,160
1,211,19,211,211,192,192,173,173,154
1,212,2,212,212,210,210,208,208,206
1,212,3,212,212,209,209,206,206,203
1,212,5,212,212,207,207,202,202,197
1,212,7,212,212,205,205,198,198,191
1,212,11,212,212,201,201,190,190,179
1,212,13,212,212,199,199,186,186,173
1,212,17,212,212,195,195,178,178,161
1,212,19,212,212,193,193,174,174,155
1,213,2,213,213,211,211,209,209,207
1,213,3,213,213,210,210,207,207,204
1,213,5,213,213,208,208,203,203,198
1,213,7,213,213,206,206,199,199,192
1,213,11,213,213,202,202,191,191,180
1,213,13,213,213,200,200,187,187,174
1,213,17,213,213,196,196,179,179,162
1,213,19,213,213,194,194,175,175,156
1,214,2,214,214,212,212,210,210,208
1,214,3,214,214,211,211,208,208,205
1,214,5,214,214,209,209,204,204,199
1,214,7,214,214,207,207,200,200,193
1,214,11,214,214,203,203,192,192,181
1,214,13,214,214,201,201,188,188,175
1,214,17,214,214,197,197,180,180,163
1,214,19,214,214,195,195,176,176,157
1,215,2,215,215,213,213,211,211,209
1,215,3,215,215,212,212,209,209,206
1,215,5,215,215,210,210,205,205,200
1,215,7,215,215,208,208,201,201,194
1,215,11,215,215,204,204,193,193,182
1,215,13,215,215,202,202,189,189,176
1,215,17,215,215,198,198,181,181,164
1,215,19,215,215,196,196,177,177,158
1,216,2,216,216,214,214,212,212,210
1,216,3,216,216,213,213,210,210,207
1,216,5,216,216,211,211,206,206,201
1,216,7,216,216,209,209,202,202,195
1,216,11,216,216,205,205,194,194,183
1,216,13,216,216,203,203,190,190,177
1,216,17,216,216,199,199,182,182,165
1,216,19,216,216,197,197,178,178,159
1,217,2,217,217,215,215,213,213,211
1,217,3,217,217,214,214,211,211,208
1,217,5,217,217,212,212,207,207,202
1,217,7,217,217,210,210,203,203,196
1,217,11,217,217,206,206,195,195,184
1,217,13,217,217,204,204,191,191,178
1,217,17,217,217,200,200,183,183,166
1,217,19,217,217,198,198,179,179,160
1,218,2,218,218,216,216,214,214,212
1,218,3,218,218,215,215,212,212,209
1,218,5,218,218,213,213,208,208,203
1,218,7,218,218,211,211,204,204,197
1,218,11,218,218,207,207,196,196,185
1,218,13,218,218,205,205,192,192,179
1,218,17,218,218,201,201,184,184,167
1,218,19,218,218,199,199,180,180,161
1,219,2,219,219,217,217,215,215,213
1,219,3,219,219,216,216,213,213,210
1,219,5,219,219,214,214,209,209,204
1,219,7,219,219,212,212,205,205,198
1,219,11,219,219,208,208,197,197,186
1,219,13,219,219,206,206,193,193,180
1,219,17,219,219,202,202,185,185,168
1,219,19,219,219,200,200,181,181,162
1,220,2,220,220,218,218,216,216,214
1,220,3,220,220,217,217,214,214,211
1,220,5,220,220,215,215,210,210,205
1,220,7,220,220,213,213,206,206,199
1,220,11,220,220,209,209,198,198,187
1,220,13,220,220,207,207,194,194,181
1,220,17,220,220,203,203,186,186,169
1,220,19,220,220,201,201,182,182,163
1,221,2,221,221,219,219,217,217,215
1,221,3,221,221,218,218,215,215,212
1,221,5,221,221,216,216,211,211,206
1,221,7,221,221,214,214,207,207,200
1,221,11,221,221,210,210,199,199,188
1,221,13,221,221,208,208,195,195,182
1,221,17,221,221,204,204,187,187,170
1,221,19,221,221,202,202,183,183,164
1,222,2,222,222,220,220,218,218,216
1,222,3,222,222,219,219,216,216,213
1,222,5,222,222,217,217,212,212,207
1,222,7,222,222,215,215,208,208,201
1,222,11,222,222,211,211,200,200,189
1,222,13,222,222,209,209,196,196,183
1,222,17,222,222,205,205,188,188,171
1,222,19,222,222,203,203,184,184,165
1,223,2,223,223,221,221,219,219,217
1,223,3,223,223,220,220,217,217,214
1,223,5,223,223,218,218,213,213,208
1,223,7,223,223,216,216,209,209,202
1,223,11,223,223,212,212,201,201,190
1,223,13,223,223,210,210,197,197,184
1,223,17,223,223,206,206,189,189,172
1,223,19,223,223,204,204,185,185,166
1,224,2,224,224,222,222,220,220,218
1,224,3,224,224,221,221,218,218,215
1,224,5,224,224,219,219,214,214,209
1,224,7,224,224,217,217,210,210,203
1,224,11,224,224,213,213,202,202,191
1,224,13,224,224,211,211,198,198,185
1,224,17,224,224,207,207,190,190,173
1,224,19,224,224,205,205,186,186,167
1,225,2,225,225,223,223,221,221,219
1,225,3,225,225,222,222,219,219,216
1,225,5,225,225,220,220,215,215,210
1,225,7,225,225,218,218,211,211,204
1,225,11,225,225,214,214,203,203,192
1,225,13,225,225,212,212,199,199,186
1,225,17,225,225,208,208,191,191,174
1,225,19,225,225,206,206,187,187,168
1,226,2,226,226,224,224,222,222,220
1,226,3,226,226,223,223,220,220,217
1,226,5,226,226,221,221,216,216,211
1,226,7,226,226,219,219,212,212,205
1,226,11,226,226,215,215,204,204,193
1,226,13,226,226,213,213,200,200,187
1,226,17,226,226,209,209,192,192,175
1,226,19,226,226,207,207,188,188,169
1,227,2,227,227,225,225,223,223,221
1,227,3,227,227,224,224,221,221,218
1,227,5,227,227,222,222,217,217,212
1,227,7,227,227,220,220,213,213,206
1,227,11,227,227,216,216,205,205,194
1,227,13,227,227,214,214,201,201,188
1,227,17,227,227,210,210,193,193,176
1,227,19,227,227,208,208,189,189,170
1,228,2,228,228,226,226,224,224,222
1,228,3,228,228,225,225,222,222,219
1,228,5,228,228,223,223,218,218,213
1,228,7,228,228,221,221,214,214,207
1,228,11,228,228,217,217,206,206,195
1,228,13,228,228,215,215,202,202,189
1,228,17,228,228,211,211,194,194,177
1,228,19,228,228,209,209,190,190,171
1,229,2,229,229,227,227,225,225,223
1,229,3,229,229,226,226,223,223,220
1,229,5,229,229,224,224,219,219,214
1,229,7,229,229,222,222,215,215,208
1,229,11,229,229,218,218,207,207,196
1,229,13,229,229,216,216,203,203,190
1,229,17,229,229,212,212,195,195,178
1,229,19,229,229,210,210,191,191,172
1,230,2,230,230,228,228,226,226,224
1,230,3,230,230,227,227,224,224,221
1,230,5,230,230,225,225,220,220,215
1,230,7,230,230,223,223,216,216,209
1,230,11,230,230,219,219,208,208,197
1,230,13,230,230,217,217,204,204,191
1,230,17,230,230,213,213,196,196,179
1,230,19,230,230,211,211,192,192,173
1,231,2,231,231,229,229,227,227,225
1,231,3,231,231,228,228,225,225,222
1,231,5,231,231,226,226,221,221,216
1,231,7,231,231,224,224,217,217,210
1,231,11,231,231,220,220,209,209,198
1,231,13,231,231,218,218,205,205,192
1,231,17,231,231,214,214,197,197,180
1,231,19,231,231,212,212,193,193,174
1,232,2,232,232,230,230,228,228,226
1,232,3,232,232,229,229,226,226,223
1,232,5,232,232,227,227,222,222,217
1,232,7,232,232,225,225,218,218,211
1,232,11,232,232,221,221,210,210,199
1,232,13,232,232,219,219,206,206,193
1,232,17,232,232,215,215,198,198,181
1,232,19,232,232,213,213,194,194,175
1,233,2,233,233,231,231,229,229,227
1,233,3,233,233,230,230,227,227,224
1,233,5,233,233,228,228,223,223,218
1,233,7,233,233,226,226,219,219,212
1,233,11,233,233,222,222,211,211,200
1,233,13,233,233,220,220,207,207,194
1,233,17,233,233,216,216,199,199,182
1,233,19,233,233,214,214,195,195,176
1,234,2,234,234,232,232,230,230,228
1,234,3,234,234,231,231,228,228,225
1,234,5,234,234,229,229,224,224,219
1,234,7,234,234,227,227,220,220,213
1,234,11,234,234,223,223,212,212,201
1,234,13,234,234,221,221,208,208,195
1,234,17,234,234,217,217,200,200,183
1,234,19,234,234,215,215,196,196,177
1,235,2,235,235,233,233,231,231,229
1,235,3,235,235,232,232,229,229,226
1,235,5,235,235,230,230,225,225,220
1,235,7,235,235,228,228,221,221,214
1,235,11,235,235,224,224,213,213,202
1,235,13,235,235,222,222,209,209,196
1,235,17,235,235,218,218,201,201,184
1,235,19,235,235,216,216,197,197,178
1,236,2,236,236,234,234,232,232,230
1,236,3,236,236,233,233,230,230,227
1,236,5,236,236,231,231,226,226,221
1,236,7,236,236,229,229,222,222,215
1,236,11,236,236,225,225,214,214,203
1,236,13,236,236,223,223,210,210,197
1,236,17,236,236,219,219,202,202,185
1,236,19,236,236,217,217,198,198,179
1,237,2,237,237,235,235,233,233,231
1,237,3,237,237,234,234,231,231,228
1,237,5,237,237,232,232,227,227,222
1,237,7,237,237,230,230,223,223,216
1,237,11,237,237,226,226,215,215,204
1,237,13,237,237,224,224,211,211,198
1,237,17,237,237,220,220,203,203,186
1,237,19,237,237,218,218,199,199,180
1,238,2,238,238,236,236,234,234,232
1,238,3,238,238,235,235,232,232,229
1,238,5,238,238,233,233,228,228,223
1,238,7,238,238,231,231,224,224,217
1,238,11,238,238,227,227,216,216,205
1,238,13,238,238,225,225,212,212,199
1,238,17,238,238,221,221,204,204,187
1,238,19,238,238,219,219,200,200,181
1,239,2,239,239,237,237,235,235,233
1,239,3,239,239,236,236,233,233,230
1,239,5,239,239,234,234,229,229,224
1,239,7,239,239,232,232,225,225,218
1,239,11,239,239,228,228,217,217,206
1,239,13,239,239,226,226,213,213,200
1,239,17,239,239,222,222,205,205,188
1,239,19,239,239,220,220,201,201,182
1,240,2,240,240,238,238,236,236,234
1,240,3,240,240,237,237,234,234,231
1,240,5,240,240,235,235,230,230,225
1,240,7,240,240,233,233,226,226,219
1,240,11,240,240,229,229,218,218,207
1,240,13,240,240,227,227,214,214,201
1,240,17,240,240,223,223,206,206,189
1,240,19,240,240,221,221,202,202,183
1,241,2,241,241,239,239,237,237,235
1,241,3,241,241,238,238,235,235,232
1,241,5,241,241,236,236,231,231,226
1,241,7,241,241,234,234,227,227,220
1,241,11,241,241,230,230,219,219,208
1,241,13,241,241,228,228,215,215,202
1,241,17,241,241,224,224,207,207,190
1,241,19,241,241,222,222,203,203,184
1,242,2,242,242,240,240,238,238,236
1,242,3,242,242,239,239,236,236,233
1,242,5,242,242,237,237,232,232,227
1,242,7,242,242,235,235,228,228,221
1,242,11,242,242,231,231,220,220,209
1,242,13,242,242,229,229,216,216,203
1,242,17,242,242,225,225,208,208,191
1,242,19,242,242,223,223,204,204,185
1,243,2,243,243,241,241,239,239,237
1,243,3,243,243,240,240,237,237,234
1,243,5,243,243,238,238,233,233,228
1,243,7,243,243,236,236,229,229,222
1,243,11,243,243,232,232,221,221,210
1,243,13,243,243,230,230,217,217,204
1,243,17,243,243,226,226,209,209,192
1,243,19,243,243,224,224,205,205,186
1,244,2,244,244,242,242,240,240,238
1,244,3,244,244,241,241,238,238,235
1,244,5,244,244,239,239,234,234,229
1,244,7,244,244,237,237,230,230,223
1,244,11,244,244,233,233,222,222,211
1,244,13,244,244,231,231,218,218,205
1,244,17,244,244,227,227,210,210,193
1,244,19,244,244,225,225,206,206,187
1,245,2,245,245,243,243,241,241,239
1,245,3,245,245,242,242,239,239,236
1,245,5,245,245,240,240,235,235,230
1,245,7,245,245,238,238,231,231,224
1,245,11,245,245,234,234,223,223,212
1,245,13,245,245,232,232,219,219,206
1,245,17,245,245,228,228,211,211,194
1,245,19,245,245,226,226,207,207,188
1,246,2,246,246,244,244,242,242,240
1,246,3,246,246,243,243,240,240,237
1,246,5,246,246,241,241,236,236,231
1,246,7,246,246,239,239,232,232,225
1,246,11,246,246,235,235,224,224,213
1,246,13,246,246,233,233,220,220,207
1,246,17,246,246,229,229,212,212,195
1,246,19,246,246,227,227,208,208,189
1,247,2,247,247,245,245,243,243,241
1,247,3,247,247,244,244,241,241,238
1,247,5,247,247,242,242,237,237,232
1,247,7,247,247,240,240,233,233,226
1,247,11,247,247,236,236,225,225,214
1,247,13,247,247,234,234,221,221,208
1,247,17,247,247,230,230,213,213,196
1,247,19,247,247,228,228,209,209,190
1,248,2,248,248,246,246,244,244,242
1,248,3,248,248,245,245,242,242,239
1,248,5,248,248,243,243,238,238,233
1,248,7,248,248,241,241,234,234,227
1,248,11,248,248,237,237,226,226,215
1,248,13,248,248,235,235,222,222,209
1,248,17,248,248,231,231,214,214,197
1,248,19,248,248,229,229,210,210,191
1,249,2,249,249,247,247,245,245,243
1,249,3,249,249,246,246,243,243,240
1,249,5,249,249,244,244,239,239,234
1,249,7,249,249,242,242,235,235,228
1,249,11,249,249,238,238,227,227,216
1,249,13,249,249,236,236,223,223,210
1,249,17,249,249,232,232,215,215,198
1,249,19,249,249,230,230,211,211,192
1,250,2,250,250,248,248,246,246,244
1,250,3,250,250,247,247,244,244,241
1,250,5,250,250,245,245,240,240,235
1,250,7,250,250,243,243,236,236,229
1,250,11,250,250,239,239,228,228,217
1,250,13,250,250,237,237,224,224,211
1,250,17,250,250,233,233,216,216,199
1,250,19,250,250,231,231,212,212,193
1,251,2,251,251,249,249,247,247,245
1,251,3,251,251,248,248,245,245,242
1,251,5,251,251,246,246,241,241,236
1,251,7,251,251,244,244,237,237,230
1,251,11,251,251,240,240,229,229,218
1,251,13,251,251,238,238,225,225,212
1,251,17,251,251,234,234,217,217,200
1,251,19,251,251,232,232,213,213,194
1,252,2,252,252,250,250,248,248,246
1,252,3,252,252,249,249,246,246,243
1,252,5,252,252,247,247,242,242,237
1,252,7,252,252,245,245,238,238,231
1,252,11,252,252,241,241,230,230,219
1,252,13,252,252,239,239,226,226,213
1,252,17,252,252,235,235,218,218,201
1,252,19,252,252,233,233,214,214,195
1,253,2,253,253,251,251,249,249,247
1,253,3,253,253,250,250,247,247,244
1,253,5,253,253,248,248,243,243,238
1,253,7,253,253,246,246,239,239,232
1,253,11,253,253,242,242,231,231,220
1,253,13,253,253,240,240,227,227,214
1,253,17,253,253,236,236,219,219,202
1,253,19,253,253,234,234,215,215,196
1,254,2,254,254,252,252,250,250,248
1,254,3,254,254,251,251,248,248,245
1,254,5,254,254,249,249,244,244,239
1,254,7,254,254,247,247,240,240,233
1,254,11,254,254,243,243,232,232,221
1,254,13,254,254,241,241,228,228,215
1,254,17,254,254,237,237,220,220,203
1,254,19,254,254,235,235,216,216,197
1,255,2,255,255,253,253,251,251,249
1,255,3,255,255,252,252,249,249,246
1,255,5,255,255,250,250,245,245,240
1,255,7,255,255,248,248,241,241,234
1,255,11,255,255,244,244,233,233,222
1,255,13,255,255,242,242,229,229,216
1,255,17,255,255,238,238,221,221,204
1,255,19,255,255,236,236,217,217,198
1,256,2,256,256,254,254,252,252,250
1,256,3,256,256,253,253,250,250,247
1,256,5,256,256,251,251,246,246,241
1,256,7,256,256,249,249,242,242,235
1,256,11,256,256,245,245,234,234,223
1,256,13,256,256,243,243,230,230,217
1,256,17,256,256,239,239,222,222,205
1,256,19,256,256,237,237,218,218,199
1,257,2,257,257,255,255,253,253,251
1,257,3,257,257,254,254,251,251,248
1,257,5,257,257,252,252,247,247,242
1,257,7,257,257,250,250,243,243,236
1,257,11,257,257,246,246,235,235,224
1,257,13,257,257,244,244,231,231,218
1,257,17,257,257,240,240,223,223,206
1,257,19,257,257,238,238,219,219,200
1,258,2,258,258,256,256,254,254,252
1,258,3,258,258,255,255,252,252,249
1,258,5,258,258,253,253,248,248,243
1,258,7,258,258,251,251,244,244,237
1,258,11,258,258,247,247,236,236,225
1,258,13,258,258,245,245,232,232,219
1,258,17,258,258,241,241,224,224,207
1,258,19,258,258,239,239,220,220,201
1,259,2,259,259,257,257,255,255,253
1,259,3,259,259,256,256,253,253,250
1,259,5,259,259,254,254,249,249,244
1,259,7,259,259,252,252,245,245,238
1,259,11,259,259,248,248,237,237,226
1,259,13,259,259,246,246,233,233,220
1,259,17,259,259,242,242,225,225,208
1,259,19,259,259,240,240,221,221,202
1,260,2,260,260,258,258,256,256,254
1,260,3,260,260,257,257,254,254,251
1,260,5,260,260,255,255,250,250,245
1,260,7,260,260,253,253,246,246,239
1,260,11,260,260,249,249,238,238,227
1,260,13,260,260,247,247,234,234,221
1,260,17,260,260,243,243,226,226,209
1,260,19,260,260,241,241,222,222,203
1,261,2,261,261,259,259,257,257,255
1,261,3,261,261,258,258,255,255,252
1,261,5,261,261,256,256,251,251,246
1,261,7,261,261,254,254,247,247,240
1,261,11,261,261,250,250,239,239,228
1,261,13,261,261,248,248,235,235,222
1,261,17,261,261,244,244,227,227,210
1,261,19,261,261,242,242,223,223,204
1,262,2,262,262,260,260,258,258,256
1,262,3,262,262,259,259,256,256,253
1,262,5,262,262,257,257,252,252,247
1,262,7,262,262,255,255,248,248,241
1,262,11,262,262,251,251,240,240,229
1,262,13,262,262,249,249,236,236,223
1,262,17,262,262,245,245,228,228,211
1,262,19,262,262,243,243,224,224,205
1,263,2,263,263,261,261,259,259,257
1,263,3,263,263,260,260,257,257,254
1,263,5,263,263,258,258,253,253,248
1,263,7,263,263,256,256,249,249,242
1,263,11,263,263,252,252,241,241,230
1,263,13,263,263,250,250,237,237,224
1,263,17,263,263,246,246,229,229,212
1,263,19,263,263,244,244,225,225,206
1,264,2,264,264,262,262,260,260,258
1,264,3,264,264,261,261,258,258,255
1,264,5,264,264,259,259,254,254,249
1,264,7,264,264,257,257,250,250,243
1,264,11,264,264,253,253,242,242,231
1,264,13,264,264,251,251,238,238,225
1,264,17,264,264,247,247,230,230,213
1,264,19,264,264,245,245,226,226,207
1,265,2,265,265,263,263,261,261,259
1,265,3,265,265,262,262,259,259,256
1,265,5,265,265,260,260,255,255,250
1,265,7,265,265,258,258,251,251,244
1,265,11,265,265,254,254,243,243,232
1,265,13,265,265,252,252,239,239,226
1,265,17,265,265,248,248,231,231,214
1,265,19,265,265,246,246,227,227,208
1,266,2,266,266,264,264,262,262,260
1,266,3,266,266,263,263,260,260,257
1,266,5,266,266,261,261,256,256,251
1,266,7,266,266,259,259,252,252,245
1,266,11,266,266,255,255,244,244,233
1,266,13,266,266,253,253,240,240,227
1,266,17,266,266,249,249,232,232,215
1,266,19,266,266,247,247,228,228,209
1,267,2,267,267,265,265,263,263,261
1,267,3,267,267,264,264,261,261,258
1,267,5,267,267,262,262,257,257,252
1,267,7,267,267,260,260,253,253,246
1,267,11,267,267,256,256,245,245,234
1,267,13,267,267,254,254,241,241,228
1,267,17,267,267,250,250,233,233,216
1,267,19,267,267,248,248,229,229,210
1,268,2,268,268,266,266,264,264,262
1,268,3,268,268,265,265,262,262,259
1,268,5,268,268,263,263,258,258,253
1,268,7,268,268,261,261,254,254,247
1,268,11,268,268,257,257,246,246,235
1,268,13,268,268,255,255,242,242,229
1,268,17,268,268,251,251,234,234,217
1,268,19,268,268,249,249,230,230,211
1,269,2,269,269,267,267,265,265,263
1,269,3,269,269,266,266,263,263,260
1,269,5,269,269,264,264,259,259,254
1,269,7,269,269,262,262,255,255,248
1,269,11,269,269,258,258,247,247,236
1,269,13,269,269,256,256,243,243,230
1,269,17,269,269,252,252,235,235,218
1,269,19,269,269,250,250,231,231,212
1,270,2,270,270,268,268,266,266,264
1,270,3,270,270,267,267,264,264,261
1,270,5,270,270,265,265,260,260,255
1,270,7,270,270,263,263,256,256,249
1,270,11,270,270,259,259,248,248,237
1,270,13,270,270,257,257,244,244,231
1,270,17,270,270,253,253,236,236,219
1,270,19,270,270,251,251,232,232,213
1,271,2,271,271,269,269,267,267,265
1,271,3,271,271,268,268,265,265,262
1,271,5,271,271,266,266,261,261,256
1,271,7,271,271,264,264,257,257,250
1,271,11,271,271,260,260,249,249,238
1,271,13,271,271,258,258,245,245,232
1,271,17,271,271,254,254,237,237,220
1,271,19,271,271,252,252,233,233,214
1,272,2,272,272,270,270,268,268,266
1,272,3,272,272,269,269,266,266,263
1,272,5,272,272,267,267,262,262,257
1,272,7,272,272,265,265,258,258,251
1,272,11,272,272,261,261,250,250,239
1,272,13,272,272,259,259,246,246,233
1,272,17,272,272,255,255,238,238,221
1,272,19,272,272,253,253,234,234,215
1,273,2,273,273,271,271,269,269,267
1,273,3,273,273,270,270,267,267,264
1,273,5,273,273,268,268,263,263,258
1,273,7,273,273,266,266,259,259,252
1,273,11,273,273,262,262,251,251,240
1,273,13,273,273,260,260,247,247,234
1,273,17,273,273,256,256,239,239,222
1,273,19,273,273,254,254,235,235,216
1,274,2,274,274,272,272,270,270,268
1,274,3,274,274,271,271,268,268,265
1,274,5,274,274,269,269,264,264,259
1,274,7,274,274,267,267,260,260,253
1,274,11,274,274,263,263,252,252,241
1,274,13,274,274,261,261,248,248,235
1,274,17,274,274,257,257,240,240,223
1,274,19,274,274,255,255,236,236,217
1,275,2,275,275,273,273,271,271,269
1,275,3,275,275,272,272,269,269,266
1,275,5,275,275,270,270,265,265,260
1,275,7,275,275,268,268,261,261,254
1,275,11,275,275,264,264,253,253,242
1,275,13,275,275,262,262,249,249,236
1,275,17,275,275,258,258,241,241,224
1,275,19,275,275,256,256,237,237,218
1,276,2,276,276,274,274,272,272,270
1,276,3,276,276,273,273,270,270,267
1,276,5,276,276,271,271,266,266,261
1,276,7,276,276,269,269,262,262,255
1,276,11,276,276,265,265,254,254,243
1,276,13,276,276,263,263,250,250,237
1,276,17,276,276,259,259,242,242,225
1,276,19,276,276,257,257,238,238,219
1,277,2,277,277,275,275,273,273,271
1,277,3,277,277,274,274,271,271,268
1,277,5,277,277,272,272,267,267,262
1,277,7,277,277,270,270,263,263,256
1,277,11,277,277,266,266,255,255,244
1,277,13,277,277,264,264,251,251,238
1,277,17,277,277,260,260,243,243,226
1,277,19,277,277,258,258,239,239,220
1,278,2,278,278,276,276,274,274,272
1,278,3,278,278,275,275,272,272,269
1,278,5,278,278,273,273,268,268,263
1,278,7,278,278,271,271,264,264,257
1,278,11,278,278,267,267,256,256,245
1,278,13,278,278,265,265,252,252,239
1,278,17,278,278,261,261,244,244,227
1,278,19,278,278,259,259,240,240,221
1,279,2,279,279,277,277,275,275,273
1,279,3,279,279,276,276,273,273,270
1,279,5,279,279,274,274,269,269,264
1,279,7,279,279,272,272,265,265,258
1,279,11,279,279,268,268,257,257,246
1,279,13,279,279,266,266,253,253,240
1,279,17,279,279,262,262,245,245,228
1,279,19,279,279,260,260,241,241,222
1,280,2,280,280,278,278,276,276,274
1,280,3,280,280,277,277,274,274,271
1,280,5,280,280,275,275,270,270,265
1,280,7,280,280,273,273,266,266,259
1,280,11,280,280,269,269,258,258,247
1,280,13,280,280,267,267,254,254,241
1,280,17,280,280,263,263,246,246,229
1,280,19,280,280,261,261,242,242,223
1,281,2,281,281,279,279,277,277,275
1,281,3,281,281,278,278,275,275,272
1,281,5,281,281,276,276,271,271,266
1,281,7,281,281,274,274,267,267,260
1,281,11,281,281,270,270,259,259,248
1,281,13,281,281,268,268,255,255,242
1,281,17,281,281,264,264,247,247,230
1,281,19,281,281,262,262,243,243,224
1,282,2,282,282,280,280,278,278,276
1,282,3,282,282,279,279,276,276,273
1,282,5,282,282,277,277,272,272,267
1,282,7,282,282,275,275,268,268,261
1,282,11,282,282,271,271,260,260,249
1,282,13,282,282,269,269,256,256,243
1,282,17,282,282,265,265,248,248,231
1,282,19,282,282,263,263,244,244,225
1,283,2,283,283,281,281,279,279,277
1,283,3,283,283,280,280,277,277,274
1,283,5,283,283,278,278,273,273,268
1,283,7,283,283,276,276,269,269,262
1,283,11,283,283,272,272,261,261,250
1,283,13,283,283,270,270,257,257,244
1,283,17,283,283,266,266,249,249,232
1,283,19,283,283,264,264,245,245,226
1,284,2,284,284,282,282,280,280,278
1,284,3,284,284,281,281,278,278,275
1,284,5,284,284,279,279,274,274,269
1,284,7,284,284,277,277,270,270,263
1,284,11,284,284,273,273,262,262,251
1,284,13,284,284,271,271,258,258,245
1,284,17,284,284,267,267,250,250,233
1,284,19,284,284,265,265,246,246,227
1,285,2,285,285,283,283,281,281,279
1,285,3,285,285,282,282,279,279,276
1,285,5,285,285,280,280,275,275,270
1,285,7,285,285,278,278,271,271,264
1,285,11,285,285,274,274,263,263,252
1,285,13,285,285,272,272,259,259,246
1,285,17,285,285,268,268,251,251,234
1,285,19,285,285,266,266,247,247,228
1,286,2,286,286,284,284,282,282,280
1,286,3,286,286,283,283,280,280,277
1,286,5,286,286,281,281,276,276,271
1,286,7,286,286,279,279,272,272,265
1,286,11,286,286,275,275,264,264,253
1,286,13,286,286,273,273,260,260,247
1,286,17,286,286,269,269,252,252,235
1,286,19,286,286,267,267,248,248,229
1,287,2,287,287,285,285,283,283,281
1,287,3,287,287,284,284,281,281,278
1,287,5,287,287,282,282,277,277,272
1,287,7,287,287,280,280,273,273,266
1,287,11,287,287,276,276,265,265,254
1,287,13,287,287,274,274,261,261,248
1,287,17,287,287,270,270,253,253,236
1,287,19,287,287,268,268,249,249,230
1,288,2,288,288,286,286,284,284,282
1,288,3,288,288,285,285,282,282,279
1,288,5,288,288,283,283,278,278,273
1,288,7,288,288,281,281,274,274,267
1,288,11,288,288,277,277,266,266,255
1,288,13,288,288,275,275,262,262,249
1,288,17,288,288,271,271,254,254,237
1,288,19,288,288,269,269,250,250,231
1,289,2,289,289,287,287,285,285,283
1,289,3,289,289,286,286,283,283,280
1,289,5,289,289,284,284,279,279,274
1,289,7,289,289,282,282,275,275,268
1,289,11,289,289,278,278,267,267,256
1,289,13,289,289,276,276,263,263,250
1,289,17,289,289,272,272,255,255,238
1,289,19,289,289,270,270,251,251,232
1,290,2,290,290,288,288,286,286,284
1,290,3,290,290,287,287,284,284,281
1,290,5,290,290,285,285,280,280,275
1,290,7,290,290,283,283,276,276,269
1,290,11,290,290,279,279,268,268,257
1,290,13,290,290,277,277,264,264,251
1,290,17,290,290,273,273,256,256,239
1,290,19,290,290,271,271,252,252,233
1,291,2,291,291,289,289,287,287,285
1,291,3,291,291,288,288,285,285,282
1,291,5,291,291,286,286,281,281,276
1,291,7,291,291,284,284,277,277,270
1,291,11,291,291,280,280,269,269,258
1,291,13,291,291,278,278,265,265,252
1,291,17,291,291,274,274,257,257,240
1,291,19,291,291,272,272,253,253,234
1,292,2,292,292,290,290,288,288,286
1,292,3,292,292,289,289,286,286,283
1,292,5,292,292,287,287,282,282,277
1,292,7,292,292,285,285,278,278,271
1,292,11,292,292,281,281,270,270,259
1,292,13,292,292,279,279,266,266,253
1,292,17,292,292,275,275,258,258,241
1,292,19,292,292,273,273,254,254,235
1,293,2,293,293,291,291,289,289,287
1,293,3,293,293,290,290,287,287,284
1,293,5,293,293,288,288,283,283,278
1,293,7,293,293,286,286,279,279,272
1,293,11,293,293,282,282,271,271,260
1,293,13,293,293,280,280,267,267,254
1,293,17,293,293,276,276,259,259,242
1,293,19,293,293,274,274,255,255,236
1,294,2,294,294,292,292,290,290,288
1,294,3,294,294,291,291,288,288,285
1,294,5,294,294,289,289,284,284,279
1,294,7,294,294,287,287,280,280,273
1,294,11,294,294,283,283,272,272,261
1,294,13,294,294,281,281,268,268,255
1,294,17,294,294,277,277,260,260,243
1,294,19,294,294,275,275,256,256,237
1,295,2,295,295,293,293,291,291,289
1,295,3,295,295,292,292,289,289,286
1,295,5,295,295,290,290,285,285,280
1,295,7,295,295,288,288,281,281,274
1,295,11,295,295,284,284,273,273,262
1,295,13,295,295,282,282,269,269,256
1,295,17,295,295,278,278,261,261,244
1,295,19,295,295,276,276,257,257,238
1,296,2,296,296,294,294,292,292,290
1,296,3,296,296,293,293,290,290,287
1,296,5,296,296,291,291,286,286,281
1,296,7,296,296,289,289,282,282,275
1,296,11,296,296,285,285,274,274,263
1,296,13,296,296,283,283,270,270,257
1,296,17,296,296,279,279,262,262,245
1,296,19,296,296,277,277,258,258,239
1,297,2,297,297,295,295,293,293,291
1,297,3,297,297,294,294,291,291,288
1,297,5,297,297,292,292,287,287,282
1,297,7,297,297,290,290,283,283,276
1,297,11,297,297,286,286,275,275,264
1,297,13,297,297,284,284,271,271,258
1,297,17,297,297,280,280,263,263,246
1,297,19,297,297,278,278,259,259,240
1,298,2,298,298,296,296,294,294,292
1,298,3,298,298,295,295,292,292,289
1,298,5,298,298,293,293,288,288,283
1,298,7,298,298,291,291,284,284,277
1,298,11,298,298,287,287,276,276,265
1,298,13,298,298,285,285,272,272,259
1,298,17,298,298,281,281,264,264,247
1,298,19,298,298,279,279,260,260,241
1,299,2,299,299,297,297,295,295,293
1,299,3,299,299,296,296,293,293,290
1,299,5,299,299,294,294,289,289,284
1,299,7,299,299,292,292,285,285,278
1,299,11,299,299,288,288,277,277,266
1,299,13,299,299,286,286,273,273,260
1,299,17,299,299,282,282,265,265,248
1,299,19,299,299,280,280,261,261,242
1,300,2,300,300,298,298,296,296,294
1,300,3,300,300,297,297,294,294,291
1,300,5,300,300,295,295,290,290,285
1,300,7,300,300,293,293,286,286,279
1,300,11,300,300,289,289,278,278,267
1,300,13,300,300,287,287,274,274,261
1,300,17,300,300,283,283,266,266,249
1,300,19,300,300,281,281,262,262,243
1,301,2,301,301,299,299,297,297,295
1,301,3,301,301,298,298,295,295,292
1,301,5,301,301,296,296,291,291,286
1,301,7,301,301,294,294,287,287,280
1,301,11,301,301,290,290,279,279,268
1,301,13,301,301,288,288,275,275,262
1,301,17,301,301,284,284,267,267,250
1,301,19,301,301,282,282,263,263,244
1,302,2,302,302,300,300,298,298,296
1,302,3,302,302,299,299,296,296,293
1,302,5,302,302,297,297,292,292,287
1,302,7,302,302,295,295,288,288,281
1,302,11,302,302,291,291,280,280,269
1,302,13,302,302,289,289,276,276,263
1,302,17,302,302,285,285,268,268,251
1,302,19,302,302,283,283,264,264,245
1,303,2,303,303,301,301,299,299,297
1,303,3,303,303,300,300,297,297,294
1,303,5,303,303,298,298,293,293,288
1,303,7,303,303,296,296,289,289,282
1,303,11,303,303,292,292,281,281,270
1,303,13,303,303,290,290,277,277,264
1,303,17,303,303,286,286,269,269,252
1,303,19,303,303,284,284,265,265,246
1,304,2,304,304,302,302,300,300,298
1,304,3,304,304,301,301,298,298,295
1,304,5,304,304,299,299,294,294,289
1,304,7,304,304,297,297,290,290,283
1,304,11,304,304,293,293,282,282,271
1,304,13,304,304,291,291,278,278,265
1,304,17,304,304,287,287,270,270,253
1,304,19,304,304,285,285,266,266,247
1,305,2,305,305,303,303,301,301,299
1,305,3,305,305,302,302,299,299,296
1,305,5,305,305,300,300,295,295,290
1,305,7,305,305,298,298,291,291,284
1,305,11,305,305,294,294,283,283,272
1,305,13,305,305,292,292,279,279,266
1,305,17,305,305,288,288,271,271,254
1,305,19,305,305,286,286,267,267,248
1,306,2,306,306,304,304,302,302,300
1,306,3,306,306,303,303,300,300,297
1,306,5,306,306,301,301,296,296,291
1,306,7,306,306,299,299,292,292,285
1,306,11,306,306,295,295,284,284,273
1,306,13,306,306,293,293,280,280,267
1,306,17,306,306,289,289,272,272,255
1,306,19,306,306,287,287,268,268,249
1,307,2,307,307,305,305,303,303,301
1,307,3,307,307,304,304,301,301,298
1,307,5,307,307,302,302,297,297,292
1,307,7,307,307,300,300,293,293,286
1,307,11,307,307,296,296,285,285,274
1,307,13,307,307,294,294,281,281,268
1,307,17,307,307,290,290,273,273,256
1,307,19,307,307,288,288,269,269,250
1,308,2,308,308,306,306,304,304,302
1,308,3,308,308,305,305,302,302,299
1,308,5,308,308,303,303,298,298,293
1,308,7,308,308,301,301,294,294,287
1,308,11,308,308,297,297,286,286,275
1,308,13,308,308,295,295,282,282,269
1,308,17,308,308,291,291,274,274,257
1,308,19,308,308,289,289,270,270,251
1,309,2,309,309,307,307,305,305,303
1,309,3,309,309,306,306,303,303,300
1,309,5,309,309,304,304,299,299,294
1,309,7,309,309,302,302,295,295,288
1,309,11,309,309,298,298,287,287,276
1,309,13,309,309,296,296,283,283,270
1,309,17,309,309,292,292,275,275,258
1,309,19,309,309,290,290,271,271,252
1,310,2,310,310,308,308,306,306,304
1,310,3,310,310,307,307,304,304,301
1,310,5,310,310,305,305,300,300,295
1,310,7,310,310,303,303,296,296,289
1,310,11,310,310,299,299,288,288,277
1,310,13,310,310,297,297,284,284,271
1,310,17,310,310,293,293,276,276,259
1,310,19,310,310,291,291,272,272,253
1,311,2,311,311,309,309,307,307,305
1,311,3,311,311,308,308,305,305,302
1,311,5,311,311,306,306,301,301,296
1,311,7,311,311,304,304,297,297,290
1,311,11,311,311,300,300,289,289,278
1,311,13,311,311,298,298,285,285,272
1,311,17,311,311,294,294,277,277,260
1,311,19,311,311,292,292,273,273,254
1,312,2,312,312,310,310,308,308,306
1,312,3,312,312,309,309,306,306,303
1,312,5,312,312,307,307,302,302,297
1,312,7,312,312,305,305,298,298,291
1,312,11,312,312,301,301,290,290,279
1,312,13,312,312,299,299,286,286,273
1,312,17,312,312,295,295,278,278,261
1,312,19,312,312,293,293,274,274,255
1,313,2,313,313,311,311,309,309,307
1,313,3,313,313,310,310,307,307,304
1,313,5,313,313,308,308,303,303,298
1,313,7,313,313,306,306,299,299,292
1,313,11,313,313,302,302,291,291,280
1,313,13,313,313,300,300,287,287,274
1,313,17,313,313,296,296,279,279,262
1,313,19,313,313,294,294,275,275,256
1,314,2,314,314,312,312,310,310,308
1,314,3,314,314,311,311,308,308,305
1,314,5,314,314,309,309,304,304,299
1,314,7,314,314,307,307,300,300,293
1,314,11,314,314,303,303,292,292,281
1,314,13,314,314,301,301,288,288,275
1,314,17,314,314,297,297,280,280,263
1,314,19,314,314,295,295,276,276,257
1,315,2,315,315,313,313,311,311,309
1,315,3,315,315,312,312,309,309,306
1,315,5,315,315,310,310,305,305,300
1,315,7,315,315,308,308,301,301,294
1,315,11,315,315,304,304,293,293,282
1,315,13,315,315,302,302,289,289,276
1,315,17,315,315,298,298,281,281,264
1,315,19,315,315,296,296,277,277,258
1,316,2,316,316,314,314,312,312,310
1,316,3,316,316,313,313,310,310,307
1,316,5,316,316,311,311,306,306,301
1,316,7,316,316,309,309,302,302,295
1,316,11,316,316,305,305,294,294,283
1,316,13,316,316,303,303,290,290,277
1,316,17,316,316,299,299,282,282,265
1,316,19,316,316,297,297,278,278,259
1,317,2,317,317,315,315,313,313,311
1,317,3,317,317,314,314,311,311,308
1,317,5,317,317,312,312,307,307,302
1,317,7,317,317,310,310,303,303,296
1,317,11,317,317,306,306,295,295,284
1,317,13,317,317,304,304,291,291,278
1,317,17,317,317,300,300,283,283,266
1,317,19,317,317,298,298,279,279,260
1,318,2,318,318,316,316,314,314,312
1,318,3,318,318,315,315,312,312,309
1,318,5,318,318,313,313,308,308,303
1,318,7,318,318,311,311,304,304,297
1,318,11,318,318,307,307,296,296,285
1,318,13,318,318,305,305,292,292,279
1,318,17,318,318,301,301,284,284,267
1,318,19,318,318,299,299,280,280,261
1,319,2,319,319,317,317,315,315,313
1,319,3,319,319,316,316,313,313,310
1,319,5,319,319,314,314,309,309,304
1,319,7,319,319,312,312,305,305,298
1,319,11,319,319,308,308,297,297,286
1,319,13,319,319,306,306,293,293,280
1,319,17,319,319,302,302,285,285,268
1,319,19,319,319,300,300,281,281,262
1,320,2,320,320,318,318,316,316,314
1,320,3,320,320,317,317,314,314,311
1,320,5,320,320,315,315,310,310,305
1,320,7,320,320,313,313,306,306,299
1,320,11,320,320,309,309,298,298,287
1,320,13,320,320,307,307,294,294,281
1,320,17,320,320,303,303,286,286,269
1,320,19,320,320,301,301,282,282,263
1,321,2,321,321,319,319,317,317,315
1,321,3,321,321,318,318,315,315,312
1,321,5,321,321,316,316,311,311,306
1,321,7,321,321,314,314,307,307,300
1,321,11,321,321,310,310,299,299,288
1,321,13,321,321,308,308,295,295,282
1,321,17,321,321,304,304,287,287,270
1,321,19,321,321,302,302,283,283,264
1,322,2,322,322,320,320,318,318,316
1,322,3,322,322,319,319,316,316,313
1,322,5,322,322,317,317,312,312,307
1,322,7,322,322,315,315,308,308,301
1,322,11,322,322,311,311,300,300,289
1,322,13,322,322,309,309,296,296,283
1,322,17,322,322,305,305,288,288,271
1,322,19,322,322,303,303,284,284,265
1,323,2,323,323,321,321,319,319,317
1,323,3,323,323,320,320,317,317,314
1,323,5,323,323,318,318,313,313,308
1,323,7,323,323,316,316,309,309,302
1,323,11,323,323,312,312,301,301,290
1,323,13,323,323,310,310,297,297,284
1,323,17,323,323,306,306,289,289,272
1,323,19,323,323,304,304,285,285,266
1,324,2,324,324,322,322,320,320,318
1,324,3,324,324,321,321,318,318,315
1,324,5,324,324,319,319,314,314,309
1,324,7,324,324,317,317,310,310,303
1,324,11,324,324,313,313,302,302,291
1,324,13,324,324,311,311,298,298,285
1,324,17,324,324,307,307,290,290,273
1,324,19,324,324,305,305,286,286,267
1,325,2,325,325,323,323,321,321,319
1,325,3,325,325,322,322,319,319,316
1,325,5,325,325,320,320,315,315,310
1,325,7,325,325,318,318,311,311,304
1,325,11,325,325,314,314,303,303,292
1,325,13,325,325,312,312,299,299,286
1,325,17,325,325,308,308,291,291,274
1,325,19,325,325,306,306,287,287,268
1,326,2,326,326,324,324,322,322,320
1,326,3,326,326,323,323,320,320,317
1,326,5,326,326,321,321,316,316,311
1,326,7,326,326,319,319,312,312,305
1,326,11,326,326,315,315,304,304,293
1,326,13,326,326,313,313,300,300,287
1,326,17,326,326,309,309,292,292,275
1,326,19,326,326,307,307,288,288,269
1,327,2,327,327,325,325,323,323,321
1,327,3,327,327,324,324,321,321,318
1,327,5,327,327,322,322,317,317,312
1,327,7,327,327,320,320,313,313,306
1,327,11,327,327,316,316,305,305,294
1,327,13,327,327,314,314,301,301,288
1,327,17,327,327,310,310,293,293,276
1,327,19,327,327,308,308,289,289,270
1,328,2,328,328,326,326,324,324,322
1,328,3,328,328,325,325,322,322,319
1,328,5,328,328,323,323,318,318,313
1,328,7,328,328,321,321,314,314,307
1,328,11,328,328,317,317,306,306,295
1,328,13,328,328,315,315,302,302,289
1,328,17,328,328,311,311,294,294,277
1,328,19,328,328,309,309,290,290,271
1,329,2,329,329,327,327,325,325,323
1,329,3,329,329,326,326,323,323,320
1,329,5,329,329,324,324,319,319,314
1,329,7,329,329,322,322,315,315,308
1,329,11,329,329,318,318,307,307,296
1,329,13,329,329,316,316,303,303,290
1,329,17,329,329,312,312,295,295,278
1,329,19,329,329,310,310,291,291,272
1,330,2,330,330,328,328,326,326,324
1,330,3,330,330,327,327,324,324,321
1,330,5,330,330,325,325,320,320,315
1,330,7,330,330,323,323,316,316,309
1,330,11,330,330,319,319,308,308,297
1,330,13,330,330,317,317,304,304,291
1,330,17,330,330,313,313,296,296,279
1,330,19,330,330,311,311,292,292,273
1,331,2,331,331,329,329,327,327,325
1,331,3,331,331,328,328,325,325,322
1,331,5,331,331,326,326,321,321,316
1,331,7,331,331,324,324,317,317,310
1,331,11,331,331,320,320,309,309,298
1,331,13,331,331,318,318,305,305,292
1,331,17,331,331,314,314,297,297,280
1,331,19,331,331,312,312,293,293,274
1,332,2,332,332,330,330,328,328,326
1,332,3,332,332,329,329,326,326,323
1,332,5,332,332,327,327,322,322,317
1,332,7,332,332,325,325,318,318,311
1,332,11,332,332,321,321,310,310,299
1,332,13,332,332,319,319,306,306,293
1,332,17,332,332,315,315,298,298,281
1,332,19,332,332,313,313,294,294,275
1,333,2,333,333,331,331,329,329,327
1,333,3,333,333,330,330,327,327,324
1,333,5,333,333,328,328,323,323,318
1,333,7,333,333,326,326,319,319,312
1,333,11,333,333,322,322,311,311,300
1,333,13,333,333,320,320,307,307,294
1,333,17,333,333,316,316,299,299,282
1,333,19,333,333,314,314,295,295,276
1,334,2,334,334,332,332,330,330,328
1,334,3,334,334,331,331,328,328,325
1,334,5,334,334,329,329,324,324,319
1,334,7,334,334,327,327,320,320,313
1,334,11,334,334,323,323,312,312,301
1,334,13,334,334,321,321,308,308,295
1,334,17,334,334,317,317,300,300,283
1,334,19,334,334,315,315,296,296,277
1,335,2,335,335,333,333,331,331,329
1,335,3,335,335,332,332,329,329,326
1,335,5,335,335,330,330,325,325,320
1,335,7,335,335,328,328,321,321,314
1,335,11,335,335,324,324,313,313,302
1,335,13,335,335,322,322,309,309,296
1,335,17,335,335,318,318,301,301,284
1,335,19,335,335,316,316,297,297,278
1,336,2,336,336,334,334,332,332,330
1,336,3,336,336,333,333,330,330,327
1,336,5,336,336,331,331,326,326,321
1,336,7,336,336,329,329,322,322,315
1,336,11,336,336,325,325,314,314,303
1,336,13,336,336,323,323,310,310,297
1,336,17,336,336,319,319,302,302,285
1,336,19,336,336,317,317,298,298,279
1,337,2,337,337,335,335,333,333,331
1,337,3,337,337,334,334,331,331,328
1,337,5,337,337,332,332,327,327,322
1,337,7,337,337,330,330,323,323,316
1,337,11,337,337,326,326,315,315,304
1,337,13,337,337,324,324,311,311,298
1,337,17,337,337,320,320,303,303,286
1,337,19,337,337,318,318,299,299,280
1,338,2,338,338,336,336,334,334,332
1,338,3,338,338,335,335,332,332,329
1,338,5,338,338,333,333,328,328,323
1,338,7,338,338,331,331,324,324,317
1,338,11,338,338,327,327,316,316,305
1,338,13,338,338,325,325,312,312,299
1,338,17,338,338,321,321,304,304,287
1,338,19,338,338,319,319,300,300,281
1,339,2,339,339,337,337,335,335,333
1,339,3,339,339,336,336,333,333,330
1,339,5,339,339,334,334,329,329,324
1,339,7,339,339,332,332,325,325,318
1,339,11,339,339,328,328,317,317,306
1,339,13,339,339,326,326,313,313,300
1,339,17,339,339,322,322,305,305,288
1,339,19,339,339,320,320,301,301,282
1,340,2,340,340,338,338,336,336,334
1,340,3,340,340,337,337,334,334,331
1,340,5,340,340,335,335,330,330,325
1,340,7,340,340,333,333,326,326,319
1,340,11,340,340,329,329,318,318,307
1,340,13,340,340,327,327,314,314,301
1,340,17,340,340,323,323,306,306,289
1,340,19,340,340,321,321,302,302,283
1,341,2,341,341,339,339,337,337,335
1,341,3,341,341,338,338,335,335,332
1,341,5,341,341,336,336,331,331,326
1,341,7,341,341,334,334,327,327,320
1,341,11,341,341,330,330,319,319,308
1,341,13,341,341,328,328,315,315,302
1,341,17,341,341,324,324,307,307,290
1,341,19,341,341,322,322,303,303,284
1,342,2,342,342,340,340,338,338,336
1,342,3,342,342,339,339,336,336,333
1,342,5,342,342,337,337,332,332,327
1,342,7,342,342,335,335,328,328,321
1,342,11,342,342,331,331,320,320,309
1,342,13,342,342,329,329,316,316,303
1,342,17,342,342,325,325,308,308,291
1,342,19,342,342,323,323,304,304,285
1,343,2,343,343,341,341,339,339,337
1,343,3,343,343,340,340,337,337,334
1,343,5,343,343,338,338,333,333,328
1,343,7,343,343,336,336,329,329,322
1,343,11,343,343,332,332,321,321,310
1,343,13,343,343,330,330,317,317,304
1,343,17,343,343,326,326,309,309,292
1,343,19,343,343,324,324,305,305,286
1,344,2,344,344,342,342,340,340,338
1,344,3,344,344,341,341,338,338,335
1,344,5,344,344,339,339,334,334,329
1,344,7,344,344,337,337,330,330,323
1,344,11,344,344,333,333,322,322,311
1,344,13,344,344,331,331,318,318,305
1,344,17,344,344,327,327,310,310,293
1,344,19,344,344,325,325,306,306,287
1,345,2,345,345,343,343,341,341,339
1,345,3,345,345,342,342,339,339,336
1,345,5,345,345,340,340,335,335,330
1,345,7,345,345,338,338,331,331,324
1,345,11,345,345,334,334,323,323,312
1,345,13,345,345,332,332,319,319,306
1,345,17,345,345,328,328,311,311,294
1,345,19,345,345,326,326,307,307,288
1,346,2,346,346,344,344,342,342,340
1,346,3,346,346,343,343,340,340,337
1,346,5,346,346,341,341,336,336,331
1,346,7,346,346,339,339,332,332,325
1,346,11,346,346,335,335,324,324,313
1,346,13,346,346,333,333,320,320,307
1,346,17,346,346,329,329,312,312,295
1,346,19,346,346,327,327,308,308,289
1,347,2,347,347,345,345,343,343,341
1,347,3,347,347,344,344,341,341,338
1,347,5,347,347,342,342,337,337,332
1,347,7,347,347,340,340,333,333,326
1,347,11,347,347,336,336,325,325,314
1,347,13,347,347,334,334,321,321,308
1,347,17,347,347,330,330,313,313,296
1,347,19,347,347,328,328,309,309,290
1,348,2,348,348,346,346,344,344,342
1,348,3,348,348,345,345,342,342,339
1,348,5,348,348,343,343,338,338,333
1,348,7,348,348,341,341,334,334,327
1,348,11,348,348,337,337,326,326,315
1,348,13,348,348,335,335,322,322,309
1,348,17,348,348,331,331,314,314,297
1,348,19,348,348,329,329,310,310,291
1,349,2,349,349,347,347,345,345,343
1,349,3,349,349,346,346,343,343,340
1,349,5,349,349,344,344,339,339,334
1,349,7,349,349,342,342,335,335,328
1,349,11,349,349,338,338,327,327,316
1,349,13,349,349,336,336,323,323,310
1,349,17,349,349,332,332,315,315,298
1,349,19,349,349,330,330,311,311,292
1,350,2,350,350,348,348,346,346,344
1,350,3,350,350,347,347,344,344,341
1,350,5,350,350,345,345,340,340,335
1,350,7,350,350,343,343,336,336,329
1,350,11,350,350,339,339,328,328,317
1,350,13,350,350,337,337,324,324,311
1,350,17,350,350,333,333,316,316,299
1,350,19,350,350,331,331,312,312,293
1,351,2,351,351,349,349,347,347,345
1,351,3,351,351,348,348,345,345,342
1,351,5,351,351,346,346,341,341,336
1,351,7,351,351,344,344,337,337,330
1,351,11,351,351,340,340,329,329,318
1,351,13,351,351,338,338,325,325,312
1,351,17,351,351,334,334,317,317,300
1,351,19,351,351,332,332,313,313,294
1,352,2,352,352,350,350,348,348,346
1,352,3,352,352,349,349,346,346,343
1,352,5,352,352,347,347,342,342,337
1,352,7,352,352,345,345,338,338,331
1,352,11,352,352,341,341,330,330,319
1,352,13,352,352,339,339,326,326,313
1,352,17,352,352,335,335,318,318,301
1,352,19,352,352,333,333,314,314,295
1,353,2,353,353,351,351,349,349,347
1,353,3,353,353,350,350,347,347,344
1,353,5,353,353,348,348,343,343,338
1,353,7,353,353,346,346,339,339,332
1,353,11,353,353,342,342,331,331,320
1,353,13,353,353,340,340,327,327,314
1,353,17,353,353,336,336,319,319,302
1,353,19,353,353,334,334,315,315,296
1,354,2,354,354,352,352,350,350,348
1,354,3,354,354,351,351,348,348,345
1,354,5,354,354,349,349,344,344,339
1,354,7,354,354,347,347,340,340,333
1,354,11,354,354,343,343,332,332,321
1,354,13,354,354,341,341,328,328,315
1,354,17,354,354,337,337,320,320,303
1,354,19,354,354,335,335,316,316,297
1,355,2,355,355,353,353,351,351,349
1,355,3,355,355,352,352,349,349,346
1,355,5,355,355,350,350,345,345,340
1,355,7,355,355,348,348,341,341,334
1,355,11,355,355,344,344,333,333,322
1,355,13,355,355,342,342,329,329,316
1,355,17,355,355,338,338,321,321,304
1,355,19,355,355,336,336,317,317,298
1,356,2,356,356,354,354,352,352,350
1,356,3,356,356,353,353,350,350,347
1,356,5,356,356,351,351,346,346,341
1,356,7,356,356,349,349,342,342,335
1,356,11,356,356,345,345,334,334,323
1,356,13,356,356,343,343,330,330,317
1,356,17,356,356,339,339,322,322,305
1,356,19,356,356,337,337,318,318,299
1,357,2,357,357,355,355,353,353,351
1,357,3,357,357,354,354,351,351,348
1,357,5,357,357,352,352,347,347,342
1,357,7,357,357,350,350,343,343,336
1,357,11,357,357,346,346,335,335,324
1,357,13,357,357,344,344,331,331,318
1,357,17,357,357,340,340,323,323,306
1,357,19,357,357,338,338,319,319,300
1,358,2,358,358,356,356,354,354,352
1,358,3,358,358,355,355,352,352,349
1,358,5,358,358,353,353,348,348,343
1,358,7,358,358,351,351,344,344,337
1,358,11,358,358,347,347,336,336,325
1,358,13,358,358,345,345,332,332,319
1,358,17,358,358,341,341,324,324,307
1,358,19,358,358,339,339,320,320,301
1,359,2,359,359,357,357,355,355,353
1,359,3,359,359,356,356,353,353,350
1,359,5,359,359,354,354,349,349,344
1,359,7,359,359,352,352,345,345,338
1,359,11,359,359,348,348,337,337,326
1,359,13,359,359,346,346,333,333,320
1,359,17,359,359,342,342,325,325,308
1,359,19,359,359,340,340,321,321,302
1,360,2,360,360,358,358,356,356,354
1,360,3,360,360,357,357,354,354,351
1,360,5,360,360,355,355,350,350,345
1,360,7,360,360,353,353,346,346,339
1,360,11,360,360,349,349,338,338,327
1,360,13,360,360,347,347,334,334,321
1,360,17,360,360,343,343,326,326,309
1,360,19,360,360,341,341,322,322,303
1,361,2,361,361,359,359,357,357,355
1,361,3,361,361,358,358,355,355,352
1,361,5,361,361,356,356,351,351,346
1,361,7,361,361,354,354,347,347,340
1,361,11,361,361,350,350,339,339,328
1,361,13,361,361,348,348,335,335,322
1,361,17,361,361,344,344,327,327,310
1,361,19,361,361,342,342,323,323,304
1,362,2,362,362,360,360,358,358,356
1,362,3,362,362,359,359,356,356,353
1,362,5,362,362,357,357,352,352,347
1,362,7,362,362,355,355,348,348,341
1,362,11,362,362,351,351,340,340,329
1,362,13,362,362,349,349,336,336,323
1,362,17,362,362,345,345,328,328,311
1,362,19,362,362,343,343,324,324,305
1,363,2,363,363,361,361,359,359,357
1,363,3,363,363,360,360,357,357,354
1,363,5,363,363,358,358,353,353,348
1,363,7,363,363,356,356,349,349,342
1,363,11,363,363,352,352,341,341,330
1,363,13,363,363,350,350,337,337,324
1,363,17,363,363,346,346,329,329,312
1,363,19,363,363,344,344,325,325,306
1,364,2,364,364,362,362,360,360,358
1,364,3,364,364,361,361,358,358,355
1,364,5,364,364,359,359,354,354,349
1,364,7,364,364,357,357,350,350,343
1,364,11,364,364,353,353,342,342,331
1,364,13,364,364,351,351,338,338,325
1,364,17,364,364,347,347,330,330,313
1,364,19,364,364,345,345,326,326,307
1,365,2,365,365,363,363,361,361,359
1,365,3,365,365,362,362,359,359,356
1,365,5,365,365,360,360,355,355,350
1,365,7,365,365,358,358,351,351,344
1,365,11,365,365,354,354,343,343,332
1,365,13,365,365,352,352,339,339,326
1,365,17,365,365,348,348,331,331,314
1,365,19,365,365,346,346,327,327,308
1,366,2,366,366,364,364,362,362,360
1,366,3,366,366,363,363,360,360,357
1,366,5,366,366,361,361,356,356,351
1,366,7,366,366,359,359,352,352,345
1,366,11,366,366,355,355,344,344,333
1,366,13,366,366,353,353,340,340,327
1,366,17,366,366,349,349,332,332,315
1,366,19,366,366,347,347,328,328,309
1,367,2,367,367,365,365,363,363,361
1,367,3,367,367,364,364,361,361,358
1,367,5,367,367,362,362,357,357,352
1,367,7,367,367,360,360,353,353,346
1,367,11,367,367,356,356,345,345,334
1,367,13,367,367,354,354,341,341,328
1,367,17,367,367,350,350,333,333,316
1,367,19,367,367,348,348,329,329,310
1,368,2,368,368,366,366,364,364,362
1,368,3,368,368,365,365,362,362,359
1,368,5,368,368,363,363,358,358,353
1,368,7,368,368,361,361,354,354,347
1,368,11,368,368,357,357,346,346,335
1,368,13,368,368,355,355,342,342,329
1,368,17,368,368,351,351,334,334,317
1,368,19,368,368,349,349,330,330,311
1,369,2,369,369,367,367,365,365,363
1,369,3,369,369,366,366,363,363,360
1,369,5,369,369,364,364,359,359,354
1,369,7,369,369,362,362,355,355,348
1,369,11,369,369,358,358,347,347,336
1,369,13,369,369,356,356,343,343,330
1,369,17,369,369,352,352,335,335,318
1,369,19,369,369,350,350,331,331,312
1,370,2,370,370,368,368,366,366,364
1,370,3,370,370,367,367,364,364,361
1,370,5,370,370,365,365,360,360,355
1,370,7,370,370,363,363,356,356,349
1,370,11,370,370,359,359,348,348,337
1,370,13,370,370,357,357,344,344,331
1,370,17,370,370,353,353,336,336,319
1,370,19,370,370,351,351,332,332,313
1,371,2,371,371,369,369,367,367,365
1,371,3,371,371,368,368,365,365,362
1,371,5,371,371,366,366,361,361,356
1,371,7,371,371,364,364,357,357,350
1,371,11,371,371,360,360,349,349,338
1,371,13,371,371,358,358,345,345,332
1,371,17,371,371,354,354,337,337,320
1,371,19,371,371,352,352,333,333,314
1,372,2,372,372,370,370,368,368,366
1,372,3,372,372,369,369,366,366,363
1,372,5,372,372,367,367,362,362,357
1,372,7,372,372,365,365,358,358,351
1,372,11,372,372,361,361,350,350,339
1,372,13,372,372,359,359,346,346,333
1,372,17,372,372,355,355,338,338,321
1,372,19,372,372,353,353,334,334,315
1,373,2,373,373,371,371,369,369,367
1,373,3,373,373,370,370,367,367,364
1,373,5,373,373,368,368,363,363,358
1,373,7,373,373,366,366,359,359,352
1,373,11,373,373,362,362,351,351,340
1,373,13,373,373,360,360,347,347,334
1,373,17,373,373,356,356,339,339,322
1,373,19,373,373,354,354,335,335,316
1,374,2,374,374,372,372,370,370,368
1,374,3,374,374,371,371,368,368,365
1,374,5,374,374,369,369,364,364,359
1,374,7,374,374,367,367,360,360,353
1,374,11,374,374,363,363,352,352,341
1,374,13,374,374,361,361,348,348,335
1,374,17,374,374,357,357,340,340,323
1,374,19,374,374,355,355,336,336,317
1,375,2,375,375,373,373,371,371,369
1,375,3,375,375,372,372,369,369,366
1,375,5,375,375,370,370,365,365,360
1,375,7,375,375,368,368,361,361,354
1,375,11,375,375,364,364,353,353,342
1,375,13,375,375,362,362,349,349,336
1,375,17,375,375,358,358,341,341,324
1,375,19,375,375,356,356,337,337,318
1,376,2,376,376,374,374,372,372,370
1,376,3,376,376,373,373,370,370,367
1,376,5,376,376,371,371,366,366,361
1,376,7,376,376,369,369,362,362,355
1,376,11,376,376,365,365,354,354,343
1,376,13,376,376,363,363,350,350,337
1,376,17,376,376,359,359,342,342,325
1,376,19,376,376,357,357,338,338,319
1,377,2,377,377,375,375,373,373,371
1,377,3,377,377,374,374,371,371,368
1,377,5,377,377,372,372,367,367,362
1,377,7,377,377,370,370,363,363,356
1,377,11,377,377,366,366,355,355,344
1,377,13,377,377,364,364,351,351,338
1,377,17,377,377,360,360,343,343,326
1,377,19,377,377,358,358,339,339,320
1,378,2,378,378,376,376,374,374,372
1,378,3,378,378,375,375,372,372,369
1,378,5,378,378,373,373,368,368,363
1,378,7,378,378,371,371,364,364,357
1,378,11,378,378,367,367,356,356,345
1,378,13,378,378,365,365,352,352,339
1,378,17,378,378,361,361,344,344,327
1,378,19,378,378,359,359,340,340,321
1,379,2,379,379,377,377,375,375,373
1,379,3,379,379,376,376,373,373,370
1,379,5,379,379,374,374,369,369,364
1,379,7,379,379,372,372,365,365,358
1,379,11,379,379,368,368,357,357,346
1,379,13,379,379,366,366,353,353,340
1,379,17,379,379,362,362,345,345,328
1,379,19,379,379,360,360,341,341,322
1,380,2,380,380,378,378,376,376,374
1,380,3,380,380,377,377,374,374,371
1,380,5,380,380,375,375,370,370,365
1,380,7,380,380,373,373,366,366,359
1,380,11,380,380,369,369,358,358,347
1,380,13,380,380,367,367,354,354,341
1,380,17,380,380,363,363,346,346,329
1,380,19,380,380,361,361,342,342,323
1,381,2,381,381,379,379,377,377,375
1,381,3,381,381,378,378,375,375,372
1,381,5,381,381,376,376,371,371,366
1,381,7,381,381,374,374,367,367,360
1,381,11,381,381,370,370,359,359,348
1,381,13,381,381,368,368,355,355,342
1,381,17,381,381,364,364,347,347,330
1,381,19,381,381,362,362,343,343,324
1,382,2,382,382,380,380,378,378,376
1,382,3,382,382,379,379,376,376,373
1,382,5,382,382,377,377,372,372,367
1,382,7,382,382,375,375,368,368,361
1,382,11,382,382,371,371,360,360,349
1,382,13,382,382,369,369,356,356,343
1,382,17,382,382,365,365,348,348,331
1,382,19,382,382,363,363,344,344,325
1,383,2,383,383,381,381,379,379,377
1,383,3,383,383,380,380,377,377,374
1,383,5,383,383,378,378,373,373,368
1,383,7,383,383,376,376,369,369,362
1,383,11,383,383,372,372,361,361,350
1,383,13,383,383,370,370,357,357,344
1,383,17,383,383,366,366,349,349,332
1,383,19,383,383,364,364,345,345,326
1,384,2,384,384,382,382,380,380,378
1,384,3,384,384,381,381,378,378,375
1,384,5,384,384,379,379,374,374,369
1,384,7,384,384,377,377,370,370,363
1,384,11,384,384,373,373,362,362,351
1,384,13,384,384,371,371,358,358,345
1,384,17,384,384,367,367,350,350,333
1,384,19,384,384,365,365,346,346,327
1,385,2,385,385,383,383,381,381,379
1,385,3,385,385,382,382,379,379,376
1,385,5,385,385,380,380,375,375,370
1,385,7,385,385,378,378,371,371,364
1,385,11,385,385,374,374,363,363,352
1,385,13,385,385,372,372,359,359,346
1,385,17,385,385,368,368,351,351,334
1,385,19,385,385,366,366,347,347,328
1,386,2,386,386,384,384,382,382,380
1,386,3,386,386,383,383,380,380,377
1,386,5,386,386,381,381,376,376,371
1,386,7,386,386,379,379,372,372,365
1,386,11,386,386,375,375,364,364,353
1,386,13,386,386,373,373,360,360,347
1,386,17,386,386,369,369,352,352,335
1,386,19,386,386,367,367,348,348,329
1,387,2,387,387,385,385,383,383,381
1,387,3,387,387,384,384,381,381,378
1,387,5,387,387,382,382,377,377,372
1,387,7,387,387,380,380,373,373,366
1,387,11,387,387,376,376,365,365,354
1,387,13,387,387,374,374,361,361,348
1,387,17,387,387,370,370,353,353,336
1,387,19,387,387,368,368,349,349,330
1,388,2,388,388,386,386,384,384,382
1,388,3,388,388,385,385,382,382,379
1,388,5,388,388,383,383,378,378,373
1,388,7,388,388,381,381,374,374,367
1,388,11,388,388,377,377,366,366,355
1,388,13,388,388,375,375,362,362,349
1,388,17,388,388,371,371,354,354,337
1,388,19,388,388,369,369,350,350,331
1,389,2,389,389,387,387,385,385,383
1,389,3,389,389,386,386,383,383,380
1,389,5,389,389,384,384,379,379,374
1,389,7,389,389,382,382,375,375,368
1,389,11,389,389,378,378,367,367,356
1,389,13,389,389,376,376,363,363,350
1,389,17,389,389,372,372,355,355,338
1,389,19,389,389,370,370,351,351,332
1,390,2,390,390,388,388,386,386,384
1,390,3,390,390,387,387,384,384,381
1,390,5,390,390,385,385,380,380,375
1,390,7,390,390,383,383,376,376,369
1,390,11,390,390,379,379,368,368,357
1,390,13,390,390,377,377,364,364,351
1,390,17,390,390,373,373,356,356,339
1,390,19,390,390,371,371,352,352,333
1,391,2,391,391,389,389,387,387,385
1,391,3,391,391,388,388,385,385,382
1,391,5,391,391,386,386,381,381,376
1,391,7,391,391,384,384,377,377,370
1,391,11,391,391,380,380,369,369,358
1,391,13,391,391,378,378,365,365,352
1,391,17,391,391,374,374,357,357,340
1,391,19,391,391,372,372,353,353,334
1,392,2,392,392,390,390,388,388,386
1,392,3,392,392,389,389,386,386,383
1,392,5,392,392,387,387,382,382,377
1,392,7,392,392,385,385,378,378,371
1,392,11,392,392,381,381,370,370,359
1,392,13,392,392,379,379,366,366,353
1,392,17,392,392,375,375,358,358,341
1,392,19,392,392,373,373,354,354,335
1,393,2,393,393,391,391,389,389,387
1,393,3,393,393,390,390,387,387,384
1,393,5,393,393,388,388,383,383,378
1,393,7,393,393,386,386,379,379,372
1,393,11,393,393,382,382,371,371,360
1,393,13,393,393,380,380,367,367,354
1,393,17,393,393,376,376,359,359,342
1,393,19,393,393,374,374,355,355,336
1,394,2,394,394,392,392,390,390,388
1,394,3,394,394,391,391,388,388,385
1,394,5,394,394,389,389,384,384,379
1,394,7,394,394,387,387,380,380,373
1,394,11,394,394,383,383,372,372,361
1,394,13,394,394,381,381,368,368,355
1,394,17,394,394,377,377,360,360,343
1,394,19,394,394,375,375,356,356,337
1,395,2,395,395,393,393,391,391,389
1,395,3,395,395,392,392,389,389,386
1,395,5,395,395,390,390,385,385,380
1,395,7,395,395,388,388,381,381,374
1,395,11,395,395,384,384,373,373,362
1,395,13,395,395,382,382,369,369,356
1,395,17,395,395,378,378,361,361,344
1,395,19,395,395,376,376,357,357,338
1,396,2,396,396,394,394,392,392,390
1,396,3,396,396,393,393,390,390,387
1,396,5,396,396,391,391,386,386,381
1,396,7,396,396,389,389,382,382,375
1,396,11,396,396,385,385,374,374,363
1,396,13,396,396,383,383,370,370,357
1,396,17,396,396,379,379,362,362,345
1,396,19,396,396,377,377,358,358,339
1,397,2,397,397,395,395,393,393,391
1,397,3,397,397,394,394,391,391,388
1,397,5,397,397,392,392,387,387,382
1,397,7,397,397,390,390,383,383,376
1,397,11,397,397,386,386,375,375,364
1,397,13,397,397,384,384,371,371,358
1,397,17,397,397,380,380,363,363,346
1,397,19,397,397,378,378,359,359,340
1,398,2,398,398,396,396,394,394,392
1,398,3,398,398,395,395,392,392,389
1,398,5,398,398,393,393,388,388,383
1,398,7,398,398,391,391,384,384,377
1,398,11,398,398,387,387,376,376,365
1,398,13,398,398,385,385,372,372,359
1,398,17,398,398,381,381,364,364,347
1,398,19,398,398,379,379,360,360,341
1,399,2,399,399,397,397,395,395,393
1,399,3,399,399,396,396,393,393,390
1,399,5,399,399,394,394,389,389,384
1,399,7,399,399,392,392,385,385,378
1,399,11,399,399,388,388,377,377,366
1,399,13,399,399,386,386,373,373,360
1,399,17,399,399,382,382,365,365,348
1,399,19,399,399,380,380,361,361,342
1,400,2,400,400,398,398,396,396,394
1,400,3,400,400,397,397,394,394,391
1,400,5,400,400,395,395,390,390,385
1,400,7,400,400,393,393,386,386,379
1,400,11,400,400,389,389,378,378,367
1,400,13,400,400,387,387,374,374,361
1,400,17,400,400,383,383,366,366,349
1,400,19,400,400,381,381,362,362,343
1,401,2,401,401,399,399,397,397,395
1,401,3,401,401,398,398,395,395,392
1,401,5,401,401,396,396,391,391,386
1,401,7,401,401,394,394,387,387,380
1,401,11,401,401,390,390,379,379,368
1,401,13,401,401,388,388,375,375,362
1,401,17,401,401,384,384,367,367,350
1,401,19,401,401,382,382,363,363,344
1,402,2,402,402,400,400,398,398,396
1,402,3,402,402,399,399,396,396,393
1,402,5,402,402,397,397,392,392,387
1,402,7,402,402,395,395,388,388,381
1,402,11,402,402,391,391,380,380,369
1,402,13,402,402,389,389,376,376,363
1,402,17,402,402,385,385,368,368,351
1,402,19,402,402,383,383,364,364,345
1,403,2,403,403,401,401,399,399,397
1,403,3,403,403,400,400,397,397,394
1,403,5,403,403,398,398,393,393,388
1,403,7,403,403,396,396,389,389,382
1,403,11,403,403,392,392,381,381,370
1,403,13,403,403,390,390,377,377,364
1,403,17,403,403,386,386,369,369,352
1,403,19,403,403,384,384,365,365,346
1,404,2,404,404,402,402,400,400,398
1,404,3,404,404,401,401,398,398,395
1,404,5,404,404,399,399,394,394,389
1,404,7,404,404,397,397,390,390,383
1,404,11,404,404,393,393,382,382,371
1,404,13,404,404,391,391,378,378,365
1,404,17,404,404,387,387,370,370,353
1,404,19,404,404,385,385,366,366,347
1,405,2,405,405,403,403,401,401,399
1,405,3,405,405,402,402,399,399,396
1,405,5,405,405,400,400,395,395,390
1,405,7,405,405,398,398,391,391,384
1,405,11,405,405,394,394,383,383,372
1,405,13,405,405,392,392,379,379,366
1,405,17,405,405,388,388,371,371,354
1,405,19,405,405,386,386,367,367,348
1,406,2,406,406,404,404,402,402,400
1,406,3,406,406,403,403,400,400,397
1,406,5,406,406,401,401,396,396,391
1,406,7,406,406,399,399,392,392,385
1,406,11,406,406,395,395,384,384,373
1,406,13,406,406,393,393,380,380,367
1,406,17,406,406,389,389,372,372,355
1,406,19,406,406,387,387,368,368,349
1,407,2,407,407,405,405,403,403,401
1,407,3,407,407,404,404,401,401,398
1,407,5,407,407,402,402,397,397,392
1,407,7,407,407,400,400,393,393,386
1,407,11,407,407,396,396,385,385,374
1,407,13,407,407,394,394,381,381,368
1,407,17,407,407,390,390,373,373,356
1,407,19,407,407,388,388,369,369,350
1,408,2,408,408,406,406,404,404,402
1,408,3,408,408,405,405,402,402,399
1,408,5,408,408,403,403,398,398,393
1,408,7,408,408,401,401,394,394,387
1,408,11,408,408,397,397,386,386,375
1,408,13,408,408,395,395,382,382,369
1,408,17,408,408,391,391,374,374,357
1,408,19,408,408,389,389,370,370,351
1,409,2,409,409,407,407,405,405,403
1,409,3,409,409,406,406,403,403,400
1,409,5,409,409,404,404,399,399,394
1,409,7,409,409,402,402,395,395,388
1,409,11,409,409,398,398,387,387,376
1,409,13,409,409,396,396,383,383,370
1,409,17,409,409,392,392,375,375,358
1,409,19,409,409,390,390,371,371,352
1,410,2,410,410,408,408,406,406,404
1,410,3,410,410,407,407,404,404,401
1,410,5,410,410,405,405,400,400,395
1,410,7,410,410,403,403,396,396,389
1,410,11,410,410,399,399,388,388,377
1,410,13,410,410,397,397,384,384,371
1,410,17,410,410,393,393,376,376,359
1,410,19,410,410,391,391,372,372,353
1,411,2,411,411,409,409,407,407,405
1,411,3,411,411,408,408,405,405,402
1,411,5,411,411,406,406,401,401,396
1,411,7,411,411,404,404,397,397,390
1,411,11,411,411,400,400,389,389,378
1,411,13,411,411,398,398,385,385,372
1,411,17,411,411,394,394,377,377,360
1,411,19,411,411,392,392,373,373,354
1,412,2,412,412,410,410,408,408,406
1,412,3,412,412,409,409,406,406,403
1,412,5,412,412,407,407,402,402,397
1,412,7,412,412,405,405,398,398,391
1,412,11,412,412,401,401,390,390,379
1,412,13,412,412,399,399,386,386,373
1,412,17,412,412,395,395,378,378,361
1,412,19,412,412,393,393,374,374,355
1,413,2,413,413,411,411,409,409,407
1,413,3,413,413,410,410,407,407,404
1,413,5,413,413,408,408,403,403,398
1,413,7,413,413,406,406,399,399,392
1,413,11,413,413,402,402,391,391,380
1,413,13,413,413,400,400,387,387,374
1,413,17,413,413,396,396,379,379,362
1,413,19,413,413,394,394,375,375,356
1,414,2,414,414,412,412,410,410,408
1,414,3,414,414,411,411,408,408,405
1,414,5,414,414,409,409,404,404,399
1,414,7,414,414,407,407,400,400,393
1,414,11,414,414,403,403,392,392,381
1,414,13,414,414,401,401,388,388,375
1,414,17,414,414,397,397,380,380,363
1,414,19,414,414,395,395,376,376,357
1,415,2,415,415,413,413,411,411,409
1,415,3,415,415,412,412,409,409,406
1,415,5,415,415,410,410,405,405,400
1,415,7,415,415,408,408,401,401,394
1,415,11,415,415,404,404,393,393,382
1,415,13,415,415,402,402,389,389,376
1,415,17,415,415,398,398,381,381,364
1,415,19,415,415,396,396,377,377,358
1,416,2,416,416,414,414,412,412,410
1,416,3,416,416,413,413,410,410,407
1,416,5,416,416,411,411,406,406,401
1,416,7,416,416,409,409,402,402,395
1,416,11,416,416,405,405,394,394,383
1,416,13,416,416,403,403,390,390,377
1,416,17,416,416,399,399,382,382,365
1,416,19,416,416,397,397,378,378,359
1,417,2,417,417,415,415,413,413,411
1,417,3,417,417,414,414,411,411,408
1,417,5,417,417,412,412,407,407,402
1,417,7,417,417,410,410,403,403,396
1,417,11,417,417,406,406,395,395,384
1,417,13,417,417,404,404,391,391,378
1,417,17,417,417,400,400,383,383,366
1,417,19,417,417,398,398,379,379,360
1,418,2,418,418,416,416,414,414,412
1,418,3,418,418,415,415,412,412,409
1,418,5,418,418,413,413,408,408,403
1,418,7,418,418,411,411,404,404,397
1,418,11,418,418,407,407,396,396,385
1,418,13,418,418,405,405,392,392,379
1,418,17,418,418,401,401,384,384,367
1,418,19,418,418,399,399,380,380,361
1,419,2,419,419,417,417,415,415,413
1,419,3,419,419,416,416,413,413,410
1,419,5,419,419,414,414,409,409,404
1,419,7,419,419,412,412,405,405,398
1,419,11,419,419,408,408,397,397,386
1,419,13,419,419,406,406,393,393,380
1,419,17,419,419,402,402,385,385,368
1,419,19,419,419,400,400,381,381,362
1,420,2,420,420,418,418,416,416,414
1,420,3,420,420,417,417,414,414,411
1,420,5,420,420,415,415,410,410,405
1,420,7,420,420,413,413,406,406,399
1,420,11,420,420,409,409,398,398,387
1,420,13,420,420,407,407,394,394,381
1,420,17,420,420,403,403,386,386,369
1,420,19,420,420,401,401,382,382,363
1,421,2,421,421,419,419,417,417,415
1,421,3,421,421,418,418,415,415,412
1,421,5,421,421,416,416,411,411,406
1,421,7,421,421,414,414,407,407,400
1,421,11,421,421,410,410,399,399,388
1,421,13,421,421,408,408,395,395,382
1,421,17,421,421,404,404,387,387,370
1,421,19,421,421,402,402,383,383,364
1,422,2,422,422,420,420,418,418,416
1,422,3,422,422,419,419,416,416,413
1,422,5,422,422,417,417,412,412,407
1,422,7,422,422,415,415,408,408,401
1,422,11,422,422,411,411,400,400,389
1,422,13,422,422,409,409,396,396,383
1,422,17,422,422,405,405,388,388,371
1,422,19,422,422,403,403,384,384,365
1,423,2,423,423,421,421,419,419,417
1,423,3,423,423,420,420,417,417,414
1,423,5,423,423,418,418,413,413,408
1,423,7,423,423,416,416,409,409,402
1,423,11,423,423,412,412,401,401,390
1,423,13,423,423,410,410,397,397,384
1,423,17,423,423,406,406,389,389,372
1,423,19,423,423,404,404,385,385,366
1,424,2,424,424,422,422,420,420,418
1,424,3,424,424,421,421,418,418,415
1,424,5,424,424,419,419,414,414,409
1,424,7,424,424,417,417,410,410,403
1,424,11,424,424,413,413,402,402,391
1,424,13,424,424,411,411,398,398,385
1,424,17,424,424,407,407,390,390,373
1,424,19,424,424,405,405,386,386,367
1,425,2,425,425,423,423,421,421,419
1,425,3,425,425,422,422,419,419,416
1,425,5,425,425,420,420,415,415,410
1,425,7,425,425,418,418,411,411,404
1,425,11,425,425,414,414,403,403,392
1,425,13,425,425,412,412,399,399,386
1,425,17,425,425,408,408,391,391,374
1,425,19,425,425,406,406,387,387,368
1,426,2,426,426,424,424,422,422,420
1,426,3,426,426,423,423,420,420,417
1,426,5,426,426,421,421,416,416,411
1,426,7,426,426,419,419,412,412,405
1,426,11,426,426,415,415,404,404,393
1,426,13,426,426,413,413,400,400,387
1,426,17,426,426,409,409,392,392,375
1,426,19,426,426,407,407,388,388,369
1,427,2,427,427,425,425,423,423,421
1,427,3,427,427,424,424,421,421,418
1,427,5,427,427,422,422,417,417,412
1,427,7,427,427,420,420,413,413,406
1,427,11,427,427,416,416,405,405,394
1,427,13,427,427,414,414,401,401,388
1,427,17,427,427,410,410,393,393,376
1,427,19,427,427,408,408,389,389,370
1,428,2,428,428,426,426,424,424,422
1,428,3,428,428,425,425,422,422,419
1,428,5,428,428,423,423,418,418,413
1,428,7,428,428,421,421,414,414,407
1,428,11,428,428,417,417,406,406,395
1,428,13,428,428,415,415,402,402,389
1,428,17,428,428,411,411,394,394,377
1,428,19,428,428,409,409,390,390,371
1,429,2,429,429,427,427,425,425,423
1,429,3,429,429,426,426,423,423,420
1,429,5,429,429,424,424,419,419,414
1,429,7,429,429,422,422,415,415,408
1,429,11,429,429,418,418,407,407,396
1,429,13,429,429,416,416,403,403,390
1,429,17,429,429,412,412,395,395,378
1,429,19,429,429,410,410,391,391,372
1,430,2,430,430,428,428,426,426,424
1,430,3,430,430,427,427,424,424,421
1,430,5,430,430,425,425,420,420,415
1,430,7,430,430,423,423,416,416,409
1,430,11,430,430,419,419,408,408,397
1,430,13,430,430,417,417,404,404,391
1,430,17,430,430,413,413,396,396,379
1,430,19,430,430,411,411,392,392,373
1,431,2,431,431,429,429,427,427,425
1,431,3,431,431,428,428,425,425,422
1,431,5,431,431,426,426,421,421,416
1,431,7,431,431,424,424,417,417,410
1,431,11,431,431,420,420,409,409,398
1,431,13,431,431,418,418,405,405,392
1,431,17,431,431,414,414,397,397,380
1,431,19,431,431,412,412,393,393,374
1,432,2,432,432,430,430,428,428,426
1,432,3,432,432,429,429,426,426,423
1,432,5,432,432,427,427,422,422,417
1,432,7,432,432,425,425,418,418,411
1,432,11,432,432,421,421,410,410,399
1,432,13,432,432,419,419,406,406,393
1,432,17,432,432,415,415,398,398,381
1,432,19,432,432,413,413,394,394,375
1,433,2,433,433,431,431,429,429,427
1,433,3,433,433,430,430,427,427,424
1,433,5,433,433,428,428,423,423,418
1,433,7,433,433,426,426,419,419,412
1,433,11,433,433,422,422,411,411,400
1,433,13,433,433,420,420,407,407,394
1,433,17,433,433,416,416,399,399,382
1,433,19,433,433,414,414,395,395,376
1,434,2,434,434,432,432,430,430,428
1,434,3,434,434,431,431,428,428,425
1,434,5,434,434,429,429,424,424,419
1,434,7,434,434,427,427,420,420,413
1,434,11,434,434,423,423,412,412,401
1,434,13,434,434,421,421,408,408,395
1,434,17,434,434,417,417,400,400,383
1,434,19,434,434,415,415,396,396,377
1,435,2,435,435,433,433,431,431,429
1,435,3,435,435,432,432,429,429,426
1,435,5,435,435,430,430,425,425,420
1,435,7,435,435,428,428,421,421,414
1,435,11,435,435,424,424,413,413,402
1,435,13,435,435,422,422,409,409,396
1,435,17,435,435,418,418,401,401,384
1,435,19,435,435,416,416,397,397,378
1,436,2,436,436,434,434,432,432,430
1,436,3,436,436,433,433,430,430,427
1,436,5,436,436,431,431,426,426,421
1,436,7,436,436,429,429,422,422,415
1,436,11,436,436,425,425,414,414,403
1,436,13,436,436,423,423,410,410,397
1,436,17,436,436,419,419,402,402,385
1,436,19,436,436,417,417,398,398,379
1,437,2,437,437,435,435,433,433,431
1,437,3,437,437,434,434,431,431,428
1,437,5,437,437,432,432,427,427,422
1,437,7,437,437,430,430,423,423,416
1,437,11,437,437,426,426,415,415,404
1,437,13,437,437,424,424,411,411,398
1,437,17,437,437,420,420,403,403,386
1,437,19,437,437,418,418,399,399,380
1,438,2,438,438,436,436,434,434,432
1,438,3,438,438,435,435,432,432,429
1,438,5,438,438,433,433,428,428,423
1,438,7,438,438,431,431,424,424,417
1,438,11,438,438,427,427,416,416,405
1,438,13,438,438,425,425,412,412,399
1,438,17,438,438,421,421,404,404,387
1,438,19,438,438,419,419,400,400,381
1,439,2,439,439,437,437,435,435,433
1,439,3,439,439,436,436,433,433,430
1,439,5,439,439,434,434,429,429,424
1,439,7,439,439,432,432,425,425,418
1,439,11,439,439,428,428,417,417,406
1,439,13,439,439,426,426,413,413,400
1,439,17,439,439,422,422,405,405,388
1,439,19,439,439,420,420,401,401,382
1,440,2,440,440,438,438,436,436,434
1,440,3,440,440,437,437,434,434,431
1,440,5,440,440,435,435,430,430,425
1,440,7,440,440,433,433,426,426,419
1,440,11,440,440,429,429,418,418,407
1,440,13,440,440,427,427,414,414,401
1,440,17,440,440,423,423,406,406,389
1,440,19,440,440,421,421,402,402,383
1,441,2,441,441,439,439,437,437,435
1,441,3,441,441,438,438,435,435,432
1,441,5,441,441,436,436,431,431,426
1,441,7,441,441,434,434,427,427,420
1,441,11,441,441,430,430,419,419,408
1,441,13,441,441,428,428,415,415,402
1,441,17,441,441,424,424,407,407,390
1,441,19,441,441,422,422,403,403,384
1,442,2,442,442,440,440,438,438,436
1,442,3,442,442,439,439,436,436,433
1,442,5,442,442,437,437,432,432,427
1,442,7,442,442,435,435,428,428,421
1,442,11,442,442,431,431,420,420,409
1,442,13,442,442,429,429,416,416,403
1,442,17,442,442,425,425,408,408,391
1,442,19,442,442,423,423,404,404,385
1,443,2,443,443,441,441,439,439,437
1,443,3,443,443,440,440,437,437,434
1,443,5,443,443,438,438,433,433,428
1,443,7,443,443,436,436,429,429,422
1,443,11,443,443,432,432,421,421,410
1,443,13,443,443,430,430,417,417,404
1,443,17,443,443,426,426,409,409,392
1,443,19,443,443,424,424,405,405,386
1,444,2,444,444,442,442,440,440,438
1,444,3,444,444,441,441,438,438,435
1,444,5,444,444,439,439,434,434,429
1,444,7,444,444,437,437,430,430,423
1,444,11,444,444,433,433,422,422,411
1,444,13,444,444,431,431,418,418,405
1,444,17,444,444,427,427,410,410,393
1,444,19,444,444,425,425,406,406,387
1,445,2,445,445,443,443,441,441,439
1,445,3,445,445,442,442,439,439,436
1,445,5,445,445,440,440,435,435,430
1,445,7,445,445,438,438,431,431,424
1,445,11,445,445,434,434,423,423,412
1,445,13,445,445,432,432,419,419,406
1,445,17,445,445,428,428,411,411,394
1,445,19,445,445,426,426,407,407,388
1,446,2,446,446,444,444,442,442,440
1,446,3,446,446,443,443,440,440,437
1,446,5,446,446,441,441,436,436,431
1,446,7,446,446,439,439,432,432,425
1,446,11,446,446,435,435,424,424,413
1,446,13,446,446,433,433,420,420,407
1,446,17,446,446,429,429,412,412,395
1,446,19,446,446,427,427,408,408,389
1,447,2,447,447,445,445,443,443,441
1,447,3,447,447,444,444,441,441,438
1,447,5,447,447,442,442,437,437,432
1,447,7,447,447,440,440,433,433,426
1,447,11,447,447,436,436,425,425,414
1,447,13,447,447,434,434,421,421,408
1,447,17,447,447,430,430,413,413,396
1,447,19,447,447,428,428,409,409,390
1,448,2,448,448,446,446,444,444,442
1,448,3,448,448,445,445,442,442,439
1,448,5,448,448,443,443,438,438,433
1,448,7,448,448,441,441,434,434,427
1,448,11,448,448,437,437,426,426,415
1,448,13,448,448,435,435,422,422,409
1,448,17,448,448,431,431,414,414,397
1,448,19,448,448,429,429,410,410,391
1,449,2,449,449,447,447,445,445,443
1,449,3,449,449,446,446,443,443,440
1,449,5,449,449,444,444,439,439,434
1,449,7,449,449,442,442,435,435,428
1,449,11,449,449,438,438,427,427,416
1,449,13,449,449,436,436,423,423,410
1,449,17,449,449,432,432,415,415,398
1,449,19,449,449,430,430,411,411,392
1,450,2,450,450,448,448,446,446,444
1,450,3,450,450,447,447,444,444,441
1,450,5,450,450,445,445,440,440,435
1,450,7,450,450,443,443,436,436,429
1,450,11,450,450,439,439,428,428,417
1,450,13,450,450,437,437,424,424,411
1,450,17,450,450,433,433,416,416,399
1,450,19,450,450,431,431,412,412,393
1,451,2,451,451,449,449,447,447,445
1,451,3,451,451,448,448,445,445,442
1,451,5,451,451,446,446,441,441,436
1,451,7,451,451,444,444,437,437,430
1,451,11,451,451,440,440,429,429,418
1,451,13,451,451,438,438,425,425,412
1,451,17,451,451,434,434,417,417,400
1,451,19,451,451,432,432,413,413,394
1,452,2,452,452,450,450,448,448,446
1,452,3,452,452,449,449,446,446,443
1,452,5,452,452,447,447,442,442,437
1,452,7,452,452,445,445,438,438,431
1,452,11,452,452,441,441,430,430,419
1,452,13,452,452,439,439,426,426,413
1,452,17,452,452,435,435,418,418,401
1,452,19,452,452,433,433,414,414,395
1,453,2,453,453,451,451,449,449,447
1,453,3,453,453,450,450,447,447,444
1,453,5,453,453,448,448,443,443,438
1,453,7,453,453,446,446,439,439,432
1,453,11,453,453,442,442,431,431,420
1,453,13,453,453,440,440,427,427,414
1,453,17,453,453,436,436,419,419,402
1,453,19,453,453,434,434,415,415,396
1,454,2,454,454,452,452,450,450,448
1,454,3,454,454,451,451,448,448,445
1,454,5,454,454,449,449,444,444,439
1,454,7,454,454,447,447,440,440,433
1,454,11,454,454,443,443,432,432,421
1,454,13,454,454,441,441,428,428,415
1,454,17,454,454,437,437,420,420,403
1,454,19,454,454,435,435,416,416,397
1,455,2,455,455,453,453,451,451,449
1,455,3,455,455,452,452,449,449,446
1,455,5,455,455,450,450,445,445,440
1,455,7,455,455,448,448,441,441,434
1,455,11,455,455,444,444,433,433,422
1,455,13,455,455,442,442,429,429,416
1,455,17,455,455,438,438,421,421,404
1,455,19,455,455,436,436,417,417,398
1,456,2,456,456,454,454,452,452,450
1,456,3,456,456,453,453,450,450,447
1,456,5,456,456,451,451,446,446,441
1,456,7,456,456,449,449,442,442,435
1,456,11,456,456,445,445,434,434,423
1,456,13,456,456,443,443,430,430,417
1,456,17,456,456,439,439,422,422,405
1,456,19,456,456,437,437,418,418,399
1,457,2,457,457,455,455,453,453,451
1,457,3,457,457,454,454,451,451,448
1,457,5,457,457,452,452,447,447,442
1,457,7,457,457,450,450,443,443,436
1,457,11,457,457,446,446,435,435,424
1,457,13,457,457,444,444,431,431,418
1,457,17,457,457,440,440,423,423,406
1,457,19,457,457,438,438,419,419,400
1,458,2,458,458,456,456,454,454,452
1,458,3,458,458,455,455,452,452,449
1,458,5,458,458,453,453,448,448,443
1,458,7,458,458,451,451,444,444,437
1,458,11,458,458,447,447,436,436,425
1,458,13,458,458,445,445,432,432,419
1,458,17,458,458,441,441,424,424,407
1,458,19,458,458,439,439,420,420,401
1,459,2,459,459,457,457,455,455,453
1,459,3,459,459,456,456,453,453,450
1,459,5,459,459,454,454,449,449,444
1,459,7,459,459,452,452,445,445,438
1,459,11,459,459,448,448,437,437,426
1,459,13,459,459,446,446,433,433,420
1,459,17,459,459,442,442,425,425,408
1,459,19,459,459,440,440,421,421,402
1,460,2,460,460,458,458,456,456,454
1,460,3,460,460,457,457,454,454,451
1,460,5,460,460,455,455,450,450,445
1,460,7,460,460,453,453,446,446,439
1,460,11,460,460,449,449,438,438,427
1,460,13,460,460,447,447,434,434,421
1,460,17,460,460,443,443,426,426,409
1,460,19,460,460,441,441,422,422,403
1,461,2,461,461,459,459,457,457,455
1,461,3,461,461,458,458,455,455,452
1,461,5,461,461,456,456,451,451,446
1,461,7,461,461,454,454,447,447,440
1,461,11,461,461,450,450,439,439,428
1,461,13,461,461,448,448,435,435,422
1,461,17,461,461,444,444,427,427,410
1,461,19,461,461,442,442,423,423,404
1,462,2,462,462,460,460,458,458,456
1,462,3,462,462,459,459,456,456,453
1,462,5,462,462,457,457,452,452,447
1,462,7,462,462,455,455,448,448,441
1,462,11,462,462,451,451,440,440,429
1,462,13,462,462,449,449,436,436,423
1,462,17,462,462,445,445,428,428,411
1,462,19,462,462,443,443,424,424,405
1,463,2,463,463,461,461,459,459,457
1,463,3,463,463,460,460,457,457,454
1,463,5,463,463,458,458,453,453,448
1,463,7,463,463,456,456,449,449,442
1,463,11,463,463,452,452,441,441,430
1,463,13,463,463,450,450,437,437,424
1,463,17,463,463,446,446,429,429,412
1,463,19,463,463,444,444,425,425,406
1,464,2,464,464,462,462,460,460,458
1,464,3,464,464,461,461,458,458,455
1,464,5,464,464,459,459,454,454,449
1,464,7,464,464,457,457,450,450,443
1,464,11,464,464,453,453,442,442,431
1,464,13,464,464,451,451,438,438,425
1,464,17,464,464,447,447,430,430,413
1,464,19,464,464,445,445,426,426,407
1,465,2,465,465,463,463,461,461,459
1,465,3,465,465,462,462,459,459,456
1,465,5,465,465,460,460,455,455,450
1,465,7,465,465,458,458,451,451,444
1,465,11,465,465,454,454,443,443,432
1,465,13,465,465,452,452,439,439,426
1,465,17,465,465,448,448,431,431,414
1,465,19,465,465,446,446,427,427,408
1,466,2,466,466,464,464,462,462,460
1,466,3,466,466,463,463,460,460,457
1,466,5,466,466,461,461,456,456,451
1,466,7,466,466,459,459,452,452,445
1,466,11,466,466,455,455,444,444,433
1,466,13,466,466,453,453,440,440,427
1,466,17,466,466,449,449,432,432,415
1,466,19,466,466,447,447,428,428,409
1,467,2,467,467,465,465,463,463,461
1,467,3,467,467,464,464,461,461,458
1,467,5,467,467,462,462,457,457,452
1,467,7,467,467,460,460,453,453,446
1,467,11,467,467,456,456,445,445,434
1,467,13,467,467,454,454,441,441,428
1,467,17,467,467,450,450,433,433,416
1,467,19,467,467,448,448,429,429,410
1,468,2,468,468,466,466,464,464,462
1,468,3,468,468,465,465,462,462,459
1,468,5,468,468,463,463,458,458,453
1,468,7,468,468,461,461,454,454,447
1,468,11,468,468,457,457,446,446,435
1,468,13,468,468,455,455,442,442,429
1,468,17,468,468,451,451,434,434,417
1,468,19,468,468,449,449,430,430,411
1,469,2,469,469,467,467,465,465,463
1,469,3,469,469,466,466,463,463,460
1,469,5,469,469,464,464,459,459,454
1,469,7,469,469,462,462,455,455,448
1,469,11,469,469,458,458,447,447,436
1,469,13,469,469,456,456,443,443,430
1,469,17,469,469,452,452,435,435,418
1,469,19,469,469,450,450,431,431,412
1,470,2,470,470,468,468,466,466,464
1,470,3,470,470,467,467,464,464,461
1,470,5,470,470,465,465,460,460,455
1,470,7,470,470,463,463,456,456,449
1,470,11,470,470,459,459,448,448,437
1,470,13,470,470,457,457,444,444,431
1,470,17,470,470,453,453,436,436,419
1,470,19,470,470,451,451,432,432,413
1,471,2,471,471,469,469,467,467,465
1,471,3,471,471,468,468,465,465,462
1,471,5,471,471,466,466,461,461,456
1,471,7,471,471,464,464,457,457,450
1,471,11,471,471,460,460,449,449,438
1,471,13,471,471,458,458,445,445,432
1,471,17,471,471,454,454,437,437,420
1,471,19,471,471,452,452,433,433,414
1,472,2,472,472,470,470,468,468,466
1,472,3,472,472,469,469,466,466,463
1,472,5,472,472,467,467,462,462,457
1,472,7,472,472,465,465,458,458,451
1,472,11,472,472,461,461,450,450,439
1,472,13,472,472,459,459,446,446,433
1,472,17,472,472,455,455,438,438,421
1,472,19,472,472,453,453,434,434,415
1,473,2,473,473,471,471,469,469,467
1,473,3,473,473,470,470,467,467,464
1,473,5,473,473,468,468,463,463,458
1,473,7,473,473,466,466,459,459,452
1,473,11,473,473,462,462,451,451,440
1,473,13,473,473,460,460,447,447,434
1,473,17,473,473,456,456,439,439,422
1,473,19,473,473,454,454,435,435,416
1,474,2,474,474,472,472,470,470,468
1,474,3,474,474,471,471,468,468,465
1,474,5,474,474,469,469,464,464,459
1,474,7,474,474,467,467,460,460,453
1,474,11,474,474,463,463,452,452,441
1,474,13,474,474,461,461,448,448,435
1,474,17,474,474,457,457,440,440,423
1,474,19,474,474,455,455,436,436,417
1,475,2,475,475,473,473,471,471,469
1,475,3,475,475,472,472,469,469,466
1,475,5,475,475,470,470,465,465,460
1,475,7,475,475,468,468,461,461,454
1,475,11,475,475,464,464,453,453,442
1,475,13,475,475,462,462,449,449,436
1,475,17,475,475,458,458,441,441,424
1,475,19,475,475,456,456,437,437,418
1,476,2,476,476,474,474,472,472,470
1,476,3,476,476,473,473,470,470,467
1,476,5,476,476,471,471,466,466,461
1,476,7,476,476,469,469,462,462,455
1,476,11,476,476,465,465,454,454,443
1,476,13,476,476,463,463,450,450,437
1,476,17,476,476,459,459,442,442,425
1,476,19,476,476,457,457,438,438,419
1,477,2,477,477,475,475,473,473,471
1,477,3,477,477,474,474,471,471,468
1,477,5,477,477,472,472,467,467,462
1,477,7,477,477,470,470,463,463,456
1,477,11,477,477,466,466,455,455,444
1,477,13,477,477,464,464,451,451,438
1,477,17,477,477,460,460,443,443,426
1,477,19,477,477,458,458,439,439,420
1,478,2,478,478,476,476,474,474,472
1,478,3,478,478,475,475,472,472,469
1,478,5,478,478,473,473,468,468,463
1,478,7,478,478,471,471,464,464,457
1,478,11,478,478,467,467,456,456,445
1,478,13,478,478,465,465,452,452,439
1,478,17,478,478,461,461,444,444,427
1,478,19,478,478,459,459,440,440,421
1,479,2,479,479,477,477,475,475,473
1,479,3,479,479,476,476,473,473,470
1,479,5,479,479,474,474,469,469,464
1,479,7,479,479,472,472,465,465,458
1,479,11,479,479,468,468,457,457,446
1,479,13,479,479,466,466,453,453,440
1,479,17,479,479,462,462,445,445,428
1,479,19,479,479,460,460,441,441,422
1,480,2,480,480,478,478,476,476,474
1,480,3,480,480,477,477,474,474,471
1,480,5,480,480,475,475,470,470,465
1,480,7,480,480,473,473,466,466,459
1,480,11,480,480,469,469,458,458,447
1,480,13,480,480,467,467,454,454,441
1,480,17,480,480,463,463,446,446,429
1,480,19,480,480,461,461,442,442,423
1,481,2,481,481,479,479,477,477,475
1,481,3,481,481,478,478,475,475,472
1,481,5,481,481,476,476,471,471,466
1,481,7,481,481,474,474,467,467,460
1,481,11,481,481,470,470,459,459,448
1,481,13,481,481,468,468,455,455,442
1,481,17,481,481,464,464,447,447,430
1,481,19,481,481,462,462,443,443,424
1,482,2,482,482,480,480,478,478,476
1,482,3,482,482,479,479,476,476,473
1,482,5,482,482,477,477,472,472,467
1,482,7,482,482,475,475,468,468,461
1,482,11,482,482,471,471,460,460,449
1,482,13,482,482,469,469,456,456,443
1,482,17,482,482,465,465,448,448,431
1,482,19,482,482,463,463,444,444,425
1,483,2,483,483,481,481,479,479,477
1,483,3,483,483,480,480,477,477,474
1,483,5,483,483,478,478,473,473,468
1,483,7,483,483,476,476,469,469,462
1,483,11,483,483,472,472,461,461,450
1,483,13,483,483,470,470,457,457,444
1,483,17,483,483,466,466,449,449,432
1,483,19,483,483,464,464,445,445,426
1,484,2,484,484,482,482,480,480,478
1,484,3,484,484,481,481,478,478,475
1,484,5,484,484,479,479,474,474,469
1,484,7,484,484,477,477,470,470,463
1,484,11,484,484,473,473,462,462,451
1,484,13,484,484,471,471,458,458,445
1,484,17,484,484,467,467,450,450,433
1,484,19,484,484,465,465,446,446,427
1,485,2,485,485,483,483,481,481,479
1,485,3,485,485,482,482,479,479,476
1,485,5,485,485,480,480,475,475,470
1,485,7,485,485,478,478,471,471,464
1,485,11,485,485,474,474,463,463,452
1,485,13,485,485,472,472,459,459,446
1,485,17,485,485,468,468,451,451,434
1,485,19,485,485,466,466,447,447,428
1,486,2,486,486,484,484,482,482,480
1,486,3,486,486,483,483,480,480,477
1,486,5,486,486,481,481,476,476,471
1,486,7,486,486,479,479,472,472,465
1,486,11,486,486,475,475,464,464,453
1,486,13,486,486,473,473,460,460,447
1,486,17,486,486,469,469,452,452,435
1,486,19,486,486,467,467,448,448,429
1,487,2,487,487,485,485,483,483,481
1,487,3,487,487,484,484,481,481,478
1,487,5,487,487,482,482,477,477,472
1,487,7,487,487,480,480,473,473,466
1,487,11,487,487,476,476,465,465,454
1,487,13,487,487,474,474,461,461,448
1,487,17,487,487,470,470,453,453,436
1,487,19,487,487,468,468,449,449,430
1,488,2,488,488,486,486,484,484,482
1,488,3,488,488,485,485,482,482,479
1,488,5,488,488,483,483,478,478,473
1,488,7,488,488,481,481,474,474,467
1,488,11,488,488,477,477,466,466,455
1,488,13,488,488,475,475,462,462,449
1,488,17,488,488,471,471,454,454,437
1,488,19,488,488,469,469,450,450,431
1,489,2,489,489,487,487,485,485,483
1,489,3,489,489,486,486,483,483,480
1,489,5,489,489,484,484,479,479,474
1,489,7,489,489,482,482,475,475,468
1,489,11,489,489,478,478,467,467,456
1,489,13,489,489,476,476,463,463,450
1,489,17,489,489,472,472,455,455,438
1,489,19,489,489,470,470,451,451,432
1,490,2,490,490,488,488,486,486,484
1,490,3,490,490,487,487,484,484,481
1,490,5,490,490,485,485,480,480,475
1,490,7,490,490,483,483,476,476,469
1,490,11,490,490,479,479,468,468,457
1,490,13,490,490,477,477,464,464,451
1,490,17,490,490,473,473,456,456,439
1,490,19,490,490,471,471,452,452,433
1,491,2,491,491,489,489,487,487,485
1,491,3,491,491,488,488,485,485,482
1,491,5,491,491,486,486,481,481,476
1,491,7,491,491,484,484,477,477,470
1,491,11,491,491,480,480,469,469,458
1,491,13,491,491,478,478,465,465,452
1,491,17,491,491,474,474,457,457,440
1,491,19,491,491,472,472,453,453,434
1,492,2,492,492,490,490,488,488,486
1,492,3,492,492,489,489,486,486,483
1,492,5,492,492,487,487,482,482,477
1,492,7,492,492,485,485,478,478,471
1,492,11,492,492,481,481,470,470,459
1,492,13,492,492,479,479,466,466,453
1,492,17,492,492,475,475,458,458,441
1,492,19,492,492,473,473,454,454,435
1,493,2,493,493,491,491,489,489,487
1,493,3,493,493,490,490,487,487,484
1,493,5,493,493,488,488,483,483,478
1,493,7,493,493,486,486,479,479,472
1,493,11,493,493,482,482,471,471,460
1,493,13,493,493,480,480,467,467,454
1,493,17,493,493,476,476,459,459,442
1,493,19,493,493,474,474,455,455,436
1,494,2,494,494,492,492,490,490,488
1,494,3,494,494,491,491,488,488,485
1,494,5,494,494,489,489,484,484,479
1,494,7,494,494,487,487,480,480,473
1,494,11,494,494,483,483,472,472,461
1,494,13,494,494,481,481,468,468,455
1,494,17,494,494,477,477,460,460,443
1,494,19,494,494,475,475,456,456,437
1,495,2,495,495,493,493,491,491,489
1,495,3,495,495,492,492,489,489,486
1,495,5,495,495,490,490,485,485,480
1,495,7,495,495,488,488,481,481,474
1,495,11,495,495,484,484,473,473,462
1,495,13,495,495,482,482,469,469,456
1,495,17,495,495,478,478,461,461,444
1,495,19,495,495,476,476,457,457,438
1,496,2,496,496,494,494,492,492,490
1,496,3,496,496,493,493,490,490,487
1,496,5,496,496,491,491,486,486,481
1,496,7,496,496,489,489,482,482,475
1,496,11,496,496,485,485,474,474,463
1,496,13,496,496,483,483,470,470,457
1,496,17,496,496,479,479,462,462,445
1,496,19,496,496,477,477,458,458,439
1,497,2,497,497,495,495,493,493,491
1,497,3,497,497,494,494,491,491,488
1,497,5,497,497,492,492,487,487,482
1,497,7,497,497,490,490,483,483,476
1,497,11,497,497,486,486,475,475,464
1,497,13,497,497,484,484,471,471,458
1,497,17,497,497,480,480,463,463,446
1,497,19,497,497,478,478,459,459,440
1,498,2,498,498,496,496,494,494,492
1,498,3,498,498,495,495,492,492,489
1,498,5,498,498,493,493,488,488,483
1,498,7,498,498,491,491,484,484,477
1,498,11,498,498,487,487,476,476,465
1,498,13,498,498,485,485,472,472,459
1,498,17,498,498,481,481,464,464,447
1,498,19,498,498,479,479,460,460,441
1,499,2,499,499,497,497,495,495,493
1,499,3,499,499,496,496,493,493,490
1,499,5,499,499,494,494,489,489,484
1,499,7,499,499,492,492,485,485,478
1,499,11,499,499,488,488,477,477,466
1,499,13,499,499,486,486,473,473,460
1,499,17,499,499,482,482,465,465,448
1,499,19,499,499,480,480,461,461,442
1,500,2,500,500,498,498,496,496,494
1,500,3,500,500,497,497,494,494,491
1,500,5,500,500,495,495,490,490,485
1,500,7,500,500,493,493,486,486,479
1,500,11,500,500,489,489,478,478,467
1,500,13,500,500,487,487,474,474,461
1,500,17,500,500,483,483,466,466,449
1,500,19,500,500,481,481,462,462,443
2,601,2,601,601,599,599,597,597,595
2,601,3,601,601,598,598,595,595,592
2,601,5,601,601,596,596,591,591,586
2,601,7,601,601,594,594,587,587,580
2,601,11,601,601,590,590,579,579,568
2,601,13,601,601,588,588,575,575,562
2,601,17,601,601,584,584,567,567,550
2,601,19,601,601,582,582,563,563,544
2,602,2,602,602,600,600,598,598,596
2,602,3,602,602,599,599,596,596,593
2,602,5,602,602,597,597,592,592,587
2,602,7,602,602,595,595,588,588,581
2,602,11,602,602,591,591,580,580,569
2,602,13,602,602,589,589,576,576,563
2,602,17,602,602,585,585,568,568,551
2,602,19,602,602,583,583,564,564,545
2,603,2,603,603,601,601,599,599,597
2,603,3,603,603,600,600,597,597,594
2,603,5,603,603,598,598,593,593,588
2,603,7,603,603,596,596,589,589,582
2,603,11,603,603,592,592,581,581,570
2,603,13,603,603,590,590,577,577,564
2,603,17,603,603,586,586,569,569,552
2,603,19,603,603,584,584,565,565,546
2,604,2,604,604,602,602,600,600,598
2,604,3,604,604,601,601,598,598,595
2,604,5,604,604,599,599,594,594,589
2,604,7,604,604,597,597,590,590,583
2,604,11,604,604,593,593,582,582,571
2,604,13,604,604,591,591,578,578,565
2,604,17,604,604,587,587,570,570,553
2,604,19,604,604,585,585,566,566,547
2,605,2,605,605,603,603,601,601,599
2,605,3,605,605,602,602,599,599,596
2,605,5,605,605,600,600,595,595,590
2,605,7,605,605,598,598,591,591,584
2,605,11,605,605,594,594,583,583,572
2,605,13,605,605,592,592,579,579,566
2,605,17,605,605,588,588,571,571,554
2,605,19,605,605,586,586,567,567,548
2,606,2,606,606,604,604,602,602,600
2,606,3,606,606,603,603,600,600,597
2,606,5,606,606,601,601,596,596,591
2,606,7,606,606,599,599,592,592,585
2,606,11,606,606,595,595,584,584,573
2,606,13,606,606,593,593,580,580,567
2,606,17,606,606,589,589,572,572,555
2,606,19,606,606,587,587,568,568,549
2,607,2,607,607,605,605,603,603,601
2,607,3,607,607,604,604,601,601,598
2,607,5,607,607,602,602,597,597,592
2,607,7,607,607,600,600,593,593,586
2,607,11,607,607,596,596,585,585,574
2,607,13,607,607,594,594,581,581,568
2,607,17,607,607,590,590,573,573,556
2,607,19,607,607,588,588,569,569,550
2,608,2,608,608,606,606,604,604,602
2,608,3,608,608,605,605,602,602,599
2,608,5,608,608,603,603,598,598,593
2,608,7,608,608,601,601,594,594,587
2,608,11,608,608,597,597,586,586,575
2,608,13,608,608,595,595,582,582,569
2,608,17,608,608,591,591,574,574,557
2,608,19,608,608,589,589,570,570,551
2,609,2,609,609,607,607,605,605,603
2,609,3,609,609,606,606,603,603,600
2,609,5,609,609,604,604,599,599,594
2,609,7,609,609,602,602,595,595,588
2,609,11,609,609,598,598,587,587,576
2,609,13,609,609,596,596,583,583,570
2,609,17,609,609,592,592,575,575,558
2,609,19,609,609,590,590,571,571,552
2,610,2,610,610,608,608,606,606,604
2,610,3,610,610,607,607,604,604,601
2,610,5,610,610,605,605,600,600,595
2,610,7,610,610,603,603,596,596,589
2,610,11,610,610,599,599,588,588,577
2,610,13,610,610,597,597,584,584,571
2,610,17,610,610,593,593,576,576,559
2,610,19,610,610,591,591,572,572,553
2,611,2,611,611,609,609,607,607,605
2,611,3,611,611,608,608,605,605,602
2,611,5,611,611,606,606,601,601,596
2,611,7,611,611,604,604,597,597,590
2,611,11,611,611,600,600,589,589,578
2,611,13,611,611,598,598,585,585,572
2,611,17,611,611,594,594,577,577,560
2,611,19,611,611,592,592,573,573,554
2,612,2,612,612,610,610,608,608,606
2,612,3,612,612,609,609,606,606,603
2,612,5,612,612,607,607,602,602,597
2,612,7,612,612,605,605,598,598,591
2,612,11,612,612,601,601,590,590,579
2,612,13,612,612,599,599,586,586,573
2,612,17,612,612,595,595,578,578,561
2,612,19,612,612,593,593,574,574,555
2,613,2,613,613,611,611,609,609,607
2,613,3,613,613,610,610,607,607,604
2,613,5,613,613,608,608,603,603,598
2,613,7,613,613,606,606,599,599,592
2,613,11,613,613,602,602,591,591,580
2,613,13,613,613,600,600,587,587,574
2,613,17,613,613,596,596,579,579,562
2,613,19,613,613,594,594,575,575,556
2,614,2,614,614,612,612,610,610,608
2,614,3,614,614,611,611,608,608,605
2,614,5,614,614,609,609,604,604,599
2,614,7,614,614,607,607,600,600,593
2,614,11,614,614,603,603,592,592,581
2,614,13,614,614,601,601,588,588,575
2,614,17,614,614,597,597,580,580,563
2,614,19,614,614,595,595,576,576,557
2,615,2,615,615,613,613,611,611,609
2,615,3,615,615,612,612,609,609,606
2,615,5,615,615,610,610,605,605,600
2,615,7,615,615,608,608,601,601,594
2,615,11,615,615,604,604,593,593,582
2,615,13,615,615,602,602,589,589,576
2,615,17,615,615,598,598,581,581,564
2,615,19,615,615,596,596,577,577,558
2,616,2,616,616,614,614,612,612,610
2,616,3,616,616,613,613,610,610,607
2,616,5,616,616,611,611,606,606,601
2,616,7,616,616,609,609,602,602,595
2,616,11,616,616,605,605,594,594,583
2,616,13,616,616,603,603,590,590,577
2,616,17,616,616,599,599,582,582,565
2,616,19,616,616,597,597,578,578,559
2,617,2,617,617,615,615,613,613,611
2,617,3,617,617,614,614,611,611,608
2,617,5,617,617,612,612,607,607,602
2,617,7,617,617,610,610,603,603,596
2,617,11,617,617,606,606,595,595,584
2,617,13,617,617,604,604,591,591,578
2,617,17,617,617,600,600,583,583,566
2,617,19,617,617,598,598,579,579,560
2,618,2,618,618,616,616,614,614,612
2,618,3,618,618,615,615,612,612,609
2,618,5,618,618,613,613,608,608,603
2,618,7,618,618,611,611,604,604,597
2,618,11,618,618,607,607,596,596,585
2,618,13,618,618,605,605,592,592,579
2,618,17,618,618,601,601,584,584,567
2,618,19,618,618,599,599,580,580,561
2,619,2,619,619,617,617,615,615,613
2,619,3,619,619,616,616,613,613,610
2,619,5,619,619,614,614,609,609,604
2,619,7,619,619,612,612,605,605,598
2,619,11,619,619,608,608,597,597,586
2,619,13,619,619,606,606,593,593,580
2,619,17,619,619,602,602,585,585,568
2,619,19,619,619,600,600,581,581,562
2,620,2,620,620,618,618,616,616,614
2,620,3,620,620,617,617,614,614,611
2,620,5,620,620,615,615,610,610,605
2,620,7,620,620,613,613,606,606,599
2,620,11,620,620,609,609,598,598,587
2,620,13,620,620,607,607,594,594,581
2,620,17,620,620,603,603,586,586,569
2,620,19,620,620,601,601,582,582,563
2,621,2,621,621,619,619,617,617,615
2,621,3,621,621,618,618,615,615,612
2,621,5,621,621,616,616,611,611,606
2,621,7,621,621,614,614,607,607,600
2,621,11,621,621,610,610,599,599,588
2,621,13,621,621,608,608,595,595,582
2,621,17,621,621,604,604,587,587,570
2,621,19,621,621,602,602,583,583,564
2,622,2,622,622,620,620,618,618,616
2,622,3,622,622,619,619,616,616,613
2,622,5,622,622,617,617,612,612,607
2,622,7,622,622,615,615,608,608,601
2,622,11,622,622,611,611,600,600,589
2,622,13,622,622,609,609,596,596,583
2,622,17,622,622,605,605,588,588,571
2,622,19,622,622,603,603,584,584,565
2,623,2,623,623,621,621,619,619,617
2,623,3,623,623,620,620,617,617,614
2,623,5,623,623,618,618,613,613,608
2,623,7,623,623,616,616,609,609,602
2,623,11,623,623,612,612,601,601,590
2,623,13,623,623,610,610,597,597,584
2,623,17,623,623,606,606,589,589,572
2,623,19,623,623,604,604,585,585,566
2,624,2,624,624,622,622,620,620,618
2,624,3,624,624,621,621,618,618,615
2,624,5,624,624,619,619,614,614,609
2,624,7,624,624,617,617,610,610,603
2,624,11,624,624,613,613,602,602,591
2,624,13,624,624,611,611,598,598,585
2,624,17,624,624,607,607,590,590,573
2,624,19,624,624,605,605,586,586,567
2,625,2,625,625,623,623,621,621,619
2,625,3,625,625,622,622,619,619,616
2,625,5,625,625,620,620,615,615,610
2,625,7,625,625,618,618,611,611,604
2,625,11,625,625,614,614,603,603,592
2,625,13,625,625,612,612,599,599,586
2,625,17,625,625,608,608,591,591,574
2,625,19,625,625,606,606,587,587,568
2,626,2,626,626,624,624,622,622,620
2,626,3,626,626,623,623,620,620,617
2,626,5,626,626,621,621,616,616,611
2,626,7,626,626,619,619,612,612,605
2,626,11,626,626,615,615,604,604,593
2,626,13,626,626,613,613,600,600,587
2,626,17,626,626,609,609,592,592,575
2,626,19,626,626,607,607,588,588,569
2,627,2,627,627,625,625,623,623,621
2,627,3,627,627,624,624,621,621,618
2,627,5,627,627,622,622,617,617,612
2,627,7,627,627,620,620,613,613,606
2,627,11,627,627,616,616,605,605,594
2,627,13,627,627,614,614,601,601,588
2,627,17,627,627,610,610,593,593,576
2,627,19,627,627,608,608,589,589,570
2,628,2,628,628,626,626,624,624,622
2,628,3,628,628,625,625,622,622,619
2,628,5,628,628,623,623,618,618,613
2,628,7,628,628,621,621,614,614,607
2,628,11,628,628,617,617,606,606,595
2,628,13,628,628,615,615,602,602,589
2,628,17,628,628,611,611,594,594,577
2,628,19,628,628,609,609,590,590,571
2,629,2,629,629,627,627,625,625,623
2,629,3,629,629,626,626,623,623,620
2,629,5,629,629,624,624,619,619,614
2,629,7,629,629,622,622,615,615,608
2,629,11,629,629,618,618,607,607,596
2,629,13,629,629,616,616,603,603,590
2,629,17,629,629,612,612,595,595,578
2,629,19,629,629,610,610,591,591,572
2,630,2,630,630,628,628,626,626,624
2,630,3,630,630,627,627,624,624,621
2,630,5,630,630,625,625,620,620,615
2,630,7,630,630,623,623,616,616,609
2,630,11,630,630,619,619,608,608,597
2,630,13,630,630,617,617,604,604,591
2,630,17,630,630,613,613,596,596,579
2,630,19,630,630,611,611,592,592,573
2,631,2,631,631,629,629,627,627,625
2,631,3,631,631,628,628,625,625,622
2,631,5,631,631,626,626,621,621,616
2,631,7,631,631,624,624,617,617,610
2,631,11,631,631,620,620,609,609,598
2,631,13,631,631,618,618,605,605,592
2,631,17,631,631,614,614,597,597,580
2,631,19,631,631,612,612,593,593,574
2,632,2,632,632,630,630,628,628,626
2,632,3,632,632,629,629,626,626,623
2,632,5,632,632,627,627,622,622,617
2,632,7,632,632,625,625,618,618,611
2,632,11,632,632,621,621,610,610,599
2,632,13,632,632,619,619,606,606,593
2,632,17,632,632,615,615,598,598,581
2,632,19,632,632,613,613,594,594,575
2,633,2,633,633,631,631,629,629,627
2,633,3,633,633,630,630,627,627,624
2,633,5,633,633,628,628,623,623,618
2,633,7,633,633,626,626,619,619,612
2,633,11,633,633,622,622,611,611,600
2,633,13,633,633,620,620,607,607,594
2,633,17,633,633,616,616,599,599,582
2,633,19,633,633,614,614,595,595,576
2,634,2,634,634,632,632,630,630,628
2,634,3,634,634,631,631,628,628,625
2,634,5,634,634,629,629,624,624,619
2,634,7,634,634,627,627,620,620,613
2,634,11,634,634,623,623,612,612,601
2,634,13,634,634,621,621,608,608,595
2,634,17,634,634,617,617,600,600,583
2,634,19,634,634,615,615,596,596,577
2,635,2,635,635,633,633,631,631,629
2,635,3,635,635,632,632,629,629,626
2,635,5,635,635,630,630,625,625,620
2,635,7,635,635,628,628,621,621,614
2,635,11,635,635,624,624,613,613,602
2,635,13,635,635,622,622,609,609,596
2,635,17,635,635,618,618,601,601,584
2,635,19,635,635,616,616,597,597,578
2,636,2,636,636,634,634,632,632,630
2,636,3,636,636,633,633,630,630,627
2,636,5,636,636,631,631,626,626,621
2,636,7,636,636,629,629,622,622,615
2,636,11,636,636,625,625,614,614,603
2,636,13,636,636,623,623,610,610,597
2,636,17,636,636,619,619,602,602,585
2,636,19,636,636,617,617,598,598,579
2,637,2,637,637,635,635,633,633,631
2,637,3,637,637,634,634,631,631,628
2,637,5,637,637,632,632,627,627,622
2,637,7,637,637,630,630,623,623,616
2,637,11,637,637,626,626,615,615,604
2,637,13,637,637,624,624,611,611,598
2,637,17,637,637,620,620,603,603,586
2,637,19,637,637,618,618,599,599,580
2,638,2,638,638,636,636,634,634,632
2,638,3,638,638,635,635,632,632,629
2,638,5,638,638,633,633,628,628,623
2,638,7,638,638,631,631,624,624,617
2,638,11,638,638,627,627,616,616,605
2,638,13,638,638,625,625,612,612,599
2,638,17,638,638,621,621,604,604,587
2,638,19,638,638,619,619,600,600,581
2,639,2,639,639,637,637,635,635,633
2,639,3,639,639,636,636,633,633,630
2,639,5,639,639,634,634,629,629,624
2,639,7,639,639,632,632,625,625,618
2,639,11,639,639,628,628,617,617,606
2,639,13,639,639,626,626,613,613,600
2,639,17,639,639,622,622,605,605,588
2,639,19,639,639,620,620,601,601,582
2,640,2,640,640,638,638,636,636,634
2,640,3,640,640,637,637,634,634,631
2,640,5,640,640,635,635,630,630,625
2,640,7,640,640,633,633,626,626,619
2,640,11,640,640,629,629,618,618,607
2,640,13,640,640,627,627,614,614,601
2,640,17,640,640,623,623,606,606,589
2,640,19,640,640,621,621,602,602,583
2,641,2,641,641,639,639,637,637,635
2,641,3,641,641,638,638,635,635,632
2,641,5,641,641,636,636,631,631,626
2,641,7,641,641,634,634,627,627,620
2,641,11,641,641,630,630,619,619,608
2,641,13,641,641,628,628,615,615,602
2,641,17,641,641,624,624,607,607,590
2,641,19,641,641,622,622,603,603,584
2,642,2,642,642,640,640,638,638,636
2,642,3,642,642,639,639,636,636,633
2,642,5,642,642,637,637,632,632,627
2,642,7,642,642,635,635,628,628,621
2,642,11,642,642,631,631,620,620,609
2,642,13,642,642,629,629,616,616,603
2,642,17,642,642,625,625,608,608,591
2,642,19,642,642,623,623,604,604,585
2,643,2,643,643,641,641,639,639,637
2,643,3,643,643,640,640,637,637,634
2,643,5,643,643,638,638,633,633,628
2,643,7,643,643,636,636,629,629,622
2,643,11,643,643,632,632,621,621,610
2,643,13,643,643,630,630,617,617,604
2,643,17,643,643,626,626,609,609,592
2,643,19,643,643,624,624,605,605,586
2,644,2,644,644,642,642,640,640,638
2,644,3,644,644,641,641,638,638,635
2,644,5,644,644,639,639,634,634,629
2,644,7,644,644,637,637,630,630,623
2,644,11,644,644,633,633,622,622,611
2,644,13,644,644,631,631,618,618,605
2,644,17,644,644,627,627,610,610,593
2,644,19,644,644,625,625,606,606,587
2,645,2,645,645,643,643,641,641,639
2,645,3,645,645,642,642,639,639,636
2,645,5,645,645,640,640,635,635,630
2,645,7,645,645,638,638,631,631,624
2,645,11,645,645,634,634,623,623,612
2,645,13,645,645,632,632,619,619,606
2,645,17,645,645,628,628,611,611,594
2,645,19,645,645,626,626,607,607,588
2,646,2,646,646,644,644,642,642,640
2,646,3,646,646,643,643,640,640,637
2,646,5,646,646,641,641,636,636,631
2,646,7,646,646,639,639,632,632,625
2,646,11,646,646,635,635,624,624,613
2,646,13,646,646,633,633,620,620,607
2,646,17,646,646,629,629,612,612,595
2,646,19,646,646,627,627,608,608,589
2,647,2,647,647,645,645,643,643,641
2,647,3,647,647,644,644,641,641,638
2,647,5,647,647,642,642,637,637,632
2,647,7,647,647,640,640,633,633,626
2,647,11,647,647,636,636,625,625,614
2,647,13,647,647,634,634,621,621,608
2,647,17,647,647,630,630,613,613,596
2,647,19,647,647,628,628,609,609,590
2,648,2,648,648,646,646,644,644,642
2,648,3,648,648,645,645,642,642,639
2,648,5,648,648,643,643,638,638,633
2,648,7,648,648,641,641,634,634,627
2,648,11,648,648,637,637,626,626,615
2,648,13,648,648,635,635,622,622,609
2,648,17,648,648,631,631,614,614,597
2,648,19,648,648,629,629,610,610,591
2,649,2,649,649,647,647,645,645,643
2,649,3,649,649,646,646,643,643,640
2,649,5,649,649,644,644,639,639,634
2,649,7,649,649,642,642,635,635,628
2,649,11,649,649,638,638,627,627,616
2,649,13,649,649,636,636,623,623,610
2,649,17,649,649,632,632,615,615,598
2,649,19,649,649,630,630,611,611,592
2,650,2,650,650,648,648,646,646,644
2,650,3,650,650,647,647,644,644,641
2,650,5,650,650,645,645,640,640,635
2,650,7,650,650,643,643,636,636,629
2,650,11,650,650,639,639,628,628,617
2,650,13,650,650,637,637,624,624,611
2,650,17,650,650,633,633,616,616,599
2,650,19,650,650,631,631,612,612,593
2,651,2,651,651,649,649,647,647,645
2,651,3,651,651,648,648,645,645,642
2,651,5,651,651,646,646,641,641,636
2,651,7,651,651,644,644,637,637,630
2,651,11,651,651,640,640,629,629,618
2,651,13,651,651,638,638,625,625,612
2,651,17,651,651,634,634,617,617,600
2,651,19,651,651,632,632,613,613,594
2,652,2,652,652,650,650,648,648,646
2,652,3,652,652,649,649,646,646,643
2,652,5,652,652,647,647,642,642,637
2,652,7,652,652,645,645,638,638,631
2,652,11,652,652,641,641,630,630,619
2,652,13,652,652,639,639,626,626,613
2,652,17,652,652,635,635,618,618,601
2,652,19,652,652,633,633,614,614,595
2,653,2,653,653,651,651,649,649,647
2,653,3,653,653,650,650,647,647,644
2,653,5,653,653,648,648,643,643,638
2,653,7,653,653,646,646,639,639,632
2,653,11,653,653,642,642,631,631,620
2,653,13,653,653,640,640,627,627,614
2,653,17,653,653,636,636,619,619,602
2,653,19,653,653,634,634,615,615,596
2,654,2,654,654,652,652,650,650,648
2,654,3,654,654,651,651,648,648,645
2,654,5,654,654,649,649,644,644,639
2,654,7,654,654,647,647,640,640,633
2,654,11,654,654,643,643,632,632,621
2,654,13,654,654,641,641,628,628,615
2,654,17,654,654,637,637,620,620,603
2,654,19,654,654,635,635,616,616,597
2,655,2,655,655,653,653,651,651,649
2,655,3,655,655,652,652,649,649,646
2,655,5,655,655,650,650,645,645,640
2,655,7,655,655,648,648,641,641,634
2,655,11,655,655,644,644,633,633,622
2,655,13,655,655,642,642,629,629,616
2,655,17,655,655,638,638,621,621,604
2,655,19,655,655,636,636,617,617,598
2,656,2,656,656,654,654,652,652,650
2,656,3,656,656,653,653,650,650,647
2,656,5,656,656,651,651,646,646,641
2,656,7,656,656,649,649,642,642,635
2,656,11,656,656,645,645,634,634,623
2,656,13,656,656,643,643,630,630,617
2,656,17,656,656,639,639,622,622,605
2,656,19,656,656,637,637,618,618,599
2,657,2,657,657,655,655,653,653,651
2,657,3,657,657,654,654,651,651,648
2,657,5,657,657,652,652,647,647,642
2,657,7,657,657,650,650,643,643,636
2,657,11,657,657,646,646,635,635,624
2,657,13,657,657,644,644,631,631,618
2,657,17,657,657,640,640,623,623,606
2,657,19,657,657,638,638,619,619,600
2,658,2,658,658,656,656,654,654,652
2,658,3,658,658,655,655,652,652,649
2,658,5,658,658,653,653,648,648,643
2,658,7,658,658,651,651,644,644,637
2,658,11,658,658,647,647,636,636,625
2,658,13,658,658,645,645,632,632,619
2,658,17,658,658,641,641,624,624,607
2,658,19,658,658,639,639,620,620,601
2,659,2,659,659,657,657,655,655,653
2,659,3,659,659,656,656,653,653,650
2,659,5,659,659,654,654,649,649,644
2,659,7,659,659,652,652,645,645,638
2,659,11,659,659,648,648,637,637,626
2,659,13,659,659,646,646,633,633,620
2,659,17,659,659,642,642,625,625,608
2,659,19,659,659,640,640,621,621,602
2,660,2,660,660,658,658,656,656,654
2,660,3,660,660,657,657,654,654,651
2,660,5,660,660,655,655,650,650,645
2,660,7,660,660,653,653,646,646,639
2,660,11,660,660,649,649,638,638,627
2,660,13,660,660,647,647,634,634,621
2,660,17,660,660,643,643,626,626,609
2,660,19,660,660,641,641,622,622,603
2,661,2,661,661,659,659,657,657,655
2,661,3,661,661,658,658,655,655,652
2,661,5,661,661,656,656,651,651,646
2,661,7,661,661,654,654,647,647,640
2,661,11,661,661,650,650,639,639,628
2,661,13,661,661,648,648,635,635,622
2,661,17,661,661,644,644,627,627,610
2,661,19,661,661,642,642,623,623,604
2,662,2,662,662,660,660,658,658,656
2,662,3,662,662,659,659,656,656,653
2,662,5,662,662,657,657,652,652,647
2,662,7,662,662,655,655,648,648,641
2,662,11,662,662,651,651,640,640,629
2,662,13,662,662,649,649,636,636,623
2,662,17,662,662,645,645,628,628,611
2,662,19,662,662,643,643,624,624,605
2,663,2,663,663,661,661,659,659,657
2,663,3,663,663,660,660,657,657,654
2,663,5,663,663,658,658,653,653,648
2,663,7,663,663,656,656,649,649,642
2,663,11,663,663,652,652,641,641,630
2,663,13,663,663,650,650,637,637,624
2,663,17,663,663,646,646,629,629,612
2,663,19,663,663,644,644,625,625,606
2,664,2,664,664,662,662,660,660,658
2,664,3,664,664,661,661,658,658,655
2,664,5,664,664,659,659,654,654,649
2,664,7,664,664,657,657,650,650,643
2,664,11,664,664,653,653,642,642,631
2,664,13,664,664,651,651,638,638,625
2,664,17,664,664,647,647,630,630,613
2,664,19,664,664,645,645,626,626,607
2,665,2,665,665,663,663,661,661,659
2,665,3,665,665,662,662,659,659,656
2,665,5,665,665,660,660,655,655,650
2,665,7,665,665,658,658,651,651,644
2,665,11,665,665,654,654,643,643,632
2,665,13,665,665,652,652,639,639,626
2,665,17,665,665,648,648,631,631,614
2,665,19,665,665,646,646,627,627,608
2,666,2,666,666,664,664,662,662,660
2,666,3,666,666,663,663,660,660,657
2,666,5,666,666,661,661,656,656,651
2,666,7,666,666,659,659,652,652,645
2,666,11,666,666,655,655,644,644,633
2,666,13,666,666,653,653,640,640,627
2,666,17,666,666,649,649,632,632,615
2,666,19,666,666,647,647,628,628,609
2,667,2,667,667,665,665,663,663,661
2,667,3,667,667,664,664,661,661,658
2,667,5,667,667,662,662,657,657,652
2,667,7,667,667,660,660,653,653,646
2,667,11,667,667,656,656,645,645,634
2,667,13,667,667,654,654,641,641,628
2,667,17,667,667,650,650,633,633,616
2,667,19,667,667,648,648,629,629,610
2,668,2,668,668,666,666,664,664,662
2,668,3,668,668,665,665,662,662,659
2,668,5,668,668,663,663,658,658,653
2,668,7,668,668,661,661,654,654,647
2,668,11,668,668,657,657,646,646,635
2,668,13,668,668,655,655,642,642,629
2,668,17,668,668,651,651,634,634,617
2,668,19,668,668,649,649,630,630,611
2,669,2,669,669,667,667,665,665,663
2,669,3,669,669,666,666,663,663,660
2,669,5,669,669,664,664,659,659,654
2,669,7,669,669,662,662,655,655,648
2,669,11,669,669,658,658,647,647,636
2,669,13,669,669,656,656,643,643,630
2,669,17,669,669,652,652,635,635,618
2,669,19,669,669,650,650,631,631,612
2,670,2,670,670,668,668,666,666,664
2,670,3,670,670,667,667,664,664,661
2,670,5,670,670,665,665,660,660,655
2,670,7,670,670,663,663,656,656,649
2,670,11,670,670,659,659,648,648,637
2,670,13,670,670,657,657,644,644,631
2,670,17,670,670,653,653,636,636,619
2,670,19,670,670,651,651,632,632,613
2,671,2,671,671,669,669,667,667,665
2,671,3,671,671,668,668,665,665,662
2,671,5,671,671,666,666,661,661,656
2,671,7,671,671,664,664,657,657,650
2,671,11,671,671,660,660,649,649,638
2,671,13,671,671,658,658,645,645,632
2,671,17,671,671,654,654,637,637,620
2,671,19,671,671,652,652,633,633,614
2,672,2,672,672,670,670,668,668,666
2,672,3,672,672,669,669,666,666,663
2,672,5,672,672,667,667,662,662,657
2,672,7,672,672,665,665,658,658,651
2,672,11,672,672,661,661,650,650,639
2,672,13,672,672,659,659,646,646,633
2,672,17,672,672,655,655,638,638,621
2,672,19,672,672,653,653,634,634,615
2,673,2,673,673,671,671,669,669,667
2,673,3,673,673,670,670,667,667,664
2,673,5,673,673,668,668,663,663,658
2,673,7,673,673,666,666,659,659,652
2,673,11,673,673,662,662,651,651,640
2,673,13,673,673,660,660,647,647,634
2,673,17,673,673,656,656,639,639,622
2,673,19,673,673,654,654,635,635,616
2,674,2,674,674,672,672,670,670,668
2,674,3,674,674,671,671,668,668,665
2,674,5,674,674,669,669,664,664,659
2,674,7,674,674,667,667,660,660,653
2,674,11,674,674,663,663,652,652,641
2,674,13,674,674,661,661,648,648,635
2,674,17,674,674,657,657,640,640,623
2,674,19,674,674,655,655,636,636,617
2,675,2,675,675,673,673,671,671,669
2,675,3,675,675,672,672,669,669,666
2,675,5,675,675,670,670,665,665,660
2,675,7,675,675,668,668,661,661,654
2,675,11,675,675,664,664,653,653,642
2,675,13,675,675,662,662,649,649,636
2,675,17,675,675,658,658,641,641,624
2,675,19,675,675,656,656,637,637,618
2,676,2,676,676,674,674,672,672,670
2,676,3,676,676,673,673,670,670,667
2,676,5,676,676,671,671,666,666,661
2,676,7,676,676,669,669,662,662,655
2,676,11,676,676,665,665,654,654,643
2,676,13,676,676,663,663,650,650,637
2,676,17,676,676,659,659,642,642,625
2,676,19,676,676,657,657,638,638,619
2,677,2,677,677,675,675,673,673,671
2,677,3,677,677,674,674,671,671,668
2,677,5,677,677,672,672,667,667,662
2,677,7,677,677,670,670,663,663,656
2,677,11,677,677,666,666,655,655,644
2,677,13,677,677,664,664,651,651,638
2,677,17,677,677,660,660,643,643,626
2,677,19,677,677,658,658,639,639,620
2,678,2,678,678,676,676,674,674,672
2,678,3,678,678,675,675,672,672,669
2,678,5,678,678,673,673,668,668,663
2,678,7,678,678,671,671,664,664,657
2,678,11,678,678,667,667,656,656,645
2,678,13,678,678,665,665,652,652,639
2,678,17,678,678,661,661,644,644,627
2,678,19,678,678,659,659,640,640,621
2,679,2,679,679,677,677,675,675,673
2,679,3,679,679,676,676,673,673,670
2,679,5,679,679,674,674,669,669,664
2,679,7,679,679,672,672,665,665,658
2,679,11,679,679,668,668,657,657,646
2,679,13,679,679,666,666,653,653,640
2,679,17,679,679,662,662,645,645,628
2,679,19,679,679,660,660,641,641,622
2,680,2,680,680,678,678,676,676,674
2,680,3,680,680,677,677,674,674,671
2,680,5,680,680,675,675,670,670,665
2,680,7,680,680,673,673,666,666,659
2,680,11,680,680,669,669,658,658,647
2,680,13,680,680,667,667,654,654,641
2,680,17,680,680,663,663,646,646,629
2,680,19,680,680,661,661,642,642,623
2,681,2,681,681,679,679,677,677,675
2,681,3,681,681,678,678,675,675,672
2,681,5,681,681,676,676,671,671,666
2,681,7,681,681,674,674,667,667,660
2,681,11,681,681,670,670,659,659,648
2,681,13,681,681,668,668,655,655,642
2,681,17,681,681,664,664,647,647,630
2,681,19,681,681,662,662,643,643,624
2,682,2,682,682,680,680,678,678,676
2,682,3,682,682,679,679,676,676,673
2,682,5,682,682,677,677,672,672,667
2,682,7,682,682,675,675,668,668,661
2,682,11,682,682,671,671,660,660,649
2,682,13,682,682,669,669,656,656,643
2,682,17,682,682,665,665,648,648,631
2,682,19,682,682,663,663,644,644,625
2,683,2,683,683,681,681,679,679,677
2,683,3,683,683,680,680,677,677,674
2,683,5,683,683,678,678,673,673,668
2,683,7,683,683,676,676,669,669,662
2,683,11,683,683,672,672,661,661,650
2,683,13,683,683,670,670,657,657,644
2,683,17,683,683,666,666,649,649,632
2,683,19,683,683,664,664,645,645,626
2,684,2,684,684,682,682,680,680,678
2,684,3,684,684,681,681,678,678,675
2,684,5,684,684,679,679,674,674,669
2,684,7,684,684,677,677,670,670,663
2,684,11,684,684,673,673,662,662,651
2,684,13,684,684,671,671,658,658,645
2,684,17,684,684,667,667,650,650,633
2,684,19,684,684,665,665,646,646,627
2,685,2,685,685,683,683,681,681,679
2,685,3,685,685,682,682,679,679,676
2,685,5,685,685,680,680,675,675,670
2,685,7,685,685,678,678,671,671,664
2,685,11,685,685,674,674,663,663,652
2,685,13,685,685,672,672,659,659,646
2,685,17,685,685,668,668,651,651,634
2,685,19,685,685,666,666,647,647,628
2,686,2,686,686,684,684,682,682,680
2,686,3,686,686,683,683,680,680,677
2,686,5,686,686,681,681,676,676,671
2,686,7,686,686,679,679,672,672,665
2,686,11,686,686,675,675,664,664,653
2,686,13,686,686,673,673,660,660,647
2,686,17,686,686,669,669,652,652,635
2,686,19,686,686,667,667,648,648,629
2,687,2,687,687,685,685,683,683,681
2,687,3,687,687,684,684,681,681,678
2,687,5,687,687,682,682,677,677,672
2,687,7,687,687,680,680,673,673,666
2,687,11,687,687,676,676,665,665,654
2,687,13,687,687,674,674,661,661,648
2,687,17,687,687,670,670,653,653,636
2,687,19,687,687,668,668,649,649,630
2,688,2,688,688,686,686,684,684,682
2,688,3,688,688,685,685,682,682,679
2,688,5,688,688,683,683,678,678,673
2,688,7,688,688,681,681,674,674,667
2,688,11,688,688,677,677,666,666,655
2,688,13,688,688,675,675,662,662,649
2,688,17,688,688,671,671,654,654,637
2,688,19,688,688,669,669,650,650,631
2,689,2,689,689,687,687,685,685,683
2,689,3,689,689,686,686,683,683,680
2,689,5,689,689,684,684,679,679,674
2,689,7,689,689,682,682,675,675,668
2,689,11,689,689,678,678,667,667,656
2,689,13,689,689,676,676,663,663,650
2,689,17,689,689,672,672,655,655,638
2,689,19,689,689,670,670,651,651,632
2,690,2,690,690,688,688,686,686,684
2,690,3,690,690,687,687,684,684,681
2,690,5,690,690,685,685,680,680,675
2,690,7,690,690,683,683,676,676,669
2,690,11,690,690,679,679,668,668,657
2,690,13,690,690,677,677,664,664,651
2,690,17,690,690,673,673,656,656,639
2,690,19,690,690,671,671,652,652,633
2,691,2,691,691,689,689,687,687,685
2,691,3,691,691,688,688,685,685,682
2,691,5,691,691,686,686,681,681,676
2,691,7,691,691,684,684,677,677,670
2,691,11,691,691,680,680,669,669,658
2,691,13,691,691,678,678,665,665,652
2,691,17,691,691,674,674,657,657,640
2,691,19,691,691,672,672,653,653,634
2,692,2,692,692,690,690,688,688,686
2,692,3,692,692,689,689,686,686,683
2,692,5,692,692,687,687,682,682,677
2,692,7,692,692,685,685,678,678,671
2,692,11,692,692,681,681,670,670,659
2,692,13,692,692,679,679,666,666,653
2,692,17,692,692,675,675,658,658,641
2,692,19,692,692,673,673,654,654,635
2,693,2,693,693,691,691,689,689,687
2,693,3,693,693,690,690,687,687,684
2,693,5,693,693,688,688,683,683,678
2,693,7,693,693,686,686,679,679,672
2,693,11,693,693,682,682,671,671,660
2,693,13,693,693,680,680,667,667,654
2,693,17,693,693,676,676,659,659,642
2,693,19,693,693,674,674,655,655,636
2,694,2,694,694,692,692,690,690,688
2,694,3,694,694,691,691,688,688,685
2,694,5,694,694,689,689,684,684,679
2,694,7,694,694,687,687,680,680,673
2,694,11,694,694,683,683,672,672,661
2,694,13,694,694,681,681,668,668,655
2,694,17,694,694,677,677,660,660,643
2,694,19,694,694,675,675,656,656,637
2,695,2,695,695,693,693,691,691,689
2,695,3,695,695,692,692,689,689,686
2,695,5,695,695,690,690,685,685,680
2,695,7,695,695,688,688,681,681,674
2,695,11,695,695,684,684,673,673,662
2,695,13,695,695,682,682,669,669,656
2,695,17,695,695,678,678,661,661,644
2,695,19,695,695,676,676,657,657,638
2,696,2,696,696,694,694,692,692,690
2,696,3,696,696,693,693,690,690,687
2,696,5,696,696,691,691,686,686,681
2,696,7,696,696,689,689,682,682,675
2,696,11,696,696,685,685,674,674,663
2,696,13,696,696,683,683,670,670,657
2,696,17,696,696,679,679,662,662,645
2,696,19,696,696,677,677,658,658,639
2,697,2,697,697,695,695,693,693,691
2,697,3,697,697,694,694,691,691,688
2,697,5,697,697,692,692,687,687,682
2,697,7,697,697,690,690,683,683,676
2,697,11,697,697,686,686,675,675,664
2,697,13,697,697,684,684,671,671,658
2,697,17,697,697,680,680,663,663,646
2,697,19,697,697,678,678,659,659,640
2,698,2,698,698,696,696,694,694,692
2,698,3,698,698,695,695,692,692,689
2,698,5,698,698,693,693,688,688,683
2,698,7,698,698,691,691,684,684,677
2,698,11,698,698,687,687,676,676,665
2,698,13,698,698,685,685,672,672,659
2,698,17,698,698,681,681,664,664,647
2,698,19,698,698,679,679,660,660,641
2,699,2,699,699,697,697,695,695,693
2,699,3,699,699,696,696,693,693,690
2,699,5,699,699,694,694,689,689,684
2,699,7,699,699,692,692,685,685,678
2,699,11,699,699,688,688,677,677,666
2,699,13,699,699,686,686,673,673,660
2,699,17,699,699,682,682,665,665,648
2,699,19,699,699,680,680,661,661,642
2,700,2,700,700,698,698,696,696,694
2,700,3,700,700,697,697,694,694,691
2,700,5,700,700,695,695,690,690,685
2,700,7,700,700,693,693,686,686,679
2,700,11,700,700,689,689,678,678,667
2,700,13,700,700,687,687,674,674,661
2,700,17,700,700,683,683,666,666,649
2,700,19,700,700,681,681,662,662,643
2,701,2,701,701,699,699,697,697,695
2,701,3,701,701,698,698,695,695,692
2,701,5,701,701,696,696,691,691,686
2,701,7,701,701,694,694,687,687,680
2,701,11,701,701,690,690,679,679,668
2,701,13,701,701,688,688,675,675,662
2,701,17,701,701,684,684,667,667,650
2,701,19,701,701,682,682,663,663,644
2,702,2,702,702,700,700,698,698,696
2,702,3,702,702,699,699,696,696,693
2,702,5,702,702,697,697,692,692,687
2,702,7,702,702,695,695,688,688,681
2,702,11,702,702,691,691,680,680,669
2,702,13,702,702,689,689,676,676,663
2,702,17,702,702,685,685,668,668,651
2,702,19,702,702,683,683,664,664,645
2,703,2,703,703,701,701,699,699,697
2,703,3,703,703,700,700,697,697,694
2,703,5,703,703,698,698,693,693,688
2,703,7,703,703,696,696,689,689,682
2,703,11,703,703,692,692,681,681,670
2,703,13,703,703,690,690,677,677,664
2,703,17,703,703,686,686,669,669,652
2,703,19,703,703,684,684,665,665,646
2,704,2,704,704,702,702,700,700,698
2,704,3,704,704,701,701,698,698,695
2,704,5,704,704,699,699,694,694,689
2,704,7,704,704,697,697,690,690,683
2,704,11,704,704,693,693,682,682,671
2,704,13,704,704,691,691,678,678,665
2,704,17,704,704,687,687,670,670,653
2,704,19,704,704,685,685,666,666,647
2,705,2,705,705,703,703,701,701,699
2,705,3,705,705,702,702,699,699,696
2,705,5,705,705,700,700,695,695,690
2,705,7,705,705,698,698,691,691,684
2,705,11,705,705,694,694,683,683,672
2,705,13,705,705,692,692,679,679,666
2,705,17,705,705,688,688,671,671,654
2,705,19,705,705,686,686,667,667,648
2,706,2,706,706,704,704,702,702,700
2,706,3,706,706,703,703,700,700,697
2,706,5,706,706,701,701,696,696,691
2,706,7,706,706,699,699,692,692,685
2,706,11,706,706,695,695,684,684,673
2,706,13,706,706,693,693,680,680,667
2,706,17,706,706,689,689,672,672,655
2,706,19,706,706,687,687,668,668,649
2,707,2,707,707,705,705,703,703,701
2,707,3,707,707,704,704,701,701,698
2,707,5,707,707,702,702,697,697,692
2,707,7,707,707,700,700,693,693,686
2,707,11,707,707,696,696,685,685,674
2,707,13,707,707,694,694,681,681,668
2,707,17,707,707,690,690,673,673,656
2,707,19,707,707,688,688,669,669,650
2,708,2,708,708,706,706,704,704,702
2,708,3,708,708,705,705,702,702,699
2,708,5,708,708,703,703,698,698,693
2,708,7,708,708,701,701,694,694,687
2,708,11,708,708,697,697,686,686,675
2,708,13,708,708,695,695,682,682,669
2,708,17,708,708,691,691,674,674,657
2,708,19,708,708,689,689,670,670,651
2,709,2,709,709,707,707,705,705,703
2,709,3,709,709,706,706,703,703,700
2,709,5,709,709,704,704,699,699,694
2,709,7,709,709,702,702,695,695,688
2,709,11,709,709,698,698,687,687,676
2,709,13,709,709,696,696,683,683,670
2,709,17,709,709,692,692,675,675,658
2,709,19,709,709,690,690,671,671,652
2,710,2,710,710,708,708,706,706,704
2,710,3,710,710,707,707,704,704,701
2,710,5,710,710,705,705,700,700,695
2,710,7,710,710,703,703,696,696,689
2,710,11,710,710,699,699,688,688,677
2,710,13,710,710,697,697,684,684,671
2,710,17,710,710,693,693,676,676,659
2,710,19,710,710,691,691,672,672,653
2,711,2,711,711,709,709,707,707,705
2,711,3,711,711,708,708,705,705,702
2,711,5,711,711,706,706,701,701,696
2,711,7,711,711,704,704,697,697,690
2,711,11,711,711,700,700,689,689,678
2,711,13,711,711,698,698,685,685,672
2,711,17,711,711,694,694,677,677,660
2,711,19,711,711,692,692,673,673,654
2,712,2,712,712,710,710,708,708,706
2,712,3,712,712,709,709,706,706,703
2,712,5,712,712,707,707,702,702,697
2,712,7,712,712,705,705,698,698,691
2,712,11,712,712,701,701,690,690,679
2,712,13,712,712,699,699,686,686,673
2,712,17,712,712,695,695,678,678,661
2,712,19,712,712,693,693,674,674,655
2,713,2,713,713,711,711,709,709,707
2,713,3,713,713,710,710,707,707,704
2,713,5,713,713,708,708,703,703,698
2,713,7,713,713,706,706,699,699,692
2,713,11,713,713,702,702,691,691,680
2,713,13,713,713,700,700,687,687,674
2,713,17,713,713,696,696,679,679,662
2,713,19,713,713,694,694,675,675,656
2,714,2,714,714,712,712,710,710,708
2,714,3,714,714,711,711,708,708,705
2,714,5,714,714,709,709,704,704,699
2,714,7,714,714,707,707,700,700,693
2,714,11,714,714,703,703,692,692,681
2,714,13,714,714,701,701,688,688,675
2,714,17,714,714,697,697,680,680,663
2,714,19,714,714,695,695,676,676,657
2,715,2,715,715,713,713,711,711,709
2,715,3,715,715,712,712,709,709,706
2,715,5,715,715,710,710,705,705,700
2,715,7,715,715,708,708,701,701,694
2,715,11,715,715,704,704,693,693,682
2,715,13,715,715,702,702,689,689,676
2,715,17,715,715,698,698,681,681,664
2,715,19,715,715,696,696,677,677,658
2,716,2,716,716,714,714,712,712,710
2,716,3,716,716,713,713,710,710,707
2,716,5,716,716,711,711,706,706,701
2,716,7,716,716,709,709,702,702,695
2,716,11,716,716,705,705,694,694,683
2,716,13,716,716,703,703,690,690,677
2,716,17,716,716,699,699,682,682,665
2,716,19,716,716,697,697,678,678,659
2,717,2,717,717,715,715,713,713,711
2,717,3,717,717,714,714,711,711,708
2,717,5,717,717,712,712,707,707,702
2,717,7,717,717,710,710,703,703,696
2,717,11,717,717,706,706,695,695,684
2,717,13,717,717,704,704,691,691,678
2,717,17,717,717,700,700,683,683,666
2,717,19,717,717,698,698,679,679,660
2,718,2,718,718,716,716,714,714,712
2,718,3,718,718,715,715,712,712,709
2,718,5,718,718,713,713,708,708,703
2,718,7,718,718,711,711,704,704,697
2,718,11,718,718,707,707,696,696,685
2,718,13,718,718,705,705,692,692,679
2,718,17,718,718,701,701,684,684,667
2,718,19,718,718,699,699,680,680,661
2,719,2,719,719,717,717,715,715,713
2,719,3,719,719,716,716,713,713,710
2,719,5,719,719,714,714,709,709,704
2,719,7,719,719,712,712,705,705,698
2,719,11,719,719,708,708,697,697,686
2,719,13,719,719,706,706,693,693,680
2,719,17,719,719,702,702,685,685,668
2,719,19,719,719,700,700,681,681,662
2,720,2,720,720,718,718,716,716,714
2,720,3,720,720,717,717,714,714,711
2,720,5,720,720,715,715,710,710,705
2,720,7,720,720,713,713,706,706,699
2,720,11,720,720,709,709,698,698,687
2,720,13,720,720,707,707,694,694,681
2,720,17,720,720,703,703,686,686,669
2,720,19,720,720,701,701,682,682,663
2,721,2,721,721,719,719,717,717,715
2,721,3,721,721,718,718,715,715,712
2,721,5,721,721,716,716,711,711,706
2,721,7,721,721,714,714,707,707,700
2,721,11,721,721,710,710,699,699,688
2,721,13,721,721,708,708,695,695,682
2,721,17,721,721,704,704,687,687,670
2,721,19,721,721,702,702,683,683,664
2,722,2,722,722,720,720,718,718,716
2,722,3,722,722,719,719,716,716,713
2,722,5,722,722,717,717,712,712,707
2,722,7,722,722,715,715,708,708,701
2,722,11,722,722,711,711,700,700,689
2,722,13,722,722,709,709,696,696,683
2,722,17,722,722,705,705,688,688,671
2,722,19,722,722,703,703,684,684,665
2,723,2,723,723,721,721,719,719,717
2,723,3,723,723,720,720,717,717,714
2,723,5,723,723,718,718,713,713,708
2,723,7,723,723,716,716,709,709,702
2,723,11,723,723,712,712,701,701,690
2,723,13,723,723,710,710,697,697,684
2,723,17,723,723,706,706,689,689,672
2,723,19,723,723,704,704,685,685,666
2,724,2,724,724,722,722,720,720,718
2,724,3,724,724,721,721,718,718,715
2,724,5,724,724,719,719,714,714,709
2,724,7,724,724,717,717,710,710,703
2,724,11,724,724,713,713,702,702,691
2,724,13,724,724,711,711,698,698,685
2,724,17,724,724,707,707,690,690,673
2,724,19,724,724,705,705,686,686,667
2,725,2,725,725,723,723,721,721,719
2,725,3,725,725,722,722,719,719,716
2,725,5,725,725,720,720,715,715,710
2,725,7,725,725,718,718,711,711,704
2,725,11,725,725,714,714,703,703,692
2,725,13,725,725,712,712,699,699,686
2,725,17,725,725,708,708,691,691,674
2,725,19,725,725,706,706,687,687,668
2,726,2,726,726,724,724,722,722,720
2,726,3,726,726,723,723,720,720,717
2,726,5,726,726,721,721,716,716,711
2,726,7,726,726,719,719,712,712,705
2,726,11,726,726,715,715,704,704,693
2,726,13,726,726,713,713,700,700,687
2,726,17,726,726,709,709,692,692,675
2,726,19,726,726,707,707,688,688,669
2,727,2,727,727,725,725,723,723,721
2,727,3,727,727,724,724,721,721,718
2,727,5,727,727,722,722,717,717,712
2,727,7,727,727,720,720,713,713,706
2,727,11,727,727,716,716,705,705,694
2,727,13,727,727,714,714,701,701,688
2,727,17,727,727,710,710,693,693,676
2,727,19,727,727,708,708,689,689,670
2,728,2,728,728,726,726,724,724,722
2,728,3,728,728,725,725,722,722,719
2,728,5,728,728,723,723,718,718,713
2,728,7,728,728,721,721,714,714,707
2,728,11,728,728,717,717,706,706,695
2,728,13,728,728,715,715,702,702,689
2,728,17,728,728,711,711,694,694,677
2,728,19,728,728,709,709,690,690,671
2,729,2,729,729,727,727,725,725,723
2,729,3,729,729,726,726,723,723,720
2,729,5,729,729,724,724,719,719,714
2,729,7,729,729,722,722,715,715,708
2,729,11,729,729,718,718,707,707,696
2,729,13,729,729,716,716,703,703,690
2,729,17,729,729,712,712,695,695,678
2,729,19,729,729,710,710,691,691,672
2,730,2,730,730,728,728,726,726,724
2,730,3,730,730,727,727,724,724,721
2,730,5,730,730,725,725,720,720,715
2,730,7,730,730,723,723,716,716,709
2,730,11,730,730,719,719,708,708,697
2,730,13,730,730,717,717,704,704,691
2,730,17,730,730,713,713,696,696,679
2,730,19,730,730,711,711,692,692,673
2,731,2,731,731,729,729,727,727,725
2,731,3,731,731,728,728,725,725,722
2,731,5,731,731,726,726,721,721,716
2,731,7,731,731,724,724,717,717,710
2,731,11,731,731,720,720,709,709,698
2,731,13,731,731,718,718,705,705,692
2,731,17,731,731,714,714,697,697,680
2,731,19,731,731,712,712,693,693,674
2,732,2,732,732,730,730,728,728,726
2,732,3,732,732,729,729,726,726,723
2,732,5,732,732,727,727,722,722,717
2,732,7,732,732,725,725,718,718,711
2,732,11,732,732,721,721,710,710,699
2,732,13,732,732,719,719,706,706,693
2,732,17,732,732,715,715,698,698,681
2,732,19,732,732,713,713,694,694,675
2,733,2,733,733,731,731,729,729,727
2,733,3,733,733,730,730,727,727,724
2,733,5,733,733,728,728,723,723,718
2,733,7,733,733,726,726,719,719,712
2,733,11,733,733,722,722,711,711,700
2,733,13,733,733,720,720,707,707,694
2,733,17,733,733,716,716,699,699,682
2,733,19,733,733,714,714,695,695,676
2,734,2,734,734,732,732,730,730,728
2,734,3,734,734,731,731,728,728,725
2,734,5,734,734,729,729,724,724,719
2,734,7,734,734,727,727,720,720,713
2,734,11,734,734,723,723,712,712,701
2,734,13,734,734,721,721,708,708,695
2,734,17,734,734,717,717,700,700,683
2,734,19,734,734,715,715,696,696,677
2,735,2,735,735,733,733,731,731,729
2,735,3,735,735,732,732,729,729,726
2,735,5,735,735,730,730,725,725,720
2,735,7,735,735,728,728,721,721,714
2,735,11,735,735,724,724,713,713,702
2,735,13,735,735,722,722,709,709,696
2,735,17,735,735,718,718,701,701,684
2,735,19,735,735,716,716,697,697,678
2,736,2,736,736,734,734,732,732,730
2,736,3,736,736,733,733,730,730,727
2,736,5,736,736,731,731,726,726,721
2,736,7,736,736,729,729,722,722,715
2,736,11,736,736,725,725,714,714,703
2,736,13,736,736,723,723,710,710,697
2,736,17,736,736,719,719,702,702,685
2,736,19,736,736,717,717,698,698,679
2,737,2,737,737,735,735,733,733,731
2,737,3,737,737,734,734,731,731,728
2,737,5,737,737,732,732,727,727,722
2,737,7,737,737,730,730,723,723,716
2,737,11,737,737,726,726,715,715,704
2,737,13,737,737,724,724,711,711,698
2,737,17,737,737,720,720,703,703,686
2,737,19,737,737,718,718,699,699,680
2,738,2,738,738,736,736,734,734,732
2,738,3,738,738,735,735,732,732,729
2,738,5,738,738,733,733,728,728,723
2,738,7,738,738,731,731,724,724,717
2,738,11,738,738,727,727,716,716,705
2,738,13,738,738,725,725,712,712,699
2,738,17,738,738,721,721,704,704,687
2,738,19,738,738,719,719,700,700,681
2,739,2,739,739,737,737,735,735,733
2,739,3,739,739,736,736,733,733,730
2,739,5,739,739,734,734,729,729,724
2,739,7,739,739,732,732,725,725,718
2,739,11,739,739,728,728,717,717,706
2,739,13,739,739,726,726,713,713,700
2,739,17,739,739,722,722,705,705,688
2,739,19,739,739,720,720,701,701,682
2,740,2,740,740,738,738,736,736,734
2,740,3,740,740,737,737,734,734,731
2,740,5,740,740,735,735,730,730,725
2,740,7,740,740,733,733,726,726,719
2,740,11,740,740,729,729,718,718,707
2,740,13,740,740,727,727,714,714,701
2,740,17,740,740,723,723,706,706,689
2,740,19,740,740,721,721,702,702,683
2,741,2,741,741,739,739,737,737,735
2,741,3,741,741,738,738,735,735,732
2,741,5,741,741,736,736,731,731,726
2,741,7,741,741,734,734,727,727,720
2,741,11,741,741,730,730,719,719,708
2,741,13,741,741,728,728,715,715,702
2,741,17,741,741,724,724,707,707,690
2,741,19,741,741,722,722,703,703,684
2,742,2,742,742,740,740,738,738,736
2,742,3,742,742,739,739,736,736,733
2,742,5,742,742,737,737,732,732,727
2,742,7,742,742,735,735,728,728,721
2,742,11,742,742,731,731,720,720,709
2,742,13,742,742,729,729,716,716,703
2,742,17,742,742,725,725,708,708,691
2,742,19,742,742,723,723,704,704,685
2,743,2,743,743,741,741,739,739,737
2,743,3,743,743,740,740,737,737,734
2,743,5,743,743,738,738,733,733,728
2,743,7,743,743,736,736,729,729,722
2,743,11,743,743,732,732,721,721,710
2,743,13,743,743,730,730,717,717,704
2,743,17,743,743,726,726,709,709,692
2,743,19,743,743,724,724,705,705,686
2,744,2,744,744,742,742,740,740,738
2,744,3,744,744,741,741,738,738,735
2,744,5,744,744,739,739,734,734,729
2,744,7,744,744,737,737,730,730,723
2,744,11,744,744,733,733,722,722,711
2,744,13,744,744,731,731,718,718,705
2,744,17,744,744,727,727,710,710,693
2,744,19,744,744,725,725,706,706,687
2,745,2,745,745,743,743,741,741,739
2,745,3,745,745,742,742,739,739,736
2,745,5,745,745,740,740,735,735,730
2,745,7,745,745,738,738,731,731,724
2,745,11,745,745,734,734,723,723,712
2,745,13,745,745,732,732,719,719,706
2,745,17,745,745,728,728,711,711,694
2,745,19,745,745,726,726,707,707,688
2,746,2,746,746,744,744,742,742,740
2,746,3,746,746,743,743,740,740,737
2,746,5,746,746,741,741,736,736,731
2,746,7,746,746,739,739,732,732,725
2,746,11,746,746,735,735,724,724,713
2,746,13,746,746,733,733,720,720,707
2,746,17,746,746,729,729,712,712,695
2,746,19,746,746,727,727,708,708,689
2,747,2,747,747,745,745,743,743,741
2,747,3,747,747,744,744,741,741,738
2,747,5,747,747,742,742,737,737,732
2,747,7,747,747,740,740,733,733,726
2,747,11,747,747,736,736,725,725,714
2,747,13,747,747,734,734,721,721,708
2,747,17,747,747,730,730,713,713,696
2,747,19,747,747,728,728,709,709,690
2,748,2,748,748,746,746,744,744,742
2,748,3,748,748,745,745,742,742,739
2,748,5,748,748,743,743,738,738,733
2,748,7,748,748,741,741,734,734,727
2,748,11,748,748,737,737,726,726,715
2,748,13,748,748,735,735,722,722,709
2,748,17,748,748,731,731,714,714,697
2,748,19,748,748,729,729,710,710,691
2,749,2,749,749,747,747,745,745,743
2,749,3,749,749,746,746,743,743,740
2,749,5,749,749,744,744,739,739,734
2,749,7,749,749,742,742,735,735,728
2,749,11,749,749,738,738,727,727,716
2,749,13,749,749,736,736,723,723,710
2,749,17,749,749,732,732,715,715,698
2,749,19,749,749,730,730,711,711,692
2,750,2,750,750,748,748,746,746,744
2,750,3,750,750,747,747,744,744,741
2,750,5,750,750,745,745,740,740,735
2,750,7,750,750,743,743,736,736,729
2,750,11,750,750,739,739,728,728,717
2,750,13,750,750,737,737,724,724,711
2,750,17,750,750,733,733,716,716,699
2,750,19,750,750,731,731,712,712,693
2,751,2,751,751,749,749,747,747,745
2,751,3,751,751,748,748,745,745,742
2,751,5,751,751,746,746,741,741,736
2,751,7,751,751,744,744,737,737,730
2,751,11,751,751,740,740,729,729,718
2,751,13,751,751,738,738,725,725,712
2,751,17,751,751,734,734,717,717,700
2,751,19,751,751,732,732,713,713,694
2,752,2,752,752,750,750,748,748,746
2,752,3,752,752,749,749,746,746,743
2,752,5,752,752,747,747,742,742,737
2,752,7,752,752,745,745,738,738,731
2,752,11,752,752,741,741,730,730,719
2,752,13,752,752,739,739,726,726,713
2,752,17,752,752,735,735,718,718,701
2,752,19,752,752,733,733,714,714,695
2,753,2,753,753,751,751,749,749,747
2,753,3,753,753,750,750,747,747,744
2,753,5,753,753,748,748,743,743,738
2,753,7,753,753,746,746,739,739,732
2,753,11,753,753,742,742,731,731,720
2,753,13,753,753,740,740,727,727,714
2,753,17,753,753,736,736,719,719,702
2,753,19,753,753,734,734,715,715,696
2,754,2,754,754,752,752,750,750,748
2,754,3,754,754,751,751,748,748,745
2,754,5,754,754,749,749,744,744,739
2,754,7,754,754,747,747,740,740,733
2,754,11,754,754,743,743,732,732,721
2,754,13,754,754,741,741,728,728,715
2,754,17,754,754,737,737,720,720,703
2,754,19,754,754,735,735,716,716,697
2,755,2,755,755,753,753,751,751,749
2,755,3,755,755,752,752,749,749,746
2,755,5,755,755,750,750,745,745,740
2,755,7,755,755,748,748,741,741,734
2,755,11,755,755,744,744,733,733,722
2,755,13,755,755,742,742,729,729,716
2,755,17,755,755,738,738,721,721,704
2,755,19,755,755,736,736,717,717,698
2,756,2,756,756,754,754,752,752,750
2,756,3,756,756,753,753,750,750,747
2,756,5,756,756,751,751,746,746,741
2,756,7,756,756,749,749,742,742,735
2,756,11,756,756,745,745,734,734,723
2,756,13,756,756,743,743,730,730,717
2,756,17,756,756,739,739,722,722,705
2,756,19,756,756,737,737,718,718,699
2,757,2,757,757,755,755,753,753,751
2,757,3,757,757,754,754,751,751,748
2,757,5,757,757,752,752,747,747,742
2,757,7,757,757,750,750,743,743,736
2,757,11,757,757,746,746,735,735,724
2,757,13,757,757,744,744,731,731,718
2,757,17,757,757,740,740,723,723,706
2,757,19,757,757,738,738,719,719,700
2,758,2,758,758,756,756,754,754,752
2,758,3,758,758,755,755,752,752,749
2,758,5,758,758,753,753,748,748,743
2,758,7,758,758,751,751,744,744,737
2,758,11,758,758,747,747,736,736,725
2,758,13,758,758,745,745,732,732,719
2,758,17,758,758,741,741,724,724,707
2,758,19,758,758,739,739,720,720,701
2,759,2,759,759,757,757,755,755,753
2,759,3,759,759,756,756,753,753,750
2,759,5,759,759,754,754,749,749,744
2,759,7,759,759,752,752,745,745,738
2,759,11,759,759,748,748,737,737,726
2,759,13,759,759,746,746,733,733,720
2,759,17,759,759,742,742,725,725,708
2,759,19,759,759,740,740,721,721,702
2,760,2,760,760,758,758,756,756,754
2,760,3,760,760,757,757,754,754,751
2,760,5,760,760,755,755,750,750,745
2,760,7,760,760,753,753,746,746,739
2,760,11,760,760,749,749,738,738,727
2,760,13,760,760,747,747,734,734,721
2,760,17,760,760,743,743,726,726,709
2,760,19,760,760,741,741,722,722,703
2,761,2,761,761,759,759,757,757,755
2,761,3,761,761,758,758,755,755,752
2,761,5,761,761,756,756,751,751,746
2,761,7,761,761,754,754,747,747,740
2,761,11,761,761,750,750,739,739,728
2,761,13,761,761,748,748,735,735,722
2,761,17,761,761,744,744,727,727,710
2,761,19,761,761,742,742,723,723,704
2,762,2,762,762,760,760,758,758,756
2,762,3,762,762,759,759,756,756,753
2,762,5,762,762,757,757,752,752,747
2,762,7,762,762,755,755,748,748,741
2,762,11,762,762,751,751,740,740,729
2,762,13,762,762,749,749,736,736,723
2,762,17,762,762,745,745,728,728,711
2,762,19,762,762,743,743,724,724,705
2,763,2,763,763,761,761,759,759,757
2,763,3,763,763,760,760,757,757,754
2,763,5,763,763,758,758,753,753,748
2,763,7,763,763,756,756,749,749,742
2,763,11,763,763,752,752,741,741,730
2,763,13,763,763,750,750,737,737,724
2,763,17,763,763,746,746,729,729,712
2,763,19,763,763,744,744,725,725,706
2,764,2,764,764,762,762,760,760,758
2,764,3,764,764,761,761,758,758,755
2,764,5,764,764,759,759,754,754,749
2,764,7,764,764,757,757,750,750,743
2,764,11,764,764,753,753,742,742,731
2,764,13,764,764,751,751,738,738,725
2,764,17,764,764,747,747,730,730,713
2,764,19,764,764,745,745,726,726,707
2,765,2,765,765,763,763,761,761,759
2,765,3,765,765,762,762,759,759,756
2,765,5,765,765,760,760,755,755,750
2,765,7,765,765,758,758,751,751,744
2,765,11,765,765,754,754,743,743,732
2,765,13,765,765,752,752,739,739,726
2,765,17,765,765,748,748,731,731,714
2,765,19,765,765,746,746,727,727,708
2,766,2,766,766,764,764,762,762,760
2,766,3,766,766,763,763,760,760,757
2,766,5,766,766,761,761,756,756,751
2,766,7,766,766,759,759,752,752,745
2,766,11,766,766,755,755,744,744,733
2,766,13,766,766,753,753,740,740,727
2,766,17,766,766,749,749,732,732,715
2,766,19,766,766,747,747,728,728,709
2,767,2,767,767,765,765,763,763,761
2,767,3,767,767,764,764,761,761,758
2,767,5,767,767,762,762,757,757,752
2,767,7,767,767,760,760,753,753,746
2,767,11,767,767,756,756,745,745,734
2,767,13,767,767,754,754,741,741,728
2,767,17,767,767,750,750,733,733,716
2,767,19,767,767,748,748,729,729,710
2,768,2,768,768,766,766,764,764,762
2,768,3,768,768,765,765,762,762,759
2,768,5,768,768,763,763,758,758,753
2,768,7,768,768,761,761,754,754,747
2,768,11,768,768,757,757,746,746,735
2,768,13,768,768,755,755,742,742,729
2,768,17,768,768,751,751,734,734,717
2,768,19,768,768,749,749,730,730,711
2,769,2,769,769,767,767,765,765,763
2,769,3,769,769,766,766,763,763,760
2,769,5,769,769,764,764,759,759,754
2,769,7,769,769,762,762,755,755,748
2,769,11,769,769,758,758,747,747,736
2,769,13,769,769,756,756,743,743,730
2,769,17,769,769,752,752,735,735,718
2,769,19,769,769,750,750,731,731,712
2,770,2,770,770,768,768,766,766,764
2,770,3,770,770,767,767,764,764,761
2,770,5,770,770,765,765,760,760,755
2,770,7,770,770,763,763,756,756,749
2,770,11,770,770,759,759,748,748,737
2,770,13,770,770,757,757,744,744,731
2,770,17,770,770,753,753,736,736,719
2,770,19,770,770,751,751,732,732,713
2,771,2,771,771,769,769,767,767,765
2,771,3,771,771,768,768,765,765,762
2,771,5,771,771,766,766,761,761,756
2,771,7,771,771,764,764,757,757,750
2,771,11,771,771,760,760,749,749,738
2,771,13,771,771,758,758,745,745,732
2,771,17,771,771,754,754,737,737,720
2,771,19,771,771,752,752,733,733,714
2,772,2,772,772,770,770,768,768,766
2,772,3,772,772,769,769,766,766,763
2,772,5,772,772,767,767,762,762,757
2,772,7,772,772,765,765,758,758,751
2,772,11,772,772,761,761,750,750,739
2,772,13,772,772,759,759,746,746,733
2,772,17,772,772,755,755,738,738,721
2,772,19,772,772,753,753,734,734,715
2,773,2,773,773,771,771,769,769,767
2,773,3,773,773,770,770,767,767,764
2,773,5,773,773,768,768,763,763,758
2,773,7,773,773,766,766,759,759,752
2,773,11,773,773,762,762,751,751,740
2,773,13,773,773,760,760,747,747,734
2,773,17,773,773,756,756,739,739,722
2,773,19,773,773,754,754,735,735,716
2,774,2,774,774,772,772,770,770,768
2,774,3,774,774,771,771,768,768,765
2,774,5,774,774,769,769,764,764,759
2,774,7,774,774,767,767,760,760,753
2,774,11,774,774,763,763,752,752,741
2,774,13,774,774,761,761,748,748,735
2,774,17,774,774,757,757,740,740,723
2,774,19,774,774,755,755,736,736,717
2,775,2,775,775,773,773,771,771,769
2,775,3,775,775,772,772,769,769,766
2,775,5,775,775,770,770,765,765,760
2,775,7,775,775,768,768,761,761,754
2,775,11,775,775,764,764,753,753,742
2,775,13,775,775,762,762,749,749,736
2,775,17,775,775,758,758,741,741,724
2,775,19,775,775,756,756,737,737,718
2,776,2,776,776,774,774,772,772,770
2,776,3,776,776,773,773,770,770,767
2,776,5,776,776,771,771,766,766,761
2,776,7,776,776,769,769,762,762,755
2,776,11,776,776,765,765,754,754,743
2,776,13,776,776,763,763,750,750,737
2,776,17,776,776,759,759,742,742,725
2,776,19,776,776,757,757,738,738,719
2,777,2,777,777,775,775,773,773,771
2,777,3,777,777,774,774,771,771,768
2,777,5,777,777,772,772,767,767,762
2,777,7,777,777,770,770,763,763,756
2,777,11,777,777,766,766,755,755,744
2,777,13,777,777,764,764,751,751,738
2,777,17,777,777,760,760,743,743,726
2,777,19,777,777,758,758,739,739,720
2,778,2,778,778,776,776,774,774,772
2,778,3,778,778,775,775,772,772,769
2,778,5,778,778,773,773,768,768,763
2,778,7,778,778,771,771,764,764,757
2,778,11,778,778,767,767,756,756,745
2,778,13,778,778,765,765,752,752,739
2,778,17,778,778,761,761,744,744,727
2,778,19,778,778,759,759,740,740,721
2,779,2,779,779,777,777,775,775,773
2,779,3,779,779,776,776,773,773,770
2,779,5,779,779,774,774,769,769,764
2,779,7,779,779,772,772,765,765,758
2,779,11,779,779,768,768,757,757,746
2,779,13,779,779,766,766,753,753,740
2,779,17,779,779,762,762,745,745,728
2,779,19,779,779,760,760,741,741,722
2,780,2,780,780,778,778,776,776,774
2,780,3,780,780,777,777,774,774,771
2,780,5,780,780,775,775,770,770,765
2,780,7,780,780,773,773,766,766,759
2,780,11,780,780,769,769,758,758,747
2,780,13,780,780,767,767,754,754,741
2,780,17,780,780,763,763,746,746,729
2,780,19,780,780,761,761,742,742,723
2,781,2,781,781,779,779,777,777,775
2,781,3,781,781,778,778,775,775,772
2,781,5,781,781,776,776,771,771,766
2,781,7,781,781,774,774,767,767,760
2,781,11,781,781,770,770,759,759,748
2,781,13,781,781,768,768,755,755,742
2,781,17,781,781,764,764,747,747,730
2,781,19,781,781,762,762,743,743,724
2,782,2,782,782,780,780,778,778,776
2,782,3,782,782,779,779,776,776,773
2,782,5,782,782,777,777,772,772,767
2,782,7,782,782,775,775,768,768,761
2,782,11,782,782,771,771,760,760,749
2,782,13,782,782,769,769,756,756,743
2,782,17,782,782,765,765,748,748,731
2,782,19,782,782,763,763,744,744,725
2,783,2,783,783,781,781,779,779,777
2,783,3,783,783,780,780,777,777,774
2,783,5,783,783,778,778,773,773,768
2,783,7,783,783,776,776,769,769,762
2,783,11,783,783,772,772,761,761,750
2,783,13,783,783,770,770,757,757,744
2,783,17,783,783,766,766,749,749,732
2,783,19,783,783,764,764,745,745,726
2,784,2,784,784,782,782,780,780,778
2,784,3,784,784,781,781,778,778,775
2,784,5,784,784,779,779,774,774,769
2,784,7,784,784,777,777,770,770,763
2,784,11,784,784,773,773,762,762,751
2,784,13,784,784,771,771,758,758,745
2,784,17,784,784,767,767,750,750,733
2,784,19,784,784,765,765,746,746,727
2,785,2,785,785,783,783,781,781,779
2,785,3,785,785,782,782,779,779,776
2,785,5,785,785,780,780,775,775,770
2,785,7,785,785,778,778,771,771,764
2,785,11,785,785,774,774,763,763,752
2,785,13,785,785,772,772,759,759,746
2,785,17,785,785,768,768,751,751,734
2,785,19,785,785,766,766,747,747,728
2,786,2,786,786,784,784,782,782,780
2,786,3,786,786,783,783,780,780,777
2,786,5,786,786,781,781,776,776,771
2,786,7,786,786,779,779,772,772,765
2,786,11,786,786,775,775,764,764,753
2,786,13,786,786,773,773,760,760,747
2,786,17,786,786,769,769,752,752,735
2,786,19,786,786,767,767,748,748,729
2,787,2,787,787,785,785,783,783,781
2,787,3,787,787,784,784,781,781,778
2,787,5,787,787,782,782,777,777,772
2,787,7,787,787,780,780,773,773,766
2,787,11,787,787,776,776,765,765,754
2,787,13,787,787,774,774,761,761,748
2,787,17,787,787,770,770,753,753,736
2,787,19,787,787,768,768,749,749,730
2,788,2,788,788,786,786,784,784,782
2,788,3,788,788,785,785,782,782,779
2,788,5,788,788,783,783,778,778,773
2,788,7,788,788,781,781,774,774,767
2,788,11,788,788,777,777,766,766,755
2,788,13,788,788,775,775,762,762,749
2,788,17,788,788,771,771,754,754,737
2,788,19,788,788,769,769,750,750,731
2,789,2,789,789,787,787,785,785,783
2,789,3,789,789,786,786,783,783,780
2,789,5,789,789,784,784,779,779,774
2,789,7,789,789,782,782,775,775,768
2,789,11,789,789,778,778,767,767,756
2,789,13,789,789,776,776,763,763,750
2,789,17,789,789,772,772,755,755,738
2,789,19,789,789,770,770,751,751,732
2,790,2,790,790,788,788,786,786,784
2,790,3,790,790,787,787,784,784,781
2,790,5,790,790,785,785,780,780,775
2,790,7,790,790,783,783,776,776,769
2,790,11,790,790,779,779,768,768,757
2,790,13,790,790,777,777,764,764,751
2,790,17,790,790,773,773,756,756,739
2,790,19,790,790,771,771,752,752,733
2,791,2,791,791,789,789,787,787,785
2,791,3,791,791,788,788,785,785,782
2,791,5,791,791,786,786,781,781,776
2,791,7,791,791,784,784,777,777,770
2,791,11,791,791,780,780,769,769,758
2,791,13,791,791,778,778,765,765,752
2,791,17,791,791,774,774,757,757,740
2,791,19,791,791,772,772,753,753,734
2,792,2,792,792,790,790,788,788,786
2,792,3,792,792,789,789,786,786,783
2,792,5,792,792,787,787,782,782,777
2,792,7,792,792,785,785,778,778,771
2,792,11,792,792,781,781,770,770,759
2,792,13,792,792,779,779,766,766,753
2,792,17,792,792,775,775,758,758,741
2,792,19,792,792,773,773,754,754,735
2,793,2,793,793,791,791,789,789,787
2,793,3,793,793,790,790,787,787,784
2,793,5,793,793,788,788,783,783,778
2,793,7,793,793,786,786,779,779,772
2,793,11,793,793,782,782,771,771,760
2,793,13,793,793,780,780,767,767,754
2,793,17,793,793,776,776,759,759,742
2,793,19,793,793,774,774,755,755,736
2,794,2,794,794,792,792,790,790,788
2,794,3,794,794,791,791,788,788,785
2,794,5,794,794,789,789,784,784,779
2,794,7,794,794,787,787,780,780,773
2,794,11,794,794,783,783,772,772,761
2,794,13,794,794,781,781,768,768,755
2,794,17,794,794,777,777,760,760,743
2,794,19,794,794,775,775,756,756,737
2,795,2,795,795,793,793,791,791,789
2,795,3,795,795,792,792,789,789,786
2,795,5,795,795,790,790,785,785,780
2,795,7,795,795,788,788,781,781,774
2,795,11,795,795,784,784,773,773,762
2,795,13,795,795,782,782,769,769,756
2,795,17,795,795,778,778,761,761,744
2,795,19,795,795,776,776,757,757,738
2,796,2,796,796,794,794,792,792,790
2,796,3,796,796,793,793,790,790,787
2,796,5,796,796,791,791,786,786,781
2,796,7,796,796,789,789,782,782,775
2,796,11,796,796,785,785,774,774,763
2,796,13,796,796,783,783,770,770,757
2,796,17,796,796,779,779,762,762,745
2,796,19,796,796,777,777,758,758,739
2,797,2,797,797,795,795,793,793,791
2,797,3,797,797,794,794,791,791,788
2,797,5,797,797,792,792,787,787,782
2,797,7,797,797,790,790,783,783,776
2,797,11,797,797,786,786,775,775,764
2,797,13,797,797,784,784,771,771,758
2,797,17,797,797,780,780,763,763,746
2,797,19,797,797,778,778,759,759,740
2,798,2,798,798,796,796,794,794,792
2,798,3,798,798,795,795,792,792,789
2,798,5,798,798,793,793,788,788,783
2,798,7,798,798,791,791,784,784,777
2,798,11,798,798,787,787,776,776,765
2,798,13,798,798,785,785,772,772,759
2,798,17,798,798,781,781,764,764,747
2,798,19,798,798,779,779,760,760,741
2,799,2,799,799,797,797,795,795,793
2,799,3,799,799,796,796,793,793,790
2,799,5,799,799,794,794,789,789,784
2,799,7,799,799,792,792,785,785,778
2,799,11,799,799,788,788,777,777,766
2,799,13,799,799,786,786,773,773,760
2,799,17,799,799,782,782,765,765,748
2,799,19,799,799,780,780,761,761,742
2,800,2,800,800,798,798,796,796,794
2,800,3,800,800,797,797,794,794,791
2,800,5,800,800,795,795,790,790,785
2,800,7,800,800,793,793,786,786,779
2,800,11,800,800,789,789,778,778,767
2,800,13,800,800,787,787,774,774,761
2,800,17,800,800,783,783,766,766,749
2,800,19,800,800,781,781,762,762,743
3,801,2,801,801,799,799,797,797,795
3,801,3,801,801,798,798,795,795,792
3,801,5,801,801,796,796,791,791,786
3,801,7,801,801,794,794,787,787,780
3,801,11,801,801,790,790,779,779,768
3,801,13,801,801,788,788,775,775,762
3,801,17,801,801,784,784,767,767,750
3,801,19,801,801,782,782,763,763,744
3,802,2,802,802,800,800,798,798,796
3,802,3,802,802,799,799,796,796,793
3,802,5,802,802,797,797,792,792,787
3,802,7,802,802,795,795,788,788,781
3,802,11,802,802,791,791,780,780,769
3,802,13,802,802,789,789,776,776,763
3,802,17,802,802,785,785,768,768,751
3,802,19,802,802,783,783,764,764,745
3,803,2,803,803,801,801,799,799,797
3,803,3,803,803,800,800,797,797,794
3,803,5,803,803,798,798,793,793,788
3,803,7,803,803,796,796,789,789,782
3,803,11,803,803,792,792,781,781,770
3,803,13,803,803,790,790,777,777,764
3,803,17,803,803,786,786,769,769,752
3,803,19,803,803,784,784,765,765,746
3,804,2,804,804,802,802,800,800,798
3,804,3,804,804,801,801,798,798,795
3,804,5,804,804,799,799,794,794,789
3,804,7,804,804,797,797,790,790,783
3,804,11,804,804,793,793,782,782,771
3,804,13,804,804,791,791,778,778,765
3,804,17,804,804,787,787,770,770,753
3,804,19,804,804,785,785,766,766,747
3,805,2,805,805,803,803,801,801,799
3,805,3,805,805,802,802,799,799,796
3,805,5,805,805,800,800,795,795,790
3,805,7,805,805,798,798,791,791,784
3,805,11,805,805,794,794,783,783,772
3,805,13,805,805,792,792,779,779,766
3,805,17,805,805,788,788,771,771,754
3,805,19,805,805,786,786,767,767,748
3,806,2,806,806,804,804,802,802,800
3,806,3,806,806,803,803,800,800,797
3,806,5,806,806,801,801,796,796,791
3,806,7,806,806,799,799,792,792,785
3,806,11,806,806,795,795,784,784,773
3,806,13,806,806,793,793,780,780,767
3,806,17,806,806,789,789,772,772,755
3,806,19,806,806,787,787,768,768,749
3,807,2,807,807,805,805,803,803,801
3,807,3,807,807,804,804,801,801,798
3,807,5,807,807,802,802,797,797,792
3,807,7,807,807,800,800,793,793,786
3,807,11,807,807,796,796,785,785,774
3,807,13,807,807,794,794,781,781,768
3,807,17,807,807,790,790,773,773,756
3,807,19,807,807,788,788,769,769,750
3,808,2,808,808,806,806,804,804,802
3,808,3,808,808,805,805,802,802,799
3,808,5,808,808,803,803,798,798,793
3,808,7,808,808,801,801,794,794,787
3,808,11,808,808,797,797,786,786,775
3,808,13,808,808,795,795,782,782,769
3,808,17,808,808,791,791,774,774,757
3,808,19,808,808,789,789,770,770,751
3,809,2,809,809,807,807,805,805,803
3,809,3,809,809,806,806,803,803,800
3,809,5,809,809,804,804,799,799,794
3,809,7,809,809,802,802,795,795,788
3,809,11,809,809,798,798,787,787,776
3,809,13,809,809,796,796,783,783,770
3,809,17,809,809,792,792,775,775,758
3,809,19,809,809,790,790,771,771,752
3,810,2,810,810,808,808,806,806,804
3,810,3,810,810,807,807,804,804,801
3,810,5,810,810,805,805,800,800,795
3,810,7,810,810,803,803,796,796,789
3,810,11,810,810,799,799,788,788,777
3,810,13,810,810,797,797,784,784,771
3,810,17,810,810,793,793,776,776,759
3,810,19,810,810,791,791,772,772,753
3,811,2,811,811,809,809,807,807,805
3,811,3,811,811,808,808,805,805,802
3,811,5,811,811,806,806,801,801,796
3,811,7,811,811,804,804,797,797,790
3,811,11,811,811,800,800,789,789,778
3,811,13,811,811,798,798,785,785,772
3,811,17,811,811,794,794,777,777,760
3,811,19,811,811,792,792,773,773,754
3,812,2,812,812,810,810,808,808,806
3,812,3,812,812,809,809,806,806,803
3,812,5,812,812,807,807,802,802,797
3,812,7,812,812,805,805,798,798,791
3,812,11,812,812,801,801,790,790,779
3,812,13,812,812,799,799,786,786,773
3,812,17,812,812,795,795,778,778,761
3,812,19,812,812,793,793,774,774,755
3,813,2,813,813,811,811,809,809,807
3,813,3,813,813,810,810,807,807,804
3,813,5,813,813,808,808,803,803,798
3,813,7,813,813,806,806,799,799,792
3,813,11,813,813,802,802,791,791,780
3,813,13,813,813,800,800,787,787,774
3,813,17,813,813,796,796,779,779,762
3,813,19,813,813,794,794,775,775,756
3,814,2,814,814,812,812,810,810,808
3,814,3,814,814,811,811,808,808,805
3,814,5,814,814,809,809,804,804,799
3,814,7,814,814,807,807,800,800,793
3,814,11,814,814,803,803,792,792,781
3,814,13,814,814,801,801,788,788,775
3,814,17,814,814,797,797,780,780,763
3,814,19,814,814,795,795,776,776,757
3,815,2,815,815,813,813,811,811,809
3,815,3,815,815,812,812,809,809,806
3,815,5,815,815,810,810,805,805,800
3,815,7,815,815,808,808,801,801,794
3,815,11,815,815,804,804,793,793,782
3,815,13,815,815,802,802,789,789,776
3,815,17,815,815,798,798,781,781,764
3,815,19,815,815,796,796,777,777,758
3,816,2,816,816,814,814,812,812,810
3,816,3,816,816,813,813,810,810,807
3,816,5,816,816,811,811,806,806,801
3,816,7,816,816,809,809,802,802,795
3,816,11,816,816,805,805,794,794,783
3,816,13,816,816,803,803,790,790,777
3,816,17,816,816,799,799,782,782,765
3,816,19,816,816,797,797,778,778,759
3,817,2,817,817,815,815,813,813,811
3,817,3,817,817,814,814,811,811,808
3,817,5,817,817,812,812,807,807,802
3,817,7,817,817,810,810,803,803,796
3,817,11,817,817,806,806,795,795,784
3,817,13,817,817,804,804,791,791,778
3,817,17,817,817,800,800,783,783,766
3,817,19,817,817,798,798,779,779,760
3,818,2,818,818,816,816,814,814,812
3,818,3,818,818,815,815,812,812,809
3,818,5,818,818,813,813,808,808,803
3,818,7,818,818,811,811,804,804,797
3,818,11,818,818,807,807,796,796,785
3,818,13,818,818,805,805,792,792,779
3,818,17,818,818,801,801,784,784,767
3,818,19,818,818,799,799,780,780,761
3,819,2,819,819,817,817,815,815,813
3,819,3,819,819,816,816,813,813,810
3,819,5,819,819,814,814,809,809,804
3,819,7,819,819,812,812,805,805,798
3,819,11,819,819,808,808,797,797,786
3,819,13,819,819,806,806,793,793,780
3,819,17,819,819,802,802,785,785,768
3,819,19,819,819,800,800,781,781,762
3,820,2,820,820,818,818,816,816,814
3,820,3,820,820,817,817,814,814,811
3,820,5,820,820,815,815,810,810,805
3,820,7,820,820,813,813,806,806,799
3,820,11,820,820,809,809,798,798,787
3,820,13,820,820,807,807,794,794,781
3,820,17,820,820,803,803,786,786,769
3,820,19,820,820,801,801,782,782,763
3,821,2,821,821,819,819,817,817,815
3,821,3,821,821,818,818,815,815,812
3,821,5,821,821,816,816,811,811,806
3,821,7,821,821,814,814,807,807,800
3,821,11,821,821,810,810,799,799,788
3,821,13,821,821,808,808,795,795,782
3,821,17,821,821,804,804,787,787,770
3,821,19,821,821,802,802,783,783,764
3,822,2,822,822,820,820,818,818,816
3,822,3,822,822,819,819,816,816,813
3,822,5,822,822,817,817,812,812,807
3,822,7,822,822,815,815,808,808,801
3,822,11,822,822,811,811,800,800,789
3,822,13,822,822,809,809,796,796,783
3,822,17,822,822,805,805,788,788,771
3,822,19,822,822,803,803,784,784,765
3,823,2,823,823,821,821,819,819,817
3,823,3,823,823,820,820,817,817,814
3,823,5,823,823,818,818,813,813,808
3,823,7,823,823,816,816,809,809,802
3,823,11,823,823,812,812,801,801,790
3,823,13,823,823,810,810,797,797,784
3,823,17,823,823,806,806,789,789,772
3,823,19,823,823,804,804,785,785,766
3,824,2,824,824,822,822,820,820,818
3,824,3,824,824,821,821,818,818,815
3,824,5,824,824,819,819,814,814,809
3,824,7,824,824,817,817,810,810,803
3,824,11,824,824,813,813,802,802,791
3,824,13,824,824,811,811,798,798,785
3,824,17,824,824,807,807,790,790,773
3,824,19,824,824,805,805,786,786,767
3,825,2,825,825,823,823,821,821,819
3,825,3,825,825,822,822,819,819,816
3,825,5,825,825,820,820,815,815,810
3,825,7,825,825,818,818,811,811,804
3,825,11,825,825,814,814,803,803,792
3,825,13,825,825,812,812,799,799,786
3,825,17,825,825,808,808,791,791,774
3,825,19,825,825,806,806,787,787,768
3,826,2,826,826,824,824,822,822,820
3,826,3,826,826,823,823,820,820,817
3,826,5,826,826,821,821,816,816,811
3,826,7,826,826,819,819,812,812,805
3,826,11,826,826,815,815,804,804,793
3,826,13,826,826,813,813,800,800,787
3,826,17,826,826,809,809,792,792,775
3,826,19,826,826,807,807,788,788,769
3,827,2,827,827,825,825,823,823,821
3,827,3,827,827,824,824,821,821,818
3,827,5,827,827,822,822,817,817,812
3,827,7,827,827,820,820,813,813,806
3,827,11,827,827,816,816,805,805,794
3,827,13,827,827,814,814,801,801,788
3,827,17,827,827,810,810,793,793,776
3,827,19,827,827,808,808,789,789,770
3,828,2,828,828,826,826,824,824,822
3,828,3,828,828,825,825,822,822,819
3,828,5,828,828,823,823,818,818,813
3,828,7,828,828,821,821,814,814,807
3,828,11,828,828,817,817,806,806,795
3,828,13,828,828,815,815,802,802,789
3,828,17,828,828,811,811,794,794,777
3,828,19,828,828,809,809,790,790,771
3,829,2,829,829,827,827,825,825,823
3,829,3,829,829,826,826,823,823,820
3,829,5,829,829,824,824,819,819,814
3,829,7,829,829,822,822,815,815,808
3,829,11,829,829,818,818,807,807,796
3,829,13,829,829,816,816,803,803,790
3,829,17,829,829,812,812,795,795,778
3,829,19,829,829,810,810,791,791,772
3,830,2,830,830,828,828,826,826,824
3,830,3,830,830,827,827,824,824,821
3,830,5,830,830,825,825,820,820,815
3,830,7,830,830,823,823,816,816,809
3,830,11,830,830,819,819,808,808,797
3,830,13,830,830,817,817,804,804,791
3,830,17,830,830,813,813,796,796,779
3,830,19,830,830,811,811,792,792,773
3,831,2,831,831,829,829,827,827,825
3,831,3,831,831,828,828,825,825,822
3,831,5,831,831,826,826,821,821,816
3,831,7,831,831,824,824,817,817,810
3,831,11,831,831,820,820,809,809,798
3,831,13,831,831,818,818,805,805,792
3,831,17,831,831,814,814,797,797,780
3,831,19,831,831,812,812,793,793,774
3,832,2,832,832,830,830,828,828,826
3,832,3,832,832,829,829,826,826,823
3,832,5,832,832,827,827,822,822,817
3,832,7,832,832,825,825,818,818,811
3,832,11,832,832,821,821,810,810,799
3,832,13,832,832,819,819,806,806,793
3,832,17,832,832,815,815,798,798,781
3,832,19,832,832,813,813,794,794,775
3,833,2,833,833,831,831,829,829,827
3,833,3,833,833,830,830,827,827,824
3,833,5,833,833,828,828,823,823,818
3,833,7,833,833,826,826,819,819,812
3,833,11,833,833,822,822,811,811,800
3,833,13,833,833,820,820,807,807,794
3,833,17,833,833,816,816,799,799,782
3,833,19,833,833,814,814,795,795,776
3,834,2,834,834,832,832,830,830,828
3,834,3,834,834,831,831,828,828,825
3,834,5,834,834,829,829,824,824,819
3,834,7,834,834,827,827,820,820,813
3,834,11,834,834,823,823,812,812,801
3,834,13,834,834,821,821,808,808,795
3,834,17,834,834,817,817,800,800,783
3,834,19,834,834,815,815,796,796,777
3,835,2,835,835,833,833,831,831,829
3,835,3,835,835,832,832,829,829,826
3,835,5,835,835,830,830,825,825,820
3,835,7,835,835,828,828,821,821,814
3,835,11,835,835,824,824,813,813,802
3,835,13,835,835,822,822,809,809,796
3,835,17,835,835,818,818,801,801,784
3,835,19,835,835,816,816,797,797,778
3,836,2,836,836,834,834,832,832,830
3,836,3,836,836,833,833,830,830,827
3,836,5,836,836,831,831,826,826,821
3,836,7,836,836,829,829,822,822,815
3,836,11,836,836,825,825,814,814,803
3,836,13,836,836,823,823,810,810,797
3,836,17,836,836,819,819,802,802,785
3,836,19,836,836,817,817,798,798,779
3,837,2,837,837,835,835,833,833,831
3,837,3,837,837,834,834,831,831,828
3,837,5,837,837,832,832,827,827,822
3,837,7,837,837,830,830,823,823,816
3,837,11,837,837,826,826,815,815,804
3,837,13,837,837,824,824,811,811,798
3,837,17,837,837,820,820,803,803,786
3,837,19,837,837,818,818,799,799,780
3,838,2,838,838,836,836,834,834,832
3,838,3,838,838,835,835,832,832,829
3,838,5,838,838,833,833,828,828,823
3,838,7,838,838,831,831,824,824,817
3,838,11,838,838,827,827,816,816,805
3,838,13,838,838,825,825,812,812,799
3,838,17,838,838,821,821,804,804,787
3,838,19,838,838,819,819,800,800,781
3,839,2,839,839,837,837,835,835,833
3,839,3,839,839,836,836,833,833,830
3,839,5,839,839,834,834,829,829,824
3,839,7,839,839,832,832,825,825,818
3,839,11,839,839,828,828,817,817,806
3,839,13,839,839,826,826,813,813,800
3,839,17,839,839,822,822,805,805,788
3,839,19,839,839,820,820,801,801,782
3,840,2,840,840,838,838,836,836,834
3,840,3,840,840,837,837,834,834,831
3,840,5,840,840,835,835,830,830,825
3,840,7,840,840,833,833,826,826,819
3,840,11,840,840,829,829,818,818,807
3,840,13,840,840,827,827,814,814,801
3,840,17,840,840,823,823,806,806,789
3,840,19,840,840,821,821,802,802,783
3,841,2,841,841,839,839,837,837,835
3,841,3,841,841,838,838,835,835,832
3,841,5,841,841,836,836,831,831,826
3,841,7,841,841,834,834,827,827,820
3,841,11,841,841,830,830,819,819,808
3,841,13,841,841,828,828,815,815,802
3,841,17,841,841,824,824,807,807,790
3,841,19,841,841,822,822,803,803,784
3,842,2,842,842,840,840,838,838,836
3,842,3,842,842,839,839,836,836,833
3,842,5,842,842,837,837,832,832,827
3,842,7,842,842,835,835,828,828,821
3,842,11,842,842,831,831,820,820,809
3,842,13,842,842,829,829,816,816,803
3,842,17,842,842,825,825,808,808,791
3,842,19,842,842,823,823,804,804,785
3,843,2,843,843,841,841,839,839,837
3,843,3,843,843,840,840,837,837,834
3,843,5,843,843,838,838,833,833,828
3,843,7,843,843,836,836,829,829,822
3,843,11,843,843,832,832,821,821,810
3,843,13,843,843,830,830,817,817,804
3,843,17,843,843,826,826,809,809,792
3,843,19,843,843,824,824,805,805,786
3,844,2,844,844,842,842,840,840,838
3,844,3,844,844,841,841,838,838,835
3,844,5,844,844,839,839,834,834,829
3,844,7,844,844,837,837,830,830,823
3,844,11,844,844,833,833,822,822,811
3,844,13,844,844,831,831,818,818,805
3,844,17,844,844,827,827,810,810,793
3,844,19,844,844,825,825,806,806,787
3,845,2,845,845,843,843,841,841,839
3,845,3,845,845,842,842,839,839,836
3,845,5,845,845,840,840,835,835,830
3,845,7,845,845,838,838,831,831,824
3,845,11,845,845,834,834,823,823,812
3,845,13,845,845,832,832,819,819,806
3,845,17,845,845,828,828,811,811,794
3,845,19,845,845,826,826,807,807,788
3,846,2,846,846,844,844,842,842,840
3,846,3,846,846,843,843,840,840,837
3,846,5,846,846,841,841,836,836,831
3,846,7,846,846,839,839,832,832,825
3,846,11,846,846,835,835,824,824,813
3,846,13,846,846,833,833,820,820,807
3,846,17,846,846,829,829,812,812,795
3,846,19,846,846,827,827,808,808,789
3,847,2,847,847,845,845,843,843,841
3,847,3,847,847,844,844,841,841,838
3,847,5,847,847,842,842,837,837,832
3,847,7,847,847,840,840,833,833,826
3,847,11,847,847,836,836,825,825,814
3,847,13,847,847,834,834,821,821,808
3,847,17,847,847,830,830,813,813,796
3,847,19,847,847,828,828,809,809,790
3,848,2,848,848,846,846,844,844,842
3,848,3,848,848,845,845,842,842,839
3,848,5,848,848,843,843,838,838,833
3,848,7,848,848,841,841,834,834,827
3,848,11,848,848,837,837,826,826,815
3,848,13,848,848,835,835,822,822,809
3,848,17,848,848,831,831,814,814,797
3,848,19,848,848,829,829,810,810,791
3,849,2,849,849,847,847,845,845,843
3,849,3,849,849,846,846,843,843,840
3,849,5,849,849,844,844,839,839,834
3,849,7,849,849,842,842,835,835,828
3,849,11,849,849,838,838,827,827,816
3,849,13,849,849,836,836,823,823,810
3,849,17,849,849,832,832,815,815,798
3,849,19,849,849,830,830,811,811,792
3,850,2,850,850,848,848,846,846,844
3,850,3,850,850,847,847,844,844,841
3,850,5,850,850,845,845,840,840,835
3,850,7,850,850,843,843,836,836,829
3,850,11,850,850,839,839,828,828,817
3,850,13,850,850,837,837,824,824,811
3,850,17,850,850,833,833,816,816,799
3,850,19,850,850,831,831,812,812,793
3,851,2,851,851,849,849,847,847,845
3,851,3,851,851,848,848,845,845,842
3,851,5,851,851,846,846,841,841,836
3,851,7,851,851,844,844,837,837,830
3,851,11,851,851,840,840,829,829,818
3,851,13,851,851,838,838,825,825,812
3,851,17,851,851,834,834,817,817,800
3,851,19,851,851,832,832,813,813,794
3,852,2,852,852,850,850,848,848,846
3,852,3,852,852,849,849,846,846,843
3,852,5,852,852,847,847,842,842,837
3,852,7,852,852,845,845,838,838,831
3,852,11,852,852,841,841,830,830,819
3,852,13,852,852,839,839,826,826,813
3,852,17,852,852,835,835,818,818,801
3,852,19,852,852,833,833,814,814,795
3,853,2,853,853,851,851,849,849,847
3,853,3,853,853,850,850,847,847,844
3,853,5,853,853,848,848,843,843,838
3,853,7,853,853,846,846,839,839,832
3,853,11,853,853,842,842,831,831,820
3,853,13,853,853,840,840,827,827,814
3,853,17,853,853,836,836,819,819,802
3,853,19,853,853,834,834,815,815,796
3,854,2,854,854,852,852,850,850,848
3,854,3,854,854,851,851,848,848,845
3,854,5,854,854,849,849,844,844,839
3,854,7,854,854,847,847,840,840,833
3,854,11,854,854,843,843,832,832,821
3,854,13,854,854,841,841,828,828,815
3,854,17,854,854,837,837,820,820,803
3,854,19,854,854,835,835,816,816,797
3,855,2,855,855,853,853,851,851,849
3,855,3,855,855,852,852,849,849,846
3,855,5,855,855,850,850,845,845,840
3,855,7,855,855,848,848,841,841,834
3,855,11,855,855,844,844,833,833,822
3,855,13,855,855,842,842,829,829,816
3,855,17,855,855,838,838,821,821,804
3,855,19,855,855,836,836,817,817,798
3,856,2,856,856,854,854,852,852,850
3,856,3,856,856,853,853,850,850,847
3,856,5,856,856,851,851,846,846,841
3,856,7,856,856,849,849,842,842,835
3,856,11,856,856,845,845,834,834,823
3,856,13,856,856,843,843,830,830,817
3,856,17,856,856,839,839,822,822,805
3,856,19,856,856,837,837,818,818,799
3,857,2,857,857,855,855,853,853,851
3,857,3,857,857,854,854,851,851,848
3,857,5,857,857,852,852,847,847,842
3,857,7,857,857,850,850,843,843,836
3,857,11,857,857,846,846,835,835,824
3,857,13,857,857,844,844,831,831,818
3,857,17,857,857,840,840,823,823,806
3,857,19,857,857,838,838,819,819,800
3,858,2,858,858,856,856,854,854,852
3,858,3,858,858,855,855,852,852,849
3,858,5,858,858,853,853,848,848,843
3,858,7,858,858,851,851,844,844,837
3,858,11,858,858,847,847,836,836,825
3,858,13,858,858,845,845,832,832,819
3,858,17,858,858,841,841,824,824,807
3,858,19,858,858,839,839,820,820,801
3,859,2,859,859,857,857,855,855,853
3,859,3,859,859,856,856,853,853,850
3,859,5,859,859,854,854,849,849,844
3,859,7,859,859,852,852,845,845,838
3,859,11,859,859,848,848,837,837,826
3,859,13,859,859,846,846,833,833,820
3,859,17,859,859,842,842,825,825,808
3,859,19,859,859,840,840,821,821,802
3,860,2,860,860,858,858,856,856,854
3,860,3,860,860,857,857,854,854,851
3,860,5,860,860,855,855,850,850,845
3,860,7,860,860,853,853,846,846,839
3,860,11,860,860,849,849,838,838,827
3,860,13,860,860,847,847,834,834,821
3,860,17,860,860,843,843,826,826,809
3,860,19,860,860,841,841,822,822,803
3,861,2,861,861,859,859,857,857,855
3,861,3,861,861,858,858,855,855,852
3,861,5,861,861,856,856,851,851,846
3,861,7,861,861,854,854,847,847,840
3,861,11,861,861,850,850,839,839,828
3,861,13,861,861,848,848,835,835,822
3,861,17,861,861,844,844,827,827,810
3,861,19,861,861,842,842,823,823,804
3,862,2,862,862,860,860,858,858,856
3,862,3,862,862,859,859,856,856,853
3,862,5,862,862,857,857,852,852,847
3,862,7,862,862,855,855,848,848,841
3,862,11,862,862,851,851,840,840,829
3,862,13,862,862,849,849,836,836,823
3,862,17,862,862,845,845,828,828,811
3,862,19,862,862,843,843,824,824,805
3,863,2,863,863,861,861,859,859,857
3,863,3,863,863,860,860,857,857,854
3,863,5,863,863,858,858,853,853,848
3,863,7,863,863,856,856,849,849,842
3,863,11,863,863,852,852,841,841,830
3,863,13,863,863,850,850,837,837,824
3,863,17,863,863,846,846,829,829,812
3,863,19,863,863,844,844,825,825,806
3,864,2,864,864,862,862,860,860,858
3,864,3,864,864,861,861,858,858,855
3,864,5,864,864,859,859,854,854,849
3,864,7,864,864,857,857,850,850,843
3,864,11,864,864,853,853,842,842,831
3,864,13,864,864,851,851,838,838,825
3,864,17,864,864,847,847,830,830,813
3,864,19,864,864,845,845,826,826,807
3,865,2,865,865,863,863,861,861,859
3,865,3,865,865,862,862,859,859,856
3,865,5,865,865,860,860,855,855,850
3,865,7,865,865,858,858,851,851,844
3,865,11,865,865,854,854,843,843,832
3,865,13,865,865,852,852,839,839,826
3,865,17,865,865,848,848,831,831,814
3,865,19,865,865,846,846,827,827,808
3,866,2,866,866,864,864,862,862,860
3,866,3,866,866,863,863,860,860,857
3,866,5,866,866,861,861,856,856,851
3,866,7,866,866,859,859,852,852,845
3,866,11,866,866,855,855,844,844,833
3,866,13,866,866,853,853,840,840,827
3,866,17,866,866,849,849,832,832,815
3,866,19,866,866,847,847,828,828,809
3,867,2,867,867,865,865,863,863,861
3,867,3,867,867,864,864,861,861,858
3,867,5,867,867,862,862,857,857,852
3,867,7,867,867,860,860,853,853,846
3,867,11,867,867,856,856,845,845,834
3,867,13,867,867,854,854,841,841,828
3,867,17,867,867,850,850,833,833,816
3,867,19,867,867,848,848,829,829,810
3,868,2,868,868,866,866,864,864,862
3,868,3,868,868,865,865,862,862,859
3,868,5,868,868,863,863,858,858,853
3,868,7,868,868,861,861,854,854,847
3,868,11,868,868,857,857,846,846,835
3,868,13,868,868,855,855,842,842,829
3,868,17,868,868,851,851,834,834,817
3,868,19,868,868,849,849,830,830,811
3,869,2,869,869,867,867,865,865,863
3,869,3,869,869,866,866,863,863,860
3,869,5,869,869,864,864,859,859,854
3,869,7,869,869,862,862,855,855,848
3,869,11,869,869,858,858,847,847,836
3,869,13,869,869,856,856,843,843,830
3,869,17,869,869,852,852,835,835,818
3,869,19,869,869,850,850,831,831,812
3,870,2,870,870,868,868,866,866,864
3,870,3,870,870,867,867,864,864,861
3,870,5,870,870,865,865,860,860,855
3,870,7,870,870,863,863,856,856,849
3,870,11,870,870,859,859,848,848,837
3,870,13,870,870,857,857,844,844,831
3,870,17,870,870,853,853,836,836,819
3,870,19,870,870,851,851,832,832,813
3,871,2,871,871,869,869,867,867,865
3,871,3,871,871,868,868,865,865,862
3,871,5,871,871,866,866,861,861,856
3,871,7,871,871,864,864,857,857,850
3,871,11,871,871,860,860,849,849,838
3,871,13,871,871,858,858,845,845,832
3,871,17,871,871,854,854,837,837,820
3,871,19,871,871,852,852,833,833,814
3,872,2,872,872,870,870,868,868,866
3,872,3,872,872,869,869,866,866,863
3,872,5,872,872,867,867,862,862,857
3,872,7,872,872,865,865,858,858,851
3,872,11,872,872,861,861,850,850,839
3,872,13,872,872,859,859,846,846,833
3,872,17,872,872,855,855,838,838,821
3,872,19,872,872,853,853,834,834,815
3,873,2,873,873,871,871,869,869,867
3,873,3,873,873,870,870,867,867,864
3,873,5,873,873,868,868,863,863,858
3,873,7,873,873,866,866,859,859,852
3,873,11,873,873,862,862,851,851,840
3,873,13,873,873,860,860,847,847,834
3,873,17,873,873,856,856,839,839,822
3,873,19,873,873,854,854,835,835,816
3,874,2,874,874,872,872,870,870,868
3,874,3,874,874,871,871,868,868,865
3,874,5,874,874,869,869,864,864,859
3,874,7,874,874,867,867,860,860,853
3,874,11,874,874,863,863,852,852,841
3,874,13,874,874,861,861,848,848,835
3,874,17,874,874,857,857,840,840,823
3,874,19,874,874,855,855,836,836,817
3,875,2,875,875,873,873,871,871,869
3,875,3,875,875,872,872,869,869,866
3,875,5,875,875,870,870,865,865,860
3,875,7,875,875,868,868,861,861,854
3,875,11,875,875,864,864,853,853,842
3,875,13,875,875,862,862,849,849,836
3,875,17,875,875,858,858,841,841,824
3,875,19,875,875,856,856,837,837,818
3,876,2,876,876,874,874,872,872,870
3,876,3,876,876,873,873,870,870,867
3,876,5,876,876,871,871,866,866,861
3,876,7,876,876,869,869,862,862,855
3,876,11,876,876,865,865,854,854,843
3,876,13,876,876,863,863,850,850,837
3,876,17,876,876,859,859,842,842,825
3,876,19,876,876,857,857,838,838,819
3,877,2,877,877,875,875,873,873,871
3,877,3,877,877,874,874,871,871,868
3,877,5,877,877,872,872,867,867,862
3,877,7,877,877,870,870,863,863,856
3,877,11,877,877,866,866,855,855,844
3,877,13,877,877,864,864,851,851,838
3,877,17,877,877,860,860,843,843,826
3,877,19,877,877,858,858,839,839,820
3,878,2,878,878,876,876,874,874,872
3,878,3,878,878,875,875,872,872,869
3,878,5,878,878,873,873,868,868,863
3,878,7,878,878,871,871,864,864,857
3,878,11,878,878,867,867,856,856,845
3,878,13,878,878,865,865,852,852,839
3,878,17,878,878,861,861,844,844,827
3,878,19,878,878,859,859,840,840,821
3,879,2,879,879,877,877,875,875,873
3,879,3,879,879,876,876,873,873,870
3,879,5,879,879,874,874,869,869,864
3,879,7,879,879,872,872,865,865,858
3,879,11,879,879,868,868,857,857,846
3,879,13,879,879,866,866,853,853,840
3,879,17,879,879,862,862,845,845,828
3,879,19,879,879,860,860,841,841,822
3,880,2,880,880,878,878,876,876,874
3,880,3,880,880,877,877,874,874,871
3,880,5,880,880,875,875,870,870,865
3,880,7,880,880,873,873,866,866,859
3,880,11,880,880,869,869,858,858,847
3,880,13,880,880,867,867,854,854,841
3,880,17,880,880,863,863,846,846,829
3,880,19,880,880,861,861,842,842,823
3,881,2,881,881,879,879,877,877,875
3,881,3,881,881,878,878,875,875,872
3,881,5,881,881,876,876,871,871,866
3,881,7,881,881,874,874,867,867,860
3,881,11,881,881,870,870,859,859,848
3,881,13,881,881,868,868,855,855,842
3,881,17,881,881,864,864,847,847,830
3,881,19,881,881,862,862,843,843,824
3,882,2,882,882,880,880,878,878,876
3,882,3,882,882,879,879,876,876,873
3,882,5,882,882,877,877,872,872,867
3,882,7,882,882,875,875,868,868,861
3,882,11,882,882,871,871,860,860,849
3,882,13,882,882,869,869,856,856,843
3,882,17,882,882,865,865,848,848,831
3,882,19,882,882,863,863,844,844,825
3,883,2,883,883,881,881,879,879,877
3,883,3,883,883,880,880,877,877,874
3,883,5,883,883,878,878,873,873,868
3,883,7,883,883,876,876,869,869,862
3,883,11,883,883,872,872,861,861,850
3,883,13,883,883,870,870,857,857,844
3,883,17,883,883,866,866,849,849,832
3,883,19,883,883,864,864,845,845,826
3,884,2,884,884,882,882,880,880,878
3,884,3,884,884,881,881,878,878,875
3,884,5,884,884,879,879,874,874,869
3,884,7,884,884,877,877,870,870,863
3,884,11,884,884,873,873,862,862,851
3,884,13,884,884,871,871,858,858,845
3,884,17,884,884,867,867,850,850,833
3,884,19,884,884,865,865,846,846,827
3,885,2,885,885,883,883,881,881,879
3,885,3,885,885,882,882,879,879,876
3,885,5,885,885,880,880,875,875,870
3,885,7,885,885,878,878,871,871,864
3,885,11,885,885,874,874,863,863,852
3,885,13,885,885,872,872,859,859,846
3,885,17,885,885,868,868,851,851,834
3,885,19,885,885,866,866,847,847,828
3,886,2,886,886,884,884,882,882,880
3,886,3,886,886,883,883,880,880,877
3,886,5,886,886,881,881,876,876,871
3,886,7,886,886,879,879,872,872,865
3,886,11,886,886,875,875,864,864,853
3,886,13,886,886,873,873,860,860,847
3,886,17,886,886,869,869,852,852,835
3,886,19,886,886,867,867,848,848,829
3,887,2,887,887,885,885,883,883,881
3,887,3,887,887,884,884,881,881,878
3,887,5,887,887,882,882,877,877,872
3,887,7,887,887,880,880,873,873,866
3,887,11,887,887,876,876,865,865,854
3,887,13,887,887,874,874,861,861,848
3,887,17,887,887,870,870,853,853,836
3,887,19,887,887,868,868,849,849,830
3,888,2,888,888,886,886,884,884,882
3,888,3,888,888,885,885,882,882,879
3,888,5,888,888,883,883,878,878,873
3,888,7,888,888,881,881,874,874,867
3,888,11,888,888,877,877,866,866,855
3,888,13,888,888,875,875,862,862,849
3,888,17,888,888,871,871,854,854,837
3,888,19,888,888,869,869,850,850,831
3,889,2,889,889,887,887,885,885,883
3,889,3,889,889,886,886,883,883,880
3,889,5,889,889,884,884,879,879,874
3,889,7,889,889,882,882,875,875,868
3,889,11,889,889,878,878,867,867,856
3,889,13,889,889,876,876,863,863,850
3,889,17,889,889,872,872,855,855,838
3,889,19,889,889,870,870,851,851,832
3,890,2,890,890,888,888,886,886,884
3,890,3,890,890,887,887,884,884,881
3,890,5,890,890,885,885,880,880,875
3,890,7,890,890,883,883,876,876,869
3,890,11,890,890,879,879,868,868,857
3,890,13,890,890,877,877,864,864,851
3,890,17,890,890,873,873,856,856,839
3,890,19,890,890,871,871,852,852,833
3,891,2,891,891,889,889,887,887,885
3,891,3,891,891,888,888,885,885,882
3,891,5,891,891,886,886,881,881,876
3,891,7,891,891,884,884,877,877,870
3,891,11,891,891,880,880,869,869,858
3,891,13,891,891,878,878,865,865,852
3,891,17,891,891,874,874,857,857,840
3,891,19,891,891,872,872,853,853,834
3,892,2,892,892,890,890,888,888,886
3,892,3,892,892,889,889,886,886,883
3,892,5,892,892,887,887,882,882,877
3,892,7,892,892,885,885,878,878,871
3,892,11,892,892,881,881,870,870,859
3,892,13,892,892,879,879,866,866,853
3,892,17,892,892,875,875,858,858,841
3,892,19,892,892,873,873,854,854,835
3,893,2,893,893,891,891,889,889,887
3,893,3,893,893,890,890,887,887,884
3,893,5,893,893,888,888,883,883,878
3,893,7,893,893,886,886,879,879,872
3,893,11,893,893,882,882,871,871,860
3,893,13,893,893,880,880,867,867,854
3,893,17,893,893,876,876,859,859,842
3,893,19,893,893,874,874,855,855,836
3,894,2,894,894,892,892,890,890,888
3,894,3,894,894,891,891,888,888,885
3,894,5,894,894,889,889,884,884,879
3,894,7,894,894,887,887,880,880,873
3,894,11,894,894,883,883,872,872,861
3,894,13,894,894,881,881,868,868,855
3,894,17,894,894,877,877,860,860,843
3,894,19,894,894,875,875,856,856,837
3,895,2,895,895,893,893,891,891,889
3,895,3,895,895,892,892,889,889,886
3,895,5,895,895,890,890,885,885,880
3,895,7,895,895,888,888,881,881,874
3,895,11,895,895,884,884,873,873,862
3,895,13,895,895,882,882,869,869,856
3,895,17,895,895,878,878,861,861,844
3,895,19,895,895,876,876,857,857,838
3,896,2,896,896,894,894,892,892,890
3,896,3,896,896,893,893,890,890,887
3,896,5,896,896,891,891,886,886,881
3,896,7,896,896,889,889,882,882,875
3,896,11,896,896,885,885,874,874,863
3,896,13,896,896,883,883,870,870,857
3,896,17,896,896,879,879,862,862,845
3,896,19,896,896,877,877,858,858,839
3,897,2,897,897,895,895,893,893,891
3,897,3,897,897,894,894,891,891,888
3,897,5,897,897,892,892,887,887,882
3,897,7,897,897,890,890,883,883,876
3,897,11,897,897,886,886,875,875,864
3,897,13,897,897,884,884,871,871,858
3,897,17,897,897,880,880,863,863,846
3,897,19,897,897,878,878,859,859,840
3,898,2,898,898,896,896,894,894,892
3,898,3,898,898,895,895,892,892,889
3,898,5,898,898,893,893,888,888,883
3,898,7,898,898,891,891,884,884,877
3,898,11,898,898,887,887,876,876,865
3,898,13,898,898,885,885,872,872,859
3,898,17,898,898,881,881,864,864,847
3,898,19,898,898,879,879,860,860,841
3,899,2,899,899,897,897,895,895,893
3,899,3,899,899,896,896,893,893,890
3,899,5,899,899,894,894,889,889,884
3,899,7,899,899,892,892,885,885,878
3,899,11,899,899,888,888,877,877,866
3,899,13,899,899,886,886,873,873,860
3,899,17,899,899,882,882,865,865,848
3,899,19,899,899,880,880,861,861,842
3,900,2,900,900,898,898,896,896,894
3,900,3,900,900,897,897,894,894,891
3,900,5,900,900,895,895,890,890,885
3,900,7,900,900,893,893,886,886,879
3,900,11,900,900,889,889,878,878,867
3,900,13,900,900,887,887,874,874,861
3,900,17,900,900,883,883,866,866,849
3,900,19,900,900,881,881,862,862,843
3,901,2,901,901,899,899,897,897,895
3,901,3,901,901,898,898,895,895,892
3,901,5,901,901,896,896,891,891,886
3,901,7,901,901,894,894,887,887,880
3,901,11,901,901,890,890,879,879,868
3,901,13,901,901,888,888,875,875,862
3,901,17,901,901,884,884,867,867,850
3,901,19,901,901,882,882,863,863,844
3,902,2,902,902,900,900,898,898,896
3,902,3,902,902,899,899,896,896,893
3,902,5,902,902,897,897,892,892,887
3,902,7,902,902,895,895,888,888,881
3,902,11,902,902,891,891,880,880,869
3,902,13,902,902,889,889,876,876,863
3,902,17,902,902,885,885,868,868,851
3,902,19,902,902,883,883,864,864,845
3,903,2,903,903,901,901,899,899,897
3,903,3,903,903,900,900,897,897,894
3,903,5,903,903,898,898,893,893,888
3,903,7,903,903,896,896,889,889,882
3,903,11,903,903,892,892,881,881,870
3,903,13,903,903,890,890,877,877,864
3,903,17,903,903,886,886,869,869,852
3,903,19,903,903,884,884,865,865,846
3,904,2,904,904,902,902,900,900,898
3,904,3,904,904,901,901,898,898,895
3,904,5,904,904,899,899,894,894,889
3,904,7,904,904,897,897,890,890,883
3,904,11,904,904,893,893,882,882,871
3,904,13,904,904,891,891,878,878,865
3,904,17,904,904,887,887,870,870,853
3,904,19,904,904,885,885,866,866,847
3,905,2,905,905,903,903,901,901,899
3,905,3,905,905,902,902,899,899,896
3,905,5,905,905,900,900,895,895,890
3,905,7,905,905,898,898,891,891,884
3,905,11,905,905,894,894,883,883,872
3,905,13,905,905,892,892,879,879,866
3,905,17,905,905,888,888,871,871,854
3,905,19,905,905,886,886,867,867,848
3,906,2,906,906,904,904,902,902,900
3,906,3,906,906,903,903,900,900,897
3,906,5,906,906,901,901,896,896,891
3,906,7,906,906,899,899,892,892,885
3,906,11,906,906,895,895,884,884,873
3,906,13,906,906,893,893,880,880,867
3,906,17,906,906,889,889,872,872,855
3,906,19,906,906,887,887,868,868,849
3,907,2,907,907,905,905,903,903,901
3,907,3,907,907,904,904,901,901,898
3,907,5,907,907,902,902,897,897,892
3,907,7,907,907,900,900,893,893,886
3,907,11,907,907,896,896,885,885,874
3,907,13,907,907,894,894,881,881,868
3,907,17,907,907,890,890,873,873,856
3,907,19,907,907,888,888,869,869,850
3,908,2,908,908,906,906,904,904,902
3,908,3,908,908,905,905,902,902,899
3,908,5,908,908,903,903,898,898,893
3,908,7,908,908,901,901,894,894,887
3,908,11,908,908,897,897,886,886,875
3,908,13,908,908,895,895,882,882,869
3,908,17,908,908,891,891,874,874,857
3,908,19,908,908,889,889,870,870,851
3,909,2,909,909,907,907,905,905,903
3,909,3,909,909,906,906,903,903,900
3,909,5,909,909,904,904,899,899,894
3,909,7,909,909,902,902,895,895,888
3,909,11,909,909,898,898,887,887,876
3,909,13,909,909,896,896,883,883,870
3,909,17,909,909,892,892,875,875,858
3,909,19,909,909,890,890,871,871,852
3,910,2,910,910,908,908,906,906,904
3,910,3,910,910,907,907,904,904,901
3,910,5,910,910,905,905,900,900,895
3,910,7,910,910,903,903,896,896,889
3,910,11,910,910,899,899,888,888,877
3,910,13,910,910,897,897,884,884,871
3,910,17,910,910,893,893,876,876,859
3,910,19,910,910,891,891,872,872,853
3,911,2,911,911,909,909,907,907,905
3,911,3,911,911,908,908,905,905,902
3,911,5,911,911,906,906,901,901,896
3,911,7,911,911,904,904,897,897,890
3,911,11,911,911,900,900,889,889,878
3,911,13,911,911,898,898,885,885,872
3,911,17,911,911,894,894,877,877,860
3,911,19,911,911,892,892,873,873,854
3,912,2,912,912,910,910,908,908,906
3,912,3,912,912,909,909,906,906,903
3,912,5,912,912,907,907,902,902,897
3,912,7,912,912,905,905,898,898,891
3,912,11,912,912,901,901,890,890,879
3,912,13,912,912,899,899,886,886,873
3,912,17,912,912,895,895,878,878,861
3,912,19,912,912,893,893,874,874,855
3,913,2,913,913,911,911,909,909,907
3,913,3,913,913,910,910,907,907,904
3,913,5,913,913,908,908,903,903,898
3,913,7,913,913,906,906,899,899,892
3,913,11,913,913,902,902,891,891,880
3,913,13,913,913,900,900,887,887,874
3,913,17,913,913,896,896,879,879,862
3,913,19,913,913,894,894,875,875,856
3,914,2,914,914,912,912,910,910,908
3,914,3,914,914,911,911,908,908,905
3,914,5,914,914,909,909,904,904,899
3,914,7,914,914,907,907,900,900,893
3,914,11,914,914,903,903,892,892,881
3,914,13,914,914,901,901,888,888,875
3,914,17,914,914,897,897,880,880,863
3,914,19,914,914,895,895,876,876,857
3,915,2,915,915,913,913,911,911,909
3,915,3,915,915,912,912,909,909,906
3,915,5,915,915,910,910,905,905,900
3,915,7,915,915,908,908,901,901,894
3,915,11,915,915,904,904,893,893,882
3,915,13,915,915,902,902,889,889,876
3,915,17,915,915,898,898,881,881,864
3,915,19,915,915,896,896,877,877,858
3,916,2,916,916,914,914,912,912,910
3,916,3,916,916,913,913,910,910,907
3,916,5,916,916,911,911,906,906,901
3,916,7,916,916,909,909,902,902,895
3,916,11,916,916,905,905,894,894,883
3,916,13,916,916,903,903,890,890,877
3,916,17,916,916,899,899,882,882,865
3,916,19,916,916,897,897,878,878,859
3,917,2,917,917,915,915,913,913,911
3,917,3,917,917,914,914,911,911,908
3,917,5,917,917,912,912,907,907,902
3,917,7,917,917,910,910,903,903,896
3,917,11,917,917,906,906,895,895,884
3,917,13,917,917,904,904,891,891,878
3,917,17,917,917,900,900,883,883,866
3,917,19,917,917,898,898,879,879,860
3,918,2,918,918,916,916,914,914,912
3,918,3,918,918,915,915,912,912,909
3,918,5,918,918,913,913,908,908,903
3,918,7,918,918,911,911,904,904,897
3,918,11,918,918,907,907,896,896,885
3,918,13,918,918,905,905,892,892,879
3,918,17,918,918,901,901,884,884,867
3,918,19,918,918,899,899,880,880,861
3,919,2,919,919,917,917,915,915,913
3,919,3,919,919,916,916,913,913,910
3,919,5,919,919,914,914,909,909,904
3,919,7,919,919,912,912,905,905,898
3,919,11,919,919,908,908,897,897,886
3,919,13,919,919,906,906,893,893,880
3,919,17,919,919,902,902,885,885,868
3,919,19,919,919,900,900,881,881,862
3,920,2,920,920,918,918,916,916,914
3,920,3,920,920,917,917,914,914,911
3,920,5,920,920,915,915,910,910,905
3,920,7,920,920,913,913,906,906,899
3,920,11,920,920,909,909,898,898,887
3,920,13,920,920,907,907,894,894,881
3,920,17,920,920,903,903,886,886,869
3,920,19,920,920,901,901,882,882,863
3,921,2,921,921,919,919,917,917,915
3,921,3,921,921,918,918,915,915,912
3,921,5,921,921,916,916,911,911,906
3,921,7,921,921,914,914,907,907,900
3,921,11,921,921,910,910,899,899,888
3,921,13,921,921,908,908,895,895,882
3,921,17,921,921,904,904,887,887,870
3,921,19,921,921,902,902,883,883,864
3,922,2,922,922,920,920,918,918,916
3,922,3,922,922,919,919,916,916,913
3,922,5,922,922,917,917,912,912,907
3,922,7,922,922,915,915,908,908,901
3,922,11,922,922,911,911,900,900,889
3,922,13,922,922,909,909,896,896,883
3,922,17,922,922,905,905,888,888,871
3,922,19,922,922,903,903,884,884,865
3,923,2,923,923,921,921,919,919,917
3,923,3,923,923,920,920,917,917,914
3,923,5,923,923,918,918,913,913,908
3,923,7,923,923,916,916,909,909,902
3,923,11,923,923,912,912,901,901,890
3,923,13,923,923,910,910,897,897,884
3,923,17,923,923,906,906,889,889,872
3,923,19,923,923,904,904,885,885,866
3,924,2,924,924,922,922,920,920,918
3,924,3,924,924,921,921,918,918,915
3,924,5,924,924,919,919,914,914,909
3,924,7,924,924,917,917,910,910,903
3,924,11,924,924,913,913,902,902,891
3,924,13,924,924,911,911,898,898,885
3,924,17,924,924,907,907,890,890,873
3,924,19,924,924,905,905,886,886,867
3,925,2,925,925,923,923,921,921,919
3,925,3,925,925,922,922,919,919,916
3,925,5,925,925,920,920,915,915,910
3,925,7,925,925,918,918,911,911,904
3,925,11,925,925,914,914,903,903,892
3,925,13,925,925,912,912,899,899,886
3,925,17,925,925,908,908,891,891,874
3,925,19,925,925,906,906,887,887,868
3,926,2,926,926,924,924,922,922,920
3,926,3,926,926,923,923,920,920,917
3,926,5,926,926,921,921,916,916,911
3,926,7,926,926,919,919,912,912,905
3,926,11,926,926,915,915,904,904,893
3,926,13,926,926,913,913,900,900,887
3,926,17,926,926,909,909,892,892,875
3,926,19,926,926,907,907,888,888,869
3,927,2,927,927,925,925,923,923,921
3,927,3,927,927,924,924,921,921,918
3,927,5,927,927,922,922,917,917,912
3,927,7,927,927,920,920,913,913,906
3,927,11,927,927,916,916,905,905,894
3,927,13,927,927,914,914,901,901,888
3,927,17,927,927,910,910,893,893,876
3,927,19,927,927,908,908,889,889,870
3,928,2,928,928,926,926,924,924,922
3,928,3,928,928,925,925,922,922,919
3,928,5,928,928,923,923,918,918,913
3,928,7,928,928,921,921,914,914,907
3,928,11,928,928,917,917,906,906,895
3,928,13,928,928,915,915,902,902,889
3,928,17,928,928,911,911,894,894,877
3,928,19,928,928,909,909,890,890,871
3,929,2,929,929,927,927,925,925,923
3,929,3,929,929,926,926,923,923,920
3,929,5,929,929,924,924,919,919,914
3,929,7,929,929,922,922,915,915,908
3,929,11,929,929,918,918,907,907,896
3,929,13,929,929,916,916,903,903,890
3,929,17,929,929,912,912,895,895,878
3,929,19,929,929,910,910,891,891,872
3,930,2,930,930,928,928,926,926,924
3,930,3,930,930,927,927,924,924,921
3,930,5,930,930,925,925,920,920,915
3,930,7,930,930,923,923,916,916,909
3,930,11,930,930,919,919,908,908,897
3,930,13,930,930,917,917,904,904,891
3,930,17,930,930,913,913,896,896,879
3,930,19,930,930,911,911,892,892,873
3,931,2,931,931,929,929,927,927,925
3,931,3,931,931,928,928,925,925,922
3,931,5,931,931,926,926,921,921,916
3,931,7,931,931,924,924,917,917,910
3,931,11,931,931,920,920,909,909,898
3,931,13,931,931,918,918,905,905,892
3,931,17,931,931,914,914,897,897,880
3,931,19,931,931,912,912,893,893,874
3,932,2,932,932,930,930,928,928,926
3,932,3,932,932,929,929,926,926,923
3,932,5,932,932,927,927,922,922,917
3,932,7,932,932,925,925,918,918,911
3,932,11,932,932,921,921,910,910,899
3,932,13,932,932,919,919,906,906,893
3,932,17,932,932,915,915,898,898,881
3,932,19,932,932,913,913,894,894,875
3,933,2,933,933,931,931,929,929,927
3,933,3,933,933,930,930,927,927,924
3,933,5,933,933,928,928,923,923,918
3,933,7,933,933,926,926,919,919,912
3,933,11,933,933,922,922,911,911,900
3,933,13,933,933,920,920,907,907,894
3,933,17,933,933,916,916,899,899,882
3,933,19,933,933,914,914,895,895,876
3,934,2,934,934,932,932,930,930,928
3,934,3,934,934,931,931,928,928,925
3,934,5,934,934,929,929,924,924,919
3,934,7,934,934,927,927,920,920,913
3,934,11,934,934,923,923,912,912,901
3,934,13,934,934,921,921,908,908,895
3,934,17,934,934,917,917,900,900,883
3,934,19,934,934,915,915,896,896,877
3,935,2,935,935,933,933,931,931,929
3,935,3,935,935,932,932,929,929,926
3,935,5,935,935,930,930,925,925,920
3,935,7,935,935,928,928,921,921,914
3,935,11,935,935,924,924,913,913,902
3,935,13,935,935,922,922,909,909,896
3,935,17,935,935,918,918,901,901,884
3,935,19,935,935,916,916,897,897,878
3,936,2,936,936,934,934,932,932,930
3,936,3,936,936,933,933,930,930,927
3,936,5,936,936,931,931,926,926,921
3,936,7,936,936,929,929,922,922,915
3,936,11,936,936,925,925,914,914,903
3,936,13,936,936,923,923,910,910,897
3,936,17,936,936,919,919,902,902,885
3,936,19,936,936,917,917,898,898,879
3,937,2,937,937,935,935,933,933,931
3,937,3,937,937,934,934,931,931,928
3,937,5,937,937,932,932,927,927,922
3,937,7,937,937,930,930,923,923,916
3,937,11,937,937,926,926,915,915,904
3,937,13,937,937,924,924,911,911,898
3,937,17,937,937,920,920,903,903,886
3,937,19,937,937,918,918,899,899,880
3,938,2,938,938,936,936,934,934,932
3,938,3,938,938,935,935,932,932,929
3,938,5,938,938,933,933,928,928,923
3,938,7,938,938,931,931,924,924,917
3,938,11,938,938,927,927,916,916,905
3,938,13,938,938,925,925,912,912,899
3,938,17,938,938,921,921,904,904,887
3,938,19,938,938,919,919,900,900,881
3,939,2,939,939,937,937,935,935,933
3,939,3,939,939,936,936,933,933,930
3,939,5,939,939,934,934,929,929,924
3,939,7,939,939,932,932,925,925,918
3,939,11,939,939,928,928,917,917,906
3,939,13,939,939,926,926,913,913,900
3,939,17,939,939,922,922,905,905,888
3,939,19,939,939,920,920,901,901,882
3,940,2,940,940,938,938,936,936,934
3,940,3,940,940,937,937,934,934,931
3,940,5,940,940,935,935,930,930,925
3,940,7,940,940,933,933,926,926,919
3,940,11,940,940,929,929,918,918,907
3,940,13,940,940,927,927,914,914,901
3,940,17,940,940,923,923,906,906,889
3,940,19,940,940,921,921,902,902,883
3,941,2,941,941,939,939,937,937,935
3,941,3,941,941,938,938,935,935,932
3,941,5,941,941,936,936,931,931,926
3,941,7,941,941,934,934,927,927,920
3,941,11,941,941,930,930,919,919,908
3,941,13,941,941,928,928,915,915,902
3,941,17,941,941,924,924,907,907,890
3,941,19,941,941,922,922,903,903,884
3,942,2,942,942,940,940,938,938,936
3,942,3,942,942,939,939,936,936,933
3,942,5,942,942,937,937,932,932,927
3,942,7,942,942,935,935,928,928,921
3,942,11,942,942,931,931,920,920,909
3,942,13,942,942,929,929,916,916,903
3,942,17,942,942,925,925,908,908,891
3,942,19,942,942,923,923,904,904,885
3,943,2,943,943,941,941,939,939,937
3,943,3,943,943,940,940,937,937,934
3,943,5,943,943,938,938,933,933,928
3,943,7,943,943,936,936,929,929,922
3,943,11,943,943,932,932,921,921,910
3,943,13,943,943,930,930,917,917,904
3,943,17,943,943,926,926,909,909,892
3,943,19,943,943,924,924,905,905,886
3,944,2,944,944,942,942,940,940,938
3,944,3,944,944,941,941,938,938,935
3,944,5,944,944,939,939,934,934,929
3,944,7,944,944,937,937,930,930,923
3,944,11,944,944,933,933,922,922,911
3,944,13,944,944,931,931,918,918,905
3,944,17,944,944,927,927,910,910,893
3,944,19,944,944,925,925,906,906,887
3,945,2,945,945,943,943,941,941,939
3,945,3,945,945,942,942,939,939,936
3,945,5,945,945,940,940,935,935,930
3,945,7,945,945,938,938,931,931,924
3,945,11,945,945,934,934,923,923,912
3,945,13,945,945,932,932,919,919,906
3,945,17,945,945,928,928,911,911,894
3,945,19,945,945,926,926,907,907,888
3,946,2,946,946,944,944,942,942,940
3,946,3,946,946,943,943,940,940,937
3,946,5,946,946,941,941,936,936,931
3,946,7,946,946,939,939,932,932,925
3,946,11,946,946,935,935,924,924,913
3,946,13,946,946,933,933,920,920,907
3,946,17,946,946,929,929,912,912,895
3,946,19,946,946,927,927,908,908,889
3,947,2,947,947,945,945,943,943,941
3,947,3,947,947,944,944,941,941,938
3,947,5,947,947,942,942,937,937,932
3,947,7,947,947,940,940,933,933,926
3,947,11,947,947,936,936,925,925,914
3,947,13,947,947,934,934,921,921,908
3,947,17,947,947,930,930,913,913,896
3,947,19,947,947,928,928,909,909,890
3,948,2,948,948,946,946,944,944,942
3,948,3,948,948,945,945,942,942,939
3,948,5,948,948,943,943,938,938,933
3,948,7,948,948,941,941,934,934,927
3,948,11,948,948,937,937,926,926,915
3,948,13,948,948,935,935,922,922,909
3,948,17,948,948,931,931,914,914,897
3,948,19,948,948,929,929,910,910,891
3,949,2,949,949,947,947,945,945,943
3,949,3,949,949,946,946,943,943,940
3,949,5,949,949,944,944,939,939,934
3,949,7,949,949,942,942,935,935,928
3,949,11,949,949,938,938,927,927,916
3,949,13,949,949,936,936,923,923,910
3,949,17,949,949,932,932,915,915,898
3,949,19,949,949,930,930,911,911,892
3,950,2,950,950,948,948,946,946,944
3,950,3,950,950,947,947,944,944,941
3,950,5,950,950,945,945,940,940,935
3,950,7,950,950,943,943,936,936,929
3,950,11,950,950,939,939,928,928,917
3,950,13,950,950,937,937,924,924,911
3,950,17,950,950,933,933,916,916,899
3,950,19,950,950,931,931,912,912,893
3,951,2,951,951,949,949,947,947,945
3,951,3,951,951,948,948,945,945,942
3,951,5,951,951,946,946,941,941,936
3,951,7,951,951,944,944,937,937,930
3,951,11,951,951,940,940,929,929,918
3,951,13,951,951,938,938,925,925,912
3,951,17,951,951,934,934,917,917,900
3,951,19,951,951,932,932,913,913,894
3,952,2,952,952,950,950,948,948,946
3,952,3,952,952,949,949,946,946,943
3,952,5,952,952,947,947,942,942,937
3,952,7,952,952,945,945,938,938,931
3,952,11,952,952,941,941,930,930,919
3,952,13,952,952,939,939,926,926,913
3,952,17,952,952,935,935,918,918,901
3,952,19,952,952,933,933,914,914,895
3,953,2,953,953,951,951,949,949,947
3,953,3,953,953,950,950,947,947,944
3,953,5,953,953,948,948,943,943,938
3,953,7,953,953,946,946,939,939,932
3,953,11,953,953,942,942,931,931,920
3,953,13,953,953,940,940,927,927,914
3,953,17,953,953,936,936,919,919,902
3,953,19,953,953,934,934,915,915,896
3,954,2,954,954,952,952,950,950,948
3,954,3,954,954,951,951,948,948,945
3,954,5,954,954,949,949,944,944,939
3,954,7,954,954,947,947,940,940,933
3,954,11,954,954,943,943,932,932,921
3,954,13,954,954,941,941,928,928,915
3,954,17,954,954,937,937,920,920,903
3,954,19,954,954,935,935,916,916,897
3,955,2,955,955,953,953,951,951,949
3,955,3,955,955,952,952,949,949,946
3,955,5,955,955,950,950,945,945,940
3,955,7,955,955,948,948,941,941,934
3,955,11,955,955,944,944,933,933,922
3,955,13,955,955,942,942,929,929,916
3,955,17,955,955,938,938,921,921,904
3,955,19,955,955,936,936,917,917,898
3,956,2,956,956,954,954,952,952,950
3,956,3,956,956,953,953,950,950,947
3,956,5,956,956,951,951,946,946,941
3,956,7,956,956,949,949,942,942,935
3,956,11,956,956,945,945,934,934,923
3,956,13,956,956,943,943,930,930,917
3,956,17,956,956,939,939,922,922,905
3,956,19,956,956,937,937,918,918,899
3,957,2,957,957,955,955,953,953,951
3,957,3,957,957,954,954,951,951,948
3,957,5,957,957,952,952,947,947,942
3,957,7,957,957,950,950,943,943,936
3,957,11,957,957,946,946,935,935,924
3,957,13,957,957,944,944,931,931,918
3,957,17,957,957,940,940,923,923,906
3,957,19,957,957,938,938,919,919,900
3,958,2,958,958,956,956,954,954,952
3,958,3,958,958,955,955,952,952,949
3,958,5,958,958,953,953,948,948,943
3,958,7,958,958,951,951,944,944,937
3,958,11,958,958,947,947,936,936,925
3,958,13,958,958,945,945,932,932,919
3,958,17,958,958,941,941,924,924,907
3,958,19,958,958,939,939,920,920,901
3,959,2,959,959,957,957,955,955,953
3,959,3,959,959,956,956,953,953,950
3,959,5,959,959,954,954,949,949,944
3,959,7,959,959,952,952,945,945,938
3,959,11,959,959,948,948,937,937,926
3,959,13,959,959,946,946,933,933,920
3,959,17,959,959,942,942,925,925,908
3,959,19,959,959,940,940,921,921,902
3,960,2,960,960,958,958,956,956,954
3,960,3,960,960,957,957,954,954,951
3,960,5,960,960,955,955,950,950,945
3,960,7,960,960,953,953,946,946,939
3,960,11,960,960,949,949,938,938,927
3,960,13,960,960,947,947,934,934,921
3,960,17,960,960,943,943,926,926,909
3,960,19,960,960,941,941,922,922,903
3,961,2,961,961,959,959,957,957,955
3,961,3,961,961,958,958,955,955,952
3,961,5,961,961,956,956,951,951,946
3,961,7,961,961,954,954,947,947,940
3,961,11,961,961,950,950,939,939,928
3,961,13,961,961,948,948,935,935,922
3,961,17,961,961,944,944,927,927,910
3,961,19,961,961,942,942,923,923,904
3,962,2,962,962,960,960,958,958,956
3,962,3,962,962,959,959,956,956,953
3,962,5,962,962,957,957,952,952,947
3,962,7,962,962,955,955,948,948,941
3,962,11,962,962,951,951,940,940,929
3,962,13,962,962,949,949,936,936,923
3,962,17,962,962,945,945,928,928,911
3,962,19,962,962,943,943,924,924,905
3,963,2,963,963,961,961,959,959,957
3,963,3,963,963,960,960,957,957,954
3,963,5,963,963,958,958,953,953,948
3,963,7,963,963,956,956,949,949,942
3,963,11,963,963,952,952,941,941,930
3,963,13,963,963,950,950,937,937,924
3,963,17,963,963,946,946,929,929,912
3,963,19,963,963,944,944,925,925,906
3,964,2,964,964,962,962,960,960,958
3,964,3,964,964,961,961,958,958,955
3,964,5,964,964,959,959,954,954,949
3,964,7,964,964,957,957,950,950,943
3,964,11,964,964,953,953,942,942,931
3,964,13,964,964,951,951,938,938,925
3,964,17,964,964,947,947,930,930,913
3,964,19,964,964,945,945,926,926,907
3,965,2,965,965,963,963,961,961,959
3,965,3,965,965,962,962,959,959,956
3,965,5,965,965,960,960,955,955,950
3,965,7,965,965,958,958,951,951,944
3,965,11,965,965,954,954,943,943,932
3,965,13,965,965,952,952,939,939,926
3,965,17,965,965,948,948,931,931,914
3,965,19,965,965,946,946,927,927,908
3,966,2,966,966,964,964,962,962,960
3,966,3,966,966,963,963,960,960,957
3,966,5,966,966,961,961,956,956,951
3,966,7,966,966,959,959,952,952,945
3,966,11,966,966,955,955,944,944,933
3,966,13,966,966,953,953,940,940,927
3,966,17,966,966,949,949,932,932,915
3,966,19,966,966,947,947,928,928,909
3,967,2,967,967,965,965,963,963,961
3,967,3,967,967,964,964,961,961,958
3,967,5,967,967,962,962,957,957,952
3,967,7,967,967,960,960,953,953,946
3,967,11,967,967,956,956,945,945,934
3,967,13,967,967,954,954,941,941,928
3,967,17,967,967,950,950,933,933,916
3,967,19,967,967,948,948,929,929,910
3,968,2,968,968,966,966,964,964,962
3,968,3,968,968,965,965,962,962,959
3,968,5,968,968,963,963,958,958,953
3,968,7,968,968,961,961,954,954,947
3,968,11,968,968,957,957,946,946,935
3,968,13,968,968,955,955,942,942,929
3,968,17,968,968,951,951,934,934,917
3,968,19,968,968,949,949,930,930,911
3,969,2,969,969,967,967,965,965,963
3,969,3,969,969,966,966,963,963,960
3,969,5,969,969,964,964,959,959,954
3,969,7,969,969,962,962,955,955,948
3,969,11,969,969,958,958,947,947,936
3,969,13,969,969,956,956,943,943,930
3,969,17,969,969,952,952,935,935,918
3,969,19,969,969,950,950,931,931,912
3,970,2,970,970,968,968,966,966,964
3,970,3,970,970,967,967,964,964,961
3,970,5,970,970,965,965,960,960,955
3,970,7,970,970,963,963,956,956,949
3,970,11,970,970,959,959,948,948,937
3,970,13,970,970,957,957,944,944,931
3,970,17,970,970,953,953,936,936,919
3,970,19,970,970,951,951,932,932,913
3,971,2,971,971,969,969,967,967,965
3,971,3,971,971,968,968,965,965,962
3,971,5,971,971,966,966,961,961,956
3,971,7,971,971,964,964,957,957,950
3,971,11,971,971,960,960,949,949,938
3,971,13,971,971,958,958,945,945,932
3,971,17,971,971,954,954,937,937,920
3,971,19,971,971,952,952,933,933,914
3,972,2,972,972,970,970,968,968,966
3,972,3,972,972,969,969,966,966,963
3,972,5,972,972,967,967,962,962,957
3,972,7,972,972,965,965,958,958,951
3,972,11,972,972,961,961,950,950,939
3,972,13,972,972,959,959,946,946,933
3,972,17,972,972,955,955,938,938,921
3,972,19,972,972,953,953,934,934,915
3,973,2,973,973,971,971,969,969,967
3,973,3,973,973,970,970,967,967,964
3,973,5,973,973,968,968,963,963,958
3,973,7,973,973,966,966,959,959,952
3,973,11,973,973,962,962,951,951,940
3,973,13,973,973,960,960,947,947,934
3,973,17,973,973,956,956,939,939,922
3,973,19,973,973,954,954,935,935,916
3,974,2,974,974,972,972,970,970,968
3,974,3,974,974,971,971,968,968,965
3,974,5,974,974,969,969,964,964,959
3,974,7,974,974,967,967,960,960,953
3,974,11,974,974,963,963,952,952,941
3,974,13,974,974,961,961,948,948,935
3,974,17,974,974,957,957,940,940,923
3,974,19,974,974,955,955,936,936,917
3,975,2,975,975,973,973,971,971,969
3,975,3,975,975,972,972,969,969,966
3,975,5,975,975,970,970,965,965,960
3,975,7,975,975,968,968,961,961,954
3,975,11,975,975,964,964,953,953,942
3,975,13,975,975,962,962,949,949,936
3,975,17,975,975,958,958,941,941,924
3,975,19,975,975,956,956,937,937,918
3,976,2,976,976,974,974,972,972,970
3,976,3,976,976,973,973,970,970,967
3,976,5,976,976,971,971,966,966,961
3,976,7,976,976,969,969,962,962,955
3,976,11,976,976,965,965,954,954,943
3,976,13,976,976,963,963,950,950,937
3,976,17,976,976,959,959,942,942,925
3,976,19,976,976,957,957,938,938,919
3,977,2,977,977,975,975,973,973,971
3,977,3,977,977,974,974,971,971,968
3,977,5,977,977,972,972,967,967,962
3,977,7,977,977,970,970,963,963,956
3,977,11,977,977,966,966,955,955,944
3,977,13,977,977,964,964,951,951,938
3,977,17,977,977,960,960,943,943,926
3,977,19,977,977,958,958,939,939,920
3,978,2,978,978,976,976,974,974,972
3,978,3,978,978,975,975,972,972,969
3,978,5,978,978,973,973,968,968,963
3,978,7,978,978,971,971,964,964,957
3,978,11,978,978,967,967,956,956,945
3,978,13,978,978,965,965,952,952,939
3,978,17,978,978,961,961,944,944,927
3,978,19,978,978,959,959,940,940,921
3,979,2,979,979,977,977,975,975,973
3,979,3,979,979,976,976,973,973,970
3,979,5,979,979,974,974,969,969,964
3,979,7,979,979,972,972,965,965,958
3,979,11,979,979,968,968,957,957,946
3,979,13,979,979,966,966,953,953,940
3,979,17,979,979,962,962,945,945,928
3,979,19,979,979,960,960,941,941,922
3,980,2,980,980,978,978,976,976,974
3,980,3,980,980,977,977,974,974,971
3,980,5,980,980,975,975,970,970,965
3,980,7,980,980,973,973,966,966,959
3,980,11,980,980,969,969,958,958,947
3,980,13,980,980,967,967,954,954,941
3,980,17,980,980,963,963,946,946,929
3,980,19,980,980,961,961,942,942,923
3,981,2,981,981,979,979,977,977,975
3,981,3,981,981,978,978,975,975,972
3,981,5,981,981,976,976,971,971,966
3,981,7,981,981,974,974,967,967,960
3,981,11,981,981,970,970,959,959,948
3,981,13,981,981,968,968,955,955,942
3,981,17,981,981,964,964,947,947,930
3,981,19,981,981,962,962,943,943,924
3,982,2,982,982,980,980,978,978,976
3,982,3,982,982,979,979,976,976,973
3,982,5,982,982,977,977,972,972,967
3,982,7,982,982,975,975,968,968,961
3,982,11,982,982,971,971,960,960,949
3,982,13,982,982,969,969,956,956,943
3,982,17,982,982,965,965,948,948,931
3,982,19,982,982,963,963,944,944,925
3,983,2,983,983,981,981,979,979,977
3,983,3,983,983,980,980,977,977,974
3,983,5,983,983,978,978,973,973,968
3,983,7,983,983,976,976,969,969,962
3,983,11,983,983,972,972,961,961,950
3,983,13,983,983,970,970,957,957,944
3,983,17,983,983,966,966,949,949,932
3,983,19,983,983,964,964,945,945,926
3,984,2,984,984,982,982,980,980,978
3,984,3,984,984,981,981,978,978,975
3,984,5,984,984,979,979,974,974,969
3,984,7,984,984,977,977,970,970,963
3,984,11,984,984,973,973,962,962,951
3,984,13,984,984,971,971,958,958,945
3,984,17,984,984,967,967,950,950,933
3,984,19,984,984,965,965,946,946,927
3,985,2,985,985,983,983,981,981,979
3,985,3,985,985,982,982,979,979,976
3,985,5,985,985,980,980,975,975,970
3,985,7,985,985,978,978,971,971,964
3,985,11,985,985,974,974,963,963,952
3,985,13,985,985,972,972,959,959,946
3,985,17,985,985,968,968,951,951,934
3,985,19,985,985,966,966,947,947,928
3,986,2,986,986,984,984,982,982,980
3,986,3,986,986,983,983,980,980,977
3,986,5,986,986,981,981,976,976,971
3,986,7,986,986,979,979,972,972,965
3,986,11,986,986,975,975,964,964,953
3,986,13,986,986,973,973,960,960,947
3,986,17,986,986,969,969,952,952,935
3,986,19,986,986,967,967,948,948,929
3,987,2,987,987,985,985,983,983,981
3,987,3,987,987,984,984,981,981,978
3,987,5,987,987,982,982,977,977,972
3,987,7,987,987,980,980,973,973,966
3,987,11,987,987,976,976,965,965,954
3,987,13,987,987,974,974,961,961,948
3,987,17,987,987,970,970,953,953,936
3,987,19,987,987,968,968,949,949,930
3,988,2,988,988,986,986,984,984,982
3,988,3,988,988,985,985,982,982,979
3,988,5,988,988,983,983,978,978,973
3,988,7,988,988,981,981,974,974,967
3,988,11,988,988,977,977,966,966,955
3,988,13,988,988,975,975,962,962,949
3,988,17,988,988,971,971,954,954,937
3,988,19,988,988,969,969,950,950,931
3,989,2,989,989,987,987,985,985,983
3,989,3,989,989,986,986,983,983,980
3,989,5,989,989,984,984,979,979,974
3,989,7,989,989,982,982,975,975,968
3,989,11,989,989,978,978,967,967,956
3,989,13,989,989,976,976,963,963,950
3,989,17,989,989,972,972,955,955,938
3,989,19,989,989,970,970,951,951,932
3,990,2,990,990,988,988,986,986,984
3,990,3,990,990,987,987,984,984,981
3,990,5,990,990,985,985,980,980,975
3,990,7,990,990,983,983,976,976,969
3,990,11,990,990,979,979,968,968,957
3,990,13,990,990,977,977,964,964,951
3,990,17,990,990,973,973,956,956,939
3,990,19,990,990,971,971,952,952,933
3,991,2,991,991,989,989,987,987,985
3,991,3,991,991,988,988,985,985,982
3,991,5,991,991,986,986,981,981,976
3,991,7,991,991,984,984,977,977,970
3,991,11,991,991,980,980,969,969,958
3,991,13,991,991,978,978,965,965,952
3,991,17,991,991,974,974,957,957,940
3,991,19,991,991,972,972,953,953,934
3,992,2,992,992,990,990,988,988,986
3,992,3,992,992,989,989,986,986,983
3,992,5,992,992,987,987,982,982,977
3,992,7,992,992,985,985,978,978,971
3,992,11,992,992,981,981,970,970,959
3,992,13,992,992,979,979,966,966,953
3,992,17,992,992,975,975,958,958,941
3,992,19,992,992,973,973,954,954,935
3,993,2,993,993,991,991,989,989,987
3,993,3,993,993,990,990,987,987,984
3,993,5,993,993,988,988,983,983,978
3,993,7,993,993,986,986,979,979,972
3,993,11,993,993,982,982,971,971,960
3,993,13,993,993,980,980,967,967,954
3,993,17,993,993,976,976,959,959,942
3,993,19,993,993,974,974,955,955,936
3,994,2,994,994,992,992,990,990,988
3,994,3,994,994,991,991,988,988,985
3,994,5,994,994,989,989,984,984,979
3,994,7,994,994,987,987,980,980,973
3,994,11,994,994,983,983,972,972,961
3,994,13,994,994,981,981,968,968,955
3,994,17,994,994,977,977,960,960,943
3,994,19,994,994,975,975,956,956,937
3,995,2,995,995,993,993,991,991,989
3,995,3,995,995,992,992,989,989,986
3,995,5,995,995,990,990,985,985,980
3,995,7,995,995,988,988,981,981,974
3,995,11,995,995,984,984,973,973,962
3,995,13,995,995,982,982,969,969,956
3,995,17,995,995,978,978,961,961,944
3,995,19,995,995,976,976,957,957,938
3,996,2,996,996,994,994,992,992,990
3,996,3,996,996,993,993,990,990,987
3,996,5,996,996,991,991,986,986,981
3,996,7,996,996,989,989,982,982,975
3,996,11,996,996,985,985,974,974,963
3,996,13,996,996,983,983,970,970,957
3,996,17,996,996,979,979,962,962,945
3,996,19,996,996,977,977,958,958,939
3,997,2,997,997,995,995,993,993,991
3,997,3,997,997,994,994,991,991,988
3,997,5,997,997,992,992,987,987,982
3,997,7,997,997,990,990,983,983,976
3,997,11,997,997,986,986,975,975,964
3,997,13,997,997,984,984,971,971,958
3,997,17,997,997,980,980,963,963,946
3,997,19,997,997,978,978,959,959,940
3,998,2,998,998,996,996,994,994,992
3,998,3,998,998,995,995,992,992,989
3,998,5,998,998,993,993,988,988,983
3,998,7,998,998,991,991,984,984,977
3,998,11,998,998,987,987,976,976,965
3,998,13,998,998,985,985,972,972,959
3,998,17,998,998,981,981,964,964,947
3,998,19,998,998,979,979,960,960,941
