1,3,2,3,3,6,12,21,39,72
1,3,3,3,3,6,12,21,39,72
1,3,5,3,3,6,12,21,39,72
1,3,7,3,3,6,12,21,39,72
1,3,11,3,3,6,12,21,39,72
1,3,13,3,3,6,12,21,39,72
1,3,17,3,3,6,12,21,39,72
1,3,19,3,3,6,12,21,39,72
1,4,2,4,4,8,16,28,52,96
1,4,3,4,4,8,16,28,52,96
1,4,5,4,4,8,16,28,52,96
1,4,7,4,4,8,16,28,52,96
1,4,11,4,4,8,16,28,52,96
1,4,13,4,4,8,16,28,52,96
1,4,17,4,4,8,16,28,52,96
1,4,19,4,4,8,16,28,52,96
1,5,2,5,5,10,20,35,65,120
1,5,3,5,5,10,20,35,65,120
1,5,5,5,5,10,20,35,65,120
1,5,7,5,5,10,20,35,65,120
1,5,11,5,5,10,20,35,65,120
1,5,13,5,5,10,20,35,65,120
1,5,17,5,5,10,20,35,65,120
1,5,19,5,5,10,20,35,65,120
1,6,2,6,6,12,24,42,78,144
1,6,3,6,6,12,24,42,78,144
1,6,5,6,6,12,24,42,78,144
1,6,7,6,6,12,24,42,78,144
1,6,11,6,6,12,24,42,78,144
1,6,13,6,6,12,24,42,78,144
1,6,17,6,6,12,24,42,78,144
1,6,19,6,6,12,24,42,78,144
1,7,2,7,7,14,28,49,91,168
1,7,3,7,7,14,28,49,91,168
1,7,5,7,7,14,28,49,91,168
1,7,7,7,7,14,28,49,91,168
1,7,11,7,7,14,28,49,91,168
1,7,13,7,7,14,28,49,91,168
1,7,17,7,7,14,28,49,91,168
1,7,19,7,7,14,28,49,91,168
1,8,2,8,8,16,32,56,104,192
1,8,3,8,8,16,32,56,104,192
1,8,5,8,8,16,32,56,104,192
1,8,7,8,8,16,32,56,104,192
1,8,11,8,8,16,32,56,104,192
1,8,13,8,8,16,32,56,104,192
1,8,17,8,8,16,32,56,104,192
1,8,19,8,8,16,32,56,104,192
1,9,2,9,9,18,36,63,117,216
1,9,3,9,9,18,36,63,117,216
1,9,5,9,9,18,36,63,117,216
1,9,7,9,9,18,36,63,117,216
1,9,11,9,9,18,36,63,117,216
1,9,13,9,9,18,36,63,117,216
1,9,17,9,9,18,36,63,117,216
1,9,19,9,9,18,36,63,117,216
1,10,2,10,10,20,40,70,130,240
1,10,3,10,10,20,40,70,130,240
1,10,5,10,10,20,40,70,130,240
1,10,7,10,10,20,40,70,130,240
1,10,11,10,10,20,40,70,130,240
1,10,13,10,10,20,40,70,130,240
1,10,17,10,10,20,40,70,130,240
1,10,19,10,10,20,40,70,130,240
1,11,2,11,11,22,44,77,143,264
1,11,3,11,11,22,44,77,143,264
1,11,5,11,11,22,44,77,143,264
1,11,7,11,11,22,44,77,143,264
1,11,11,11,11,22,44,77,143,264
1,11,13,11,11,22,44,77,143,264
1,11,17,11,11,22,44,77,143,264
1,11,19,11,11,22,44,77,143,264
1,12,2,12,12,24,48,84,156,288
1,12,3,12,12,24,48,84,156,288
1,12,5,12,12,24,48,84,156,288
1,12,7,12,12,24,48,84,156,288
1,12,11,12,12,24,48,84,156,288
1,12,13,12,12,24,48,84,156,288
1,12,17,12,12,24,48,84,156,288
1,12,19,12,12,24,48,84,156,288
1,13,2,13,13,26,52,91,169,312
1,13,3,13,13,26,52,91,169,312
1,13,5,13,13,26,52,91,169,312
1,13,7,13,13,26,52,91,169,312
1,13,11,13,13,26,52,91,169,312
1,13,13,13,13,26,52,91,169,312
1,13,17,13,13,26,52,91,169,312
1,13,19,13,13,26,52,91,169,312
1,14,2,14,14,28,56,98,182,336
1,14,3,14,14,28,56,98,182,336
1,14,5,14,14,28,56,98,182,336
1,14,7,14,14,28,56,98,182,336
1,14,11,14,14,28,56,98,182,336
1,14,13,14,14,28,56,98,182,336
1,14,17,14,14,28,56,98,182,336
1,14,19,14,14,28,56,98,182,336
1,15,2,15,15,30,60,105,195,360
1,15,3,15,15,30,60,105,195,360
1,15,5,15,15,30,60,105,195,360
1,15,7,15,15,30,60,105,195,360
1,15,11,15,15,30,60,105,195,360
1,15,13,15,15,30,60,105,195,360
1,15,17,15,15,30,60,105,195,360
1,15,19,15,15,30,60,105,195,360
1,16,2,16,16,32,64,112,208,384
1,16,3,16,16,32,64,112,208,384
1,16,5,16,16,32,64,112,208,384
1,16,7,16,16,32,64,112,208,384
1,16,11,16,16,32,64,112,208,384
1,16,13,16,16,32,64,112,208,384
1,16,17,16,16,32,64,112,208,384
1,16,19,16,16,32,64,112,208,384
1,17,2,17,17,34,68,119,221,408
1,17,3,17,17,34,68,119,221,408
1,17,5,17,17,34,68,119,221,408
1,17,7,17,17,34,68,119,221,408
1,17,11,17,17,34,68,119,221,408
1,17,13,17,17,34,68,119,221,408
1,17,17,17,17,34,68,119,221,408
1,17,19,17,17,34,68,119,221,408
1,18,2,18,18,36,72,126,234,432
1,18,3,18,18,36,72,126,234,432
1,18,5,18,18,36,72,126,234,432
1,18,7,18,18,36,72,126,234,432
1,18,11,18,18,36,72,126,234,432
1,18,13,18,18,36,72,126,234,432
1,18,17,18,18,36,72,126,234,432
1,18,19,18,18,36,72,126,234,432
1,19,2,19,19,38,76,133,247,456
1,19,3,19,19,38,76,133,247,456
1,19,5,19,19,38,76,133,247,456
1,19,7,19,19,38,76,133,247,456
1,19,11,19,19,38,76,133,247,456
1,19,13,19,19,38,76,133,247,456
1,19,17,19,19,38,76,133,247,456
1,19,19,19,19,38,76,133,247,456
1,20,2,20,20,40,80,140,260,480
1,20,3,20,20,40,80,140,260,480
1,20,5,20,20,40,80,140,260,480
1,20,7,20,20,40,80,140,260,480
1,20,11,20,20,40,80,140,260,480
1,20,13,20,20,40,80,140,260,480
1,20,17,20,20,40,80,140,260,480
1,20,19,20,20,40,80,140,260,480
1,21,2,21,21,42,84,147,273,504
1,21,3,21,21,42,84,147,273,504
1,21,5,21,21,42,84,147,273,504
1,21,7,21,21,42,84,147,273,504
1,21,11,21,21,42,84,147,273,504
1,21,13,21,21,42,84,147,273,504
1,21,17,21,21,42,84,147,273,504
1,21,19,21,21,42,84,147,273,504
1,22,2,22,22,44,88,154,286,528
1,22,3,22,22,44,88,154,286,528
1,22,5,22,22,44,88,154,286,528
1,22,7,22,22,44,88,154,286,528
1,22,11,22,22,44,88,154,286,528
1,22,13,22,22,44,88,154,286,528
1,22,17,22,22,44,88,154,286,528
1,22,19,22,22,44,88,154,286,528
1,23,2,23,23,46,92,161,299,552
1,23,3,23,23,46,92,161,299,552
1,23,5,23,23,46,92,161,299,552
1,23,7,23,23,46,92,161,299,552
1,23,11,23,23,46,92,161,299,552
1,23,13,23,23,46,92,161,299,552
1,23,17,23,23,46,92,161,299,552
1,23,19,23,23,46,92,161,299,552
1,24,2,24,24,48,96,168,312,576
1,24,3,24,24,48,96,168,312,576
1,24,5,24,24,48,96,168,312,576
1,24,7,24,24,48,96,168,312,576
1,24,11,24,24,48,96,168,312,576
1,24,13,24,24,48,96,168,312,576
1,24,17,24,24,48,96,168,312,576
1,24,19,24,24,48,96,168,312,576
1,25,2,25,25,50,100,175,325,600
1,25,3,25,25,50,100,175,325,600
1,25,5,25,25,50,100,175,325,600
1,25,7,25,25,50,100,175,325,600
1,25,11,25,25,50,100,175,325,600
1,25,13,25,25,50,100,175,325,600
1,25,17,25,25,50,100,175,325,600
1,25,19,25,25,50,100,175,325,600
1,26,2,26,26,52,104,182,338,624
1,26,3,26,26,52,104,182,338,624
1,26,5,26,26,52,104,182,338,624
1,26,7,26,26,52,104,182,338,624
1,26,11,26,26,52,104,182,338,624
1,26,13,26,26,52,104,182,338,624
1,26,17,26,26,52,104,182,338,624
1,26,19,26,26,52,104,182,338,624
1,27,2,27,27,54,108,189,351,648
1,27,3,27,27,54,108,189,351,648
1,27,5,27,27,54,108,189,351,648
1,27,7,27,27,54,108,189,351,648
1,27,11,27,27,54,108,189,351,648
1,27,13,27,27,54,108,189,351,648
1,27,17,27,27,54,108,189,351,648
1,27,19,27,27,54,108,189,351,648
1,28,2,28,28,56,112,196,364,672
1,28,3,28,28,56,112,196,364,672
1,28,5,28,28,56,112,196,364,672
1,28,7,28,28,56,112,196,364,672
1,28,11,28,28,56,112,196,364,672
1,28,13,28,28,56,112,196,364,672
1,28,17,28,28,56,112,196,364,672
1,28,19,28,28,56,112,196,364,672
1,29,2,29,29,58,116,203,377,696
1,29,3,29,29,58,116,203,377,696
1,29,5,29,29,58,116,203,377,696
1,29,7,29,29,58,116,203,377,696
1,29,11,29,29,58,116,203,377,696
1,29,13,29,29,58,116,203,377,696
1,29,17,29,29,58,116,203,377,696
1,29,19,29,29,58,116,203,377,696
1,30,2,30,30,60,120,210,390,720
1,30,3,30,30,60,120,210,390,720
1,30,5,30,30,60,120,210,390,720
1,30,7,30,30,60,120,210,390,720
1,30,11,30,30,60,120,210,390,720
1,30,13,30,30,60,120,210,390,720
1,30,17,30,30,60,120,210,390,720
1,30,19,30,30,60,120,210,390,720
1,31,2,31,31,62,124,217,403,744
1,31,3,31,31,62,124,217,403,744
1,31,5,31,31,62,124,217,403,744
1,31,7,31,31,62,124,217,403,744
1,31,11,31,31,62,124,217,403,744
1,31,13,31,31,62,124,217,403,744
1,31,17,31,31,62,124,217,403,744
1,31,19,31,31,62,124,217,403,744
1,32,2,32,32,64,128,224,416,768
1,32,3,32,32,64,128,224,416,768
1,32,5,32,32,64,128,224,416,768
1,32,7,32,32,64,128,224,416,768
1,32,11,32,32,64,128,224,416,768
1,32,13,32,32,64,128,224,416,768
1,32,17,32,32,64,128,224,416,768
1,32,19,32,32,64,128,224,416,768
1,33,2,33,33,66,132,231,429,792
1,33,3,33,33,66,132,231,429,792
1,33,5,33,33,66,132,231,429,792
1,33,7,33,33,66,132,231,429,792
1,33,11,33,33,66,132,231,429,792
1,33,13,33,33,66,132,231,429,792
1,33,17,33,33,66,132,231,429,792
1,33,19,33,33,66,132,231,429,792
1,34,2,34,34,68,136,238,442,816
1,34,3,34,34,68,136,238,442,816
1,34,5,34,34,68,136,238,442,816
1,34,7,34,34,68,136,238,442,816
1,34,11,34,34,68,136,238,442,816
1,34,13,34,34,68,136,238,442,816
1,34,17,34,34,68,136,238,442,816
1,34,19,34,34,68,136,238,442,816
1,35,2,35,35,70,140,245,455,840
1,35,3,35,35,70,140,245,455,840
1,35,5,35,35,70,140,245,455,840
1,35,7,35,35,70,140,245,455,840
1,35,11,35,35,70,140,245,455,840
1,35,13,35,35,70,140,245,455,840
1,35,17,35,35,70,140,245,455,840
1,35,19,35,35,70,140,245,455,840
1,36,2,36,36,72,144,252,468,864
1,36,3,36,36,72,144,252,468,864
1,36,5,36,36,72,144,252,468,864
1,36,7,36,36,72,144,252,468,864
1,36,11,36,36,72,144,252,468,864
1,36,13,36,36,72,144,252,468,864
1,36,17,36,36,72,144,252,468,864
1,36,19,36,36,72,144,252,468,864
1,37,2,37,37,74,148,259,481,888
1,37,3,37,37,74,148,259,481,888
1,37,5,37,37,74,148,259,481,888
1,37,7,37,37,74,148,259,481,888
1,37,11,37,37,74,148,259,481,888
1,37,13,37,37,74,148,259,481,888
1,37,17,37,37,74,148,259,481,888
1,37,19,37,37,74,148,259,481,888
1,38,2,38,38,76,152,266,494,912
1,38,3,38,38,76,152,266,494,912
1,38,5,38,38,76,152,266,494,912
1,38,7,38,38,76,152,266,494,912
1,38,11,38,38,76,152,266,494,912
1,38,13,38,38,76,152,266,494,912
1,38,17,38,38,76,152,266,494,912
1,38,19,38,38,76,152,266,494,912
1,39,2,39,39,78,156,273,507,936
1,39,3,39,39,78,156,273,507,936
1,39,5,39,39,78,156,273,507,936
1,39,7,39,39,78,156,273,507,936
1,39,11,39,39,78,156,273,507,936
1,39,13,39,39,78,156,273,507,936
1,39,17,39,39,78,156,273,507,936
1,39,19,39,39,78,156,273,507,936
1,40,2,40,40,80,160,280,520,960
1,40,3,40,40,80,160,280,520,960
1,40,5,40,40,80,160,280,520,960
1,40,7,40,40,80,160,280,520,960
1,40,11,40,40,80,160,280,520,960
1,40,13,40,40,80,160,280,520,960
1,40,17,40,40,80,160,280,520,960
1,40,19,40,40,80,160,280,520,960
1,41,2,41,41,82,164,287,533,984
1,41,3,41,41,82,164,287,533,984
1,41,5,41,41,82,164,287,533,984
1,41,7,41,41,82,164,287,533,984
1,41,11,41,41,82,164,287,533,984
1,41,13,41,41,82,164,287,533,984
1,41,17,41,41,82,164,287,533,984
1,41,19,41,41,82,164,287,533,984
1,42,2,42,42,84,168,294,546,1008
1,42,3,42,42,84,168,294,546,1008
1,42,5,42,42,84,168,294,546,1008
1,42,7,42,42,84,168,294,546,1008
1,42,11,42,42,84,168,294,546,1008
1,42,13,42,42,84,168,294,546,1008
1,42,17,42,42,84,168,294,546,1008
1,42,19,42,42,84,168,294,546,1008
1,43,2,43,43,86,172,301,559,1032
1,43,3,43,43,86,172,301,559,1032
1,43,5,43,43,86,172,301,559,1032
1,43,7,43,43,86,172,301,559,1032
1,43,11,43,43,86,172,301,559,1032
1,43,13,43,43,86,172,301,559,1032
1,43,17,43,43,86,172,301,559,1032
1,43,19,43,43,86,172,301,559,1032
1,44,2,44,44,88,176,308,572,1056
1,44,3,44,44,88,176,308,572,1056
1,44,5,44,44,88,176,308,572,1056
1,44,7,44,44,88,176,308,572,1056
1,44,11,44,44,88,176,308,572,1056
1,44,13,44,44,88,176,308,572,1056
1,44,17,44,44,88,176,308,572,1056
1,44,19,44,44,88,176,308,572,1056
1,45,2,45,45,90,180,315,585,1080
1,45,3,45,45,90,180,315,585,1080
1,45,5,45,45,90,180,315,585,1080
1,45,7,45,45,90,180,315,585,1080
1,45,11,45,45,90,180,315,585,1080
1,45,13,45,45,90,180,315,585,1080
1,45,17,45,45,90,180,315,585,1080
1,45,19,45,45,90,180,315,585,1080
1,46,2,46,46,92,184,322,598,1104
1,46,3,46,46,92,184,322,598,1104
1,46,5,46,46,92,184,322,598,1104
1,46,7,46,46,92,184,322,598,1104
1,46,11,46,46,92,184,322,598,1104
1,46,13,46,46,92,184,322,598,1104
1,46,17,46,46,92,184,322,598,1104
1,46,19,46,46,92,184,322,598,1104
1,47,2,47,47,94,188,329,611,1128
1,47,3,47,47,94,188,329,611,1128
1,47,5,47,47,94,188,329,611,1128
1,47,7,47,47,94,188,329,611,1128
1,47,11,47,47,94,188,329,611,1128
1,47,13,47,47,94,188,329,611,1128
1,47,17,47,47,94,188,329,611,1128
1,47,19,47,47,94,188,329,611,1128
1,48,2,48,48,96,192,336,624,1152
1,48,3,48,48,96,192,336,624,1152
1,48,5,48,48,96,192,336,624,1152
1,48,7,48,48,96,192,336,624,1152
1,48,11,48,48,96,192,336,624,1152
1,48,13,48,48,96,192,336,624,1152
1,48,17,48,48,96,192,336,624,1152
1,48,19,48,48,96,192,336,624,1152
1,49,2,49,49,98,196,343,637,1176
1,49,3,49,49,98,196,343,637,1176
1,49,5,49,49,98,196,343,637,1176
1,49,7,49,49,98,196,343,637,1176
1,49,11,49,49,98,196,343,637,1176
1,49,13,49,49,98,196,343,637,1176
1,49,17,49,49,98,196,343,637,1176
1,49,19,49,49,98,196,343,637,1176
1,50,2,50,50,100,200,350,650,1200
1,50,3,50,50,100,200,350,650,1200
1,50,5,50,50,100,200,350,650,1200
1,50,7,50,50,100,200,350,650,1200
1,50,11,50,50,100,200,350,650,1200
1,50,13,50,50,100,200,350,650,1200
1,50,17,50,50,100,200,350,650,1200
1,50,19,50,50,100,200,350,650,1200
1,51,2,51,51,102,204,357,663,1224
1,51,3,51,51,102,204,357,663,1224
1,51,5,51,51,102,204,357,663,1224
1,51,7,51,51,102,204,357,663,1224
1,51,11,51,51,102,204,357,663,1224
1,51,13,51,51,102,204,357,663,1224
1,51,17,51,51,102,204,357,663,1224
1,51,19,51,51,102,204,357,663,1224
1,52,2,52,52,104,208,364,676,1248
1,52,3,52,52,104,208,364,676,1248
1,52,5,52,52,104,208,364,676,1248
1,52,7,52,52,104,208,364,676,1248
1,52,11,52,52,104,208,364,676,1248
1,52,13,52,52,104,208,364,676,1248
1,52,17,52,52,104,208,364,676,1248
1,52,19,52,52,104,208,364,676,1248
1,53,2,53,53,106,212,371,689,1272
1,53,3,53,53,106,212,371,689,1272
1,53,5,53,53,106,212,371,689,1272
1,53,7,53,53,106,212,371,689,1272
1,53,11,53,53,106,212,371,689,1272
1,53,13,53,53,106,212,371,689,1272
1,53,17,53,53,106,212,371,689,1272
1,53,19,53,53,106,212,371,689,1272
1,54,2,54,54,108,216,378,702,1296
1,54,3,54,54,108,216,378,702,1296
1,54,5,54,54,108,216,378,702,1296
1,54,7,54,54,108,216,378,702,1296
1,54,11,54,54,108,216,378,702,1296
1,54,13,54,54,108,216,378,702,1296
1,54,17,54,54,108,216,378,702,1296
1,54,19,54,54,108,216,378,702,1296
1,55,2,55,55,110,220,385,715,1320
1,55,3,55,55,110,220,385,715,1320
1,55,5,55,55,110,220,385,715,1320
1,55,7,55,55,110,220,385,715,1320
1,55,11,55,55,110,220,385,715,1320
1,55,13,55,55,110,220,385,715,1320
1,55,17,55,55,110,220,385,715,1320
1,55,19,55,55,110,220,385,715,1320
1,56,2,56,56,112,224,392,728,1344
1,56,3,56,56,112,224,392,728,1344
1,56,5,56,56,112,224,392,728,1344
1,56,7,56,56,112,224,392,728,1344
1,56,11,56,56,112,224,392,728,1344
1,56,13,56,56,112,224,392,728,1344
1,56,17,56,56,112,224,392,728,1344
1,56,19,56,56,112,224,392,728,1344
1,57,2,57,57,114,228,399,741,1368
1,57,3,57,57,114,228,399,741,1368
1,57,5,57,57,114,228,399,741,1368
1,57,7,57,57,114,228,399,741,1368
1,57,11,57,57,114,228,399,741,1368
1,57,13,57,57,114,228,399,741,1368
1,57,17,57,57,114,228,399,741,1368
1,57,19,57,57,114,228,399,741,1368
1,58,2,58,58,116,232,406,754,1392
1,58,3,58,58,116,232,406,754,1392
1,58,5,58,58,116,232,406,754,1392
1,58,7,58,58,116,232,406,754,1392
1,58,11,58,58,116,232,406,754,1392
1,58,13,58,58,116,232,406,754,1392
1,58,17,58,58,116,232,406,754,1392
1,58,19,58,58,116,232,406,754,1392
1,59,2,59,59,118,236,413,767,1416
1,59,3,59,59,118,236,413,767,1416
1,59,5,59,59,118,236,413,767,1416
1,59,7,59,59,118,236,413,767,1416
1,59,11,59,59,118,236,413,767,1416
1,59,13,59,59,118,236,413,767,1416
1,59,17,59,59,118,236,413,767,1416
1,59,19,59,59,118,236,413,767,1416
1,60,2,60,60,120,240,420,780,1440
1,60,3,60,60,120,240,420,780,1440
1,60,5,60,60,120,240,420,780,1440
1,60,7,60,60,120,240,420,780,1440
1,60,11,60,60,120,240,420,780,1440
1,60,13,60,60,120,240,420,780,1440
1,60,17,60,60,120,240,420,780,1440
1,60,19,60,60,120,240,420,780,1440
1,61,2,61,61,122,244,427,793,1464
1,61,3,61,61,122,244,427,793,1464
1,61,5,61,61,122,244,427,793,1464
1,61,7,61,61,122,244,427,793,1464
1,61,11,61,61,122,244,427,793,1464
1,61,13,61,61,122,244,427,793,1464
1,61,17,61,61,122,244,427,793,1464
1,61,19,61,61,122,244,427,793,1464
1,62,2,62,62,124,248,434,806,1488
1,62,3,62,62,124,248,434,806,1488
1,62,5,62,62,124,248,434,806,1488
1,62,7,62,62,124,248,434,806,1488
1,62,11,62,62,124,248,434,806,1488
1,62,13,62,62,124,248,434,806,1488
1,62,17,62,62,124,248,434,806,1488
1,62,19,62,62,124,248,434,806,1488
1,63,2,63,63,126,252,441,819,1512
1,63,3,63,63,126,252,441,819,1512
1,63,5,63,63,126,252,441,819,1512
1,63,7,63,63,126,252,441,819,1512
1,63,11,63,63,126,252,441,819,1512
1,63,13,63,63,126,252,441,819,1512
1,63,17,63,63,126,252,441,819,1512
1,63,19,63,63,126,252,441,819,1512
1,64,2,64,64,128,256,448,832,1536
1,64,3,64,64,128,256,448,832,1536
1,64,5,64,64,128,256,448,832,1536
1,64,7,64,64,128,256,448,832,1536
1,64,11,64,64,128,256,448,832,1536
1,64,13,64,64,128,256,448,832,1536
1,64,17,64,64,128,256,448,832,1536
1,64,19,64,64,128,256,448,832,1536
1,65,2,65,65,130,260,455,845,1560
1,65,3,65,65,130,260,455,845,1560
1,65,5,65,65,130,260,455,845,1560
1,65,7,65,65,130,260,455,845,1560
1,65,11,65,65,130,260,455,845,1560
1,65,13,65,65,130,260,455,845,1560
1,65,17,65,65,130,260,455,845,1560
1,65,19,65,65,130,260,455,845,1560
1,66,2,66,66,132,264,462,858,1584
1,66,3,66,66,132,264,462,858,1584
1,66,5,66,66,132,264,462,858,1584
1,66,7,66,66,132,264,462,858,1584
1,66,11,66,66,132,264,462,858,1584
1,66,13,66,66,132,264,462,858,1584
1,66,17,66,66,132,264,462,858,1584
1,66,19,66,66,132,264,462,858,1584
1,67,2,67,67,134,268,469,871,1608
1,67,3,67,67,134,268,469,871,1608
1,67,5,67,67,134,268,469,871,1608
1,67,7,67,67,134,268,469,871,1608
1,67,11,67,67,134,268,469,871,1608
1,67,13,67,67,134,268,469,871,1608
1,67,17,67,67,134,268,469,871,1608
1,67,19,67,67,134,268,469,871,1608
1,68,2,68,68,136,272,476,884,1632
1,68,3,68,68,136,272,476,884,1632
1,68,5,68,68,136,272,476,884,1632
1,68,7,68,68,136,272,476,884,1632
1,68,11,68,68,136,272,476,884,1632
1,68,13,68,68,136,272,476,884,1632
1,68,17,68,68,136,272,476,884,1632
1,68,19,68,68,136,272,476,884,1632
1,69,2,69,69,138,276,483,897,1656
1,69,3,69,69,138,276,483,897,1656
1,69,5,69,69,138,276,483,897,1656
1,69,7,69,69,138,276,483,897,1656
1,69,11,69,69,138,276,483,897,1656
1,69,13,69,69,138,276,483,897,1656
1,69,17,69,69,138,276,483,897,1656
1,69,19,69,69,138,276,483,897,1656
1,70,2,70,70,140,280,490,910,1680
1,70,3,70,70,140,280,490,910,1680
1,70,5,70,70,140,280,490,910,1680
1,70,7,70,70,140,280,490,910,1680
1,70,11,70,70,140,280,490,910,1680
1,70,13,70,70,140,280,490,910,1680
1,70,17,70,70,140,280,490,910,1680
1,70,19,70,70,140,280,490,910,1680
1,71,2,71,71,142,284,497,923,1704
1,71,3,71,71,142,284,497,923,1704
1,71,5,71,71,142,284,497,923,1704
1,71,7,71,71,142,284,497,923,1704
1,71,11,71,71,142,284,497,923,1704
1,71,13,71,71,142,284,497,923,1704
1,71,17,71,71,142,284,497,923,1704
1,71,19,71,71,142,284,497,923,1704
1,72,2,72,72,144,288,504,936,1728
1,72,3,72,72,144,288,504,936,1728
1,72,5,72,72,144,288,504,936,1728
1,72,7,72,72,144,288,504,936,1728
1,72,11,72,72,144,288,504,936,1728
1,72,13,72,72,144,288,504,936,1728
1,72,17,72,72,144,288,504,936,1728
1,72,19,72,72,144,288,504,936,1728
1,73,2,73,73,146,292,511,949,1752
1,73,3,73,73,146,292,511,949,1752
1,73,5,73,73,146,292,511,949,1752
1,73,7,73,73,146,292,511,949,1752
1,73,11,73,73,146,292,511,949,1752
1,73,13,73,73,146,292,511,949,1752
1,73,17,73,73,146,292,511,949,1752
1,73,19,73,73,146,292,511,949,1752
1,74,2,74,74,148,296,518,962,1776
1,74,3,74,74,148,296,518,962,1776
1,74,5,74,74,148,296,518,962,1776
1,74,7,74,74,148,296,518,962,1776
1,74,11,74,74,148,296,518,962,1776
1,74,13,74,74,148,296,518,962,1776
1,74,17,74,74,148,296,518,962,1776
1,74,19,74,74,148,296,518,962,1776
1,75,2,75,75,150,300,525,975,1800
1,75,3,75,75,150,300,525,975,1800
1,75,5,75,75,150,300,525,975,1800
1,75,7,75,75,150,300,525,975,1800
1,75,11,75,75,150,300,525,975,1800
1,75,13,75,75,150,300,525,975,1800
1,75,17,75,75,150,300,525,975,1800
1,75,19,75,75,150,300,525,975,1800
1,76,2,76,76,152,304,532,988,1824
1,76,3,76,76,152,304,532,988,1824
1,76,5,76,76,152,304,532,988,1824
1,76,7,76,76,152,304,532,988,1824
1,76,11,76,76,152,304,532,988,1824
1,76,13,76,76,152,304,532,988,1824
1,76,17,76,76,152,304,532,988,1824
1,76,19,76,76,152,304,532,988,1824
1,77,2,77,77,154,308,539,1001,1848
1,77,3,77,77,154,308,539,1001,1848
1,77,5,77,77,154,308,539,1001,1848
1,77,7,77,77,154,308,539,1001,1848
1,77,11,77,77,154,308,539,1001,1848
1,77,13,77,77,154,308,539,1001,1848
1,77,17,77,77,154,308,539,1001,1848
1,77,19,77,77,154,308,539,1001,1848
1,78,2,78,78,156,312,546,1014,1872
1,78,3,78,78,156,312,546,1014,1872
1,78,5,78,78,156,312,546,1014,1872
1,78,7,78,78,156,312,546,1014,1872
1,78,11,78,78,156,312,546,1014,1872
1,78,13,78,78,156,312,546,1014,1872
1,78,17,78,78,156,312,546,1014,1872
1,78,19,78,78,156,312,546,1014,1872
1,79,2,79,79,158,316,553,1027,1896
1,79,3,79,79,158,316,553,1027,1896
1,79,5,79,79,158,316,553,1027,1896
1,79,7,79,79,158,316,553,1027,1896
1,79,11,79,79,158,316,553,1027,1896
1,79,13,79,79,158,316,553,1027,1896
1,79,17,79,79,158,316,553,1027,1896
1,79,19,79,79,158,316,553,1027,1896
1,80,2,80,80,160,320,560,1040,1920
1,80,3,80,80,160,320,560,1040,1920
1,80,5,80,80,160,320,560,1040,1920
1,80,7,80,80,160,320,560,1040,1920
1,80,11,80,80,160,320,560,1040,1920
1,80,13,80,80,160,320,560,1040,1920
1,80,17,80,80,160,320,560,1040,1920
1,80,19,80,80,160,320,560,1040,1920
1,81,2,81,81,162,324,567,1053,1944
1,81,3,81,81,162,324,567,1053,1944
1,81,5,81,81,162,324,567,1053,1944
1,81,7,81,81,162,324,567,1053,1944
1,81,11,81,81,162,324,567,1053,1944
1,81,13,81,81,162,324,567,1053,1944
1,81,17,81,81,162,324,567,1053,1944
1,81,19,81,81,162,324,567,1053,1944
1,82,2,82,82,164,328,574,1066,1968
1,82,3,82,82,164,328,574,1066,1968
1,82,5,82,82,164,328,574,1066,1968
1,82,7,82,82,164,328,574,1066,1968
1,82,11,82,82,164,328,574,1066,1968
1,82,13,82,82,164,328,574,1066,1968
1,82,17,82,82,164,328,574,1066,1968
1,82,19,82,82,164,328,574,1066,1968
1,83,2,83,83,166,332,581,1079,1992
1,83,3,83,83,166,332,581,1079,1992
1,83,5,83,83,166,332,581,1079,1992
1,83,7,83,83,166,332,581,1079,1992
1,83,11,83,83,166,332,581,1079,1992
1,83,13,83,83,166,332,581,1079,1992
1,83,17,83,83,166,332,581,1079,1992
1,83,19,83,83,166,332,581,1079,1992
1,84,2,84,84,168,336,588,1092,2016
1,84,3,84,84,168,336,588,1092,2016
1,84,5,84,84,168,336,588,1092,2016
1,84,7,84,84,168,336,588,1092,2016
1,84,11,84,84,168,336,588,1092,2016
1,84,13,84,84,168,336,588,1092,2016
1,84,17,84,84,168,336,588,1092,2016
1,84,19,84,84,168,336,588,1092,2016
1,85,2,85,85,170,340,595,1105,2040
1,85,3,85,85,170,340,595,1105,2040
1,85,5,85,85,170,340,595,1105,2040
1,85,7,85,85,170,340,595,1105,2040
1,85,11,85,85,170,340,595,1105,2040
1,85,13,85,85,170,340,595,1105,2040
1,85,17,85,85,170,340,595,1105,2040
1,85,19,85,85,170,340,595,1105,2040
1,86,2,86,86,172,344,602,1118,2064
1,86,3,86,86,172,344,602,1118,2064
1,86,5,86,86,172,344,602,1118,2064
1,86,7,86,86,172,344,602,1118,2064
1,86,11,86,86,172,344,602,1118,2064
1,86,13,86,86,172,344,602,1118,2064
1,86,17,86,86,172,344,602,1118,2064
1,86,19,86,86,172,344,602,1118,2064
1,87,2,87,87,174,348,609,1131,2088
1,87,3,87,87,174,348,609,1131,2088
1,87,5,87,87,174,348,609,1131,2088
1,87,7,87,87,174,348,609,1131,2088
1,87,11,87,87,174,348,609,1131,2088
1,87,13,87,87,174,348,609,1131,2088
1,87,17,87,87,174,348,609,1131,2088
1,87,19,87,87,174,348,609,1131,2088
1,88,2,88,88,176,352,616,1144,2112
1,88,3,88,88,176,352,616,1144,2112
1,88,5,88,88,176,352,616,1144,2112
1,88,7,88,88,176,352,616,1144,2112
1,88,11,88,88,176,352,616,1144,2112
1,88,13,88,88,176,352,616,1144,2112
1,88,17,88,88,176,352,616,1144,2112
1,88,19,88,88,176,352,616,1144,2112
1,89,2,89,89,178,356,623,1157,2136
1,89,3,89,89,178,356,623,1157,2136
1,89,5,89,89,178,356,623,1157,2136
1,89,7,89,89,178,356,623,1157,2136
1,89,11,89,89,178,356,623,1157,2136
1,89,13,89,89,178,356,623,1157,2136
1,89,17,89,89,178,356,623,1157,2136
1,89,19,89,89,178,356,623,1157,2136
1,90,2,90,90,180,360,630,1170,2160
1,90,3,90,90,180,360,630,1170,2160
1,90,5,90,90,180,360,630,1170,2160
1,90,7,90,90,180,360,630,1170,2160
1,90,11,90,90,180,360,630,1170,2160
1,90,13,90,90,180,360,630,1170,2160
1,90,17,90,90,180,360,630,1170,2160
1,90,19,90,90,180,360,630,1170,2160
1,91,2,91,91,182,364,637,1183,2184
1,91,3,91,91,182,364,637,1183,2184
1,91,5,91,91,182,364,637,1183,2184
1,91,7,91,91,182,364,637,1183,2184
1,91,11,91,91,182,364,637,1183,2184
1,91,13,91,91,182,364,637,1183,2184
1,91,17,91,91,182,364,637,1183,2184
1,91,19,91,91,182,364,637,1183,2184
1,92,2,92,92,184,368,644,1196,2208
1,92,3,92,92,184,368,644,1196,2208
1,92,5,92,92,184,368,644,1196,2208
1,92,7,92,92,184,368,644,1196,2208
1,92,11,92,92,184,368,644,1196,2208
1,92,13,92,92,184,368,644,1196,2208
1,92,17,92,92,184,368,644,1196,2208
1,92,19,92,92,184,368,644,1196,2208
1,93,2,93,93,186,372,651,1209,2232
1,93,3,93,93,186,372,651,1209,2232
1,93,5,93,93,186,372,651,1209,2232
1,93,7,93,93,186,372,651,1209,2232
1,93,11,93,93,186,372,651,1209,2232
1,93,13,93,93,186,372,651,1209,2232
1,93,17,93,93,186,372,651,1209,2232
1,93,19,93,93,186,372,651,1209,2232
1,94,2,94,94,188,376,658,1222,2256
1,94,3,94,94,188,376,658,1222,2256
1,94,5,94,94,188,376,658,1222,2256
1,94,7,94,94,188,376,658,1222,2256
1,94,11,94,94,188,376,658,1222,2256
1,94,13,94,94,188,376,658,1222,2256
1,94,17,94,94,188,376,658,1222,2256
1,94,19,94,94,188,376,658,1222,2256
1,95,2,95,95,190,380,665,1235,2280
1,95,3,95,95,190,380,665,1235,2280
1,95,5,95,95,190,380,665,1235,2280
1,95,7,95,95,190,380,665,1235,2280
1,95,11,95,95,190,380,665,1235,2280
1,95,13,95,95,190,380,665,1235,2280
1,95,17,95,95,190,380,665,1235,2280
1,95,19,95,95,190,380,665,1235,2280
1,96,2,96,96,192,384,672,1248,2304
1,96,3,96,96,192,384,672,1248,2304
1,96,5,96,96,192,384,672,1248,2304
1,96,7,96,96,192,384,672,1248,2304
1,96,11,96,96,192,384,672,1248,2304
1,96,13,96,96,192,384,672,1248,2304
1,96,17,96,96,192,384,672,1248,2304
1,96,19,96,96,192,384,672,1248,2304
1,97,2,97,97,194,388,679,1261,2328
1,97,3,97,97,194,388,679,1261,2328
1,97,5,97,97,194,388,679,1261,2328
1,97,7,97,97,194,388,679,1261,2328
1,97,11,97,97,194,388,679,1261,2328
1,97,13,97,97,194,388,679,1261,2328
1,97,17,97,97,194,388,679,1261,2328
1,97,19,97,97,194,388,679,1261,2328
1,98,2,98,98,196,392,686,1274,2352
1,98,3,98,98,196,392,686,1274,2352
1,98,5,98,98,196,392,686,1274,2352
1,98,7,98,98,196,392,686,1274,2352
1,98,11,98,98,196,392,686,1274,2352
1,98,13,98,98,196,392,686,1274,2352
1,98,17,98,98,196,392,686,1274,2352
1,98,19,98,98,196,392,686,1274,2352
1,99,2,99,99,198,396,693,1287,2376
1,99,3,99,99,198,396,693,1287,2376
1,99,5,99,99,198,396,693,1287,2376
1,99,7,99,99,198,396,693,1287,2376
1,99,11,99,99,198,396,693,1287,2376
1,99,13,99,99,198,396,693,1287,2376
1,99,17,99,99,198,396,693,1287,2376
1,99,19,99,99,198,396,693,1287,2376
2,100,2,100,100,200,400,700,1300,2400
2,100,3,100,100,200,400,700,1300,2400
2,100,5,100,100,200,400,700,1300,2400
2,100,7,100,100,200,400,700,1300,2400
2,100,11,100,100,200,400,700,1300,2400
2,100,13,100,100,200,400,700,1300,2400
2,100,17,100,100,200,400,700,1300,2400
2,100,19,100,100,200,400,700,1300,2400
2,101,2,101,101,202,404,707,1313,2424
2,101,3,101,101,202,404,707,1313,2424
2,101,5,101,101,202,404,707,1313,2424
2,101,7,101,101,202,404,707,1313,2424
2,101,11,101,101,202,404,707,1313,2424
2,101,13,101,101,202,404,707,1313,2424
2,101,17,101,101,202,404,707,1313,2424
2,101,19,101,101,202,404,707,1313,2424
2,102,2,102,102,204,408,714,1326,2448
2,102,3,102,102,204,408,714,1326,2448
2,102,5,102,102,204,408,714,1326,2448
2,102,7,102,102,204,408,714,1326,2448
2,102,11,102,102,204,408,714,1326,2448
2,102,13,102,102,204,408,714,1326,2448
2,102,17,102,102,204,408,714,1326,2448
2,102,19,102,102,204,408,714,1326,2448
2,103,2,103,103,206,412,721,1339,2472
2,103,3,103,103,206,412,721,1339,2472
2,103,5,103,103,206,412,721,1339,2472
2,103,7,103,103,206,412,721,1339,2472
2,103,11,103,103,206,412,721,1339,2472
2,103,13,103,103,206,412,721,1339,2472
2,103,17,103,103,206,412,721,1339,2472
2,103,19,103,103,206,412,721,1339,2472
2,104,2,104,104,208,416,728,1352,2496
2,104,3,104,104,208,416,728,1352,2496
2,104,5,104,104,208,416,728,1352,2496
2,104,7,104,104,208,416,728,1352,2496
2,104,11,104,104,208,416,728,1352,2496
2,104,13,104,104,208,416,728,1352,2496
2,104,17,104,104,208,416,728,1352,2496
2,104,19,104,104,208,416,728,1352,2496
2,105,2,105,105,210,420,735,1365,2520
2,105,3,105,105,210,420,735,1365,2520
2,105,5,105,105,210,420,735,1365,2520
2,105,7,105,105,210,420,735,1365,2520
2,105,11,105,105,210,420,735,1365,2520
2,105,13,105,105,210,420,735,1365,2520
2,105,17,105,105,210,420,735,1365,2520
2,105,19,105,105,210,420,735,1365,2520
2,106,2,106,106,212,424,742,1378,2544
2,106,3,106,106,212,424,742,1378,2544
2,106,5,106,106,212,424,742,1378,2544
2,106,7,106,106,212,424,742,1378,2544
2,106,11,106,106,212,424,742,1378,2544
2,106,13,106,106,212,424,742,1378,2544
2,106,17,106,106,212,424,742,1378,2544
2,106,19,106,106,212,424,742,1378,2544
2,107,2,107,107,214,428,749,1391,2568
2,107,3,107,107,214,428,749,1391,2568
2,107,5,107,107,214,428,749,1391,2568
2,107,7,107,107,214,428,749,1391,2568
2,107,11,107,107,214,428,749,1391,2568
2,107,13,107,107,214,428,749,1391,2568
2,107,17,107,107,214,428,749,1391,2568
2,107,19,107,107,214,428,749,1391,2568
2,108,2,108,108,216,432,756,1404,2592
2,108,3,108,108,216,432,756,1404,2592
2,108,5,108,108,216,432,756,1404,2592
2,108,7,108,108,216,432,756,1404,2592
2,108,11,108,108,216,432,756,1404,2592
2,108,13,108,108,216,432,756,1404,2592
2,108,17,108,108,216,432,756,1404,2592
2,108,19,108,108,216,432,756,1404,2592
2,109,2,109,109,218,436,763,1417,2616
2,109,3,109,109,218,436,763,1417,2616
2,109,5,109,109,218,436,763,1417,2616
2,109,7,109,109,218,436,763,1417,2616
2,109,11,109,109,218,436,763,1417,2616
2,109,13,109,109,218,436,763,1417,2616
2,109,17,109,109,218,436,763,1417,2616
2,109,19,109,109,218,436,763,1417,2616
2,110,2,110,110,220,440,770,1430,2640
2,110,3,110,110,220,440,770,1430,2640
2,110,5,110,110,220,440,770,1430,2640
2,110,7,110,110,220,440,770,1430,2640
2,110,11,110,110,220,440,770,1430,2640
2,110,13,110,110,220,440,770,1430,2640
2,110,17,110,110,220,440,770,1430,2640
2,110,19,110,110,220,440,770,1430,2640
2,111,2,111,111,222,444,777,1443,2664
2,111,3,111,111,222,444,777,1443,2664
2,111,5,111,111,222,444,777,1443,2664
2,111,7,111,111,222,444,777,1443,2664
2,111,11,111,111,222,444,777,1443,2664
2,111,13,111,111,222,444,777,1443,2664
2,111,17,111,111,222,444,777,1443,2664
2,111,19,111,111,222,444,777,1443,2664
2,112,2,112,112,224,448,784,1456,2688
2,112,3,112,112,224,448,784,1456,2688
2,112,5,112,112,224,448,784,1456,2688
2,112,7,112,112,224,448,784,1456,2688
2,112,11,112,112,224,448,784,1456,2688
2,112,13,112,112,224,448,784,1456,2688
2,112,17,112,112,224,448,784,1456,2688
2,112,19,112,112,224,448,784,1456,2688
2,113,2,113,113,226,452,791,1469,2712
2,113,3,113,113,226,452,791,1469,2712
2,113,5,113,113,226,452,791,1469,2712
2,113,7,113,113,226,452,791,1469,2712
2,113,11,113,113,226,452,791,1469,2712
2,113,13,113,113,226,452,791,1469,2712
2,113,17,113,113,226,452,791,1469,2712
2,113,19,113,113,226,452,791,1469,2712
2,114,2,114,114,228,456,798,1482,2736
2,114,3,114,114,228,456,798,1482,2736
2,114,5,114,114,228,456,798,1482,2736
2,114,7,114,114,228,456,798,1482,2736
2,114,11,114,114,228,456,798,1482,2736
2,114,13,114,114,228,456,798,1482,2736
2,114,17,114,114,228,456,798,1482,2736
2,114,19,114,114,228,456,798,1482,2736
2,115,2,115,115,230,460,805,1495,2760
2,115,3,115,115,230,460,805,1495,2760
2,115,5,115,115,230,460,805,1495,2760
2,115,7,115,115,230,460,805,1495,2760
2,115,11,115,115,230,460,805,1495,2760
2,115,13,115,115,230,460,805,1495,2760
2,115,17,115,115,230,460,805,1495,2760
2,115,19,115,115,230,460,805,1495,2760
2,116,2,116,116,232,464,812,1508,2784
2,116,3,116,116,232,464,812,1508,2784
2,116,5,116,116,232,464,812,1508,2784
2,116,7,116,116,232,464,812,1508,2784
2,116,11,116,116,232,464,812,1508,2784
2,116,13,116,116,232,464,812,1508,2784
2,116,17,116,116,232,464,812,1508,2784
2,116,19,116,116,232,464,812,1508,2784
2,117,2,117,117,234,468,819,1521,2808
2,117,3,117,117,234,468,819,1521,2808
2,117,5,117,117,234,468,819,1521,2808
2,117,7,117,117,234,468,819,1521,2808
2,117,11,117,117,234,468,819,1521,2808
2,117,13,117,117,234,468,819,1521,2808
2,117,17,117,117,234,468,819,1521,2808
2,117,19,117,117,234,468,819,1521,2808
2,118,2,118,118,236,472,826,1534,2832
2,118,3,118,118,236,472,826,1534,2832
2,118,5,118,118,236,472,826,1534,2832
2,118,7,118,118,236,472,826,1534,2832
2,118,11,118,118,236,472,826,1534,2832
2,118,13,118,118,236,472,826,1534,2832
2,118,17,118,118,236,472,826,1534,2832
2,118,19,118,118,236,472,826,1534,2832
2,119,2,119,119,238,476,833,1547,2856
2,119,3,119,119,238,476,833,1547,2856
2,119,5,119,119,238,476,833,1547,2856
2,119,7,119,119,238,476,833,1547,2856
2,119,11,119,119,238,476,833,1547,2856
2,119,13,119,119,238,476,833,1547,2856
2,119,17,119,119,238,476,833,1547,2856
2,119,19,119,119,238,476,833,1547,2856
2,120,2,120,120,240,480,840,1560,2880
2,120,3,120,120,240,480,840,1560,2880
2,120,5,120,120,240,480,840,1560,2880
2,120,7,120,120,240,480,840,1560,2880
2,120,11,120,120,240,480,840,1560,2880
2,120,13,120,120,240,480,840,1560,2880
2,120,17,120,120,240,480,840,1560,2880
2,120,19,120,120,240,480,840,1560,2880
2,121,2,121,121,242,484,847,1573,2904
2,121,3,121,121,242,484,847,1573,2904
2,121,5,121,121,242,484,847,1573,2904
2,121,7,121,121,242,484,847,1573,2904
2,121,11,121,121,242,484,847,1573,2904
2,121,13,121,121,242,484,847,1573,2904
2,121,17,121,121,242,484,847,1573,2904
2,121,19,121,121,242,484,847,1573,2904
2,122,2,122,122,244,488,854,1586,2928
2,122,3,122,122,244,488,854,1586,2928
2,122,5,122,122,244,488,854,1586,2928
2,122,7,122,122,244,488,854,1586,2928
2,122,11,122,122,244,488,854,1586,2928
2,122,13,122,122,244,488,854,1586,2928
2,122,17,122,122,244,488,854,1586,2928
2,122,19,122,122,244,488,854,1586,2928
2,123,2,123,123,246,492,861,1599,2952
2,123,3,123,123,246,492,861,1599,2952
2,123,5,123,123,246,492,861,1599,2952
2,123,7,123,123,246,492,861,1599,2952
2,123,11,123,123,246,492,861,1599,2952
2,123,13,123,123,246,492,861,1599,2952
2,123,17,123,123,246,492,861,1599,2952
2,123,19,123,123,246,492,861,1599,2952
2,124,2,124,124,248,496,868,1612,2976
2,124,3,124,124,248,496,868,1612,2976
2,124,5,124,124,248,496,868,1612,2976
2,124,7,124,124,248,496,868,1612,2976
2,124,11,124,124,248,496,868,1612,2976
2,124,13,124,124,248,496,868,1612,2976
2,124,17,124,124,248,496,868,1612,2976
2,124,19,124,124,248,496,868,1612,2976
2,125,2,125,125,250,500,875,1625,3000
2,125,3,125,125,250,500,875,1625,3000
2,125,5,125,125,250,500,875,1625,3000
2,125,7,125,125,250,500,875,1625,3000
2,125,11,125,125,250,500,875,1625,3000
2,125,13,125,125,250,500,875,1625,3000
2,125,17,125,125,250,500,875,1625,3000
2,125,19,125,125,250,500,875,1625,3000
2,126,2,126,126,252,504,882,1638,3024
2,126,3,126,126,252,504,882,1638,3024
2,126,5,126,126,252,504,882,1638,3024
2,126,7,126,126,252,504,882,1638,3024
2,126,11,126,126,252,504,882,1638,3024
2,126,13,126,126,252,504,882,1638,3024
2,126,17,126,126,252,504,882,1638,3024
2,126,19,126,126,252,504,882,1638,3024
2,127,2,127,127,254,508,889,1651,3048
2,127,3,127,127,254,508,889,1651,3048
2,127,5,127,127,254,508,889,1651,3048
2,127,7,127,127,254,508,889,1651,3048
2,127,11,127,127,254,508,889,1651,3048
2,127,13,127,127,254,508,889,1651,3048
2,127,17,127,127,254,508,889,1651,3048
2,127,19,127,127,254,508,889,1651,3048
2,128,2,128,128,256,512,896,1664,3072
2,128,3,128,128,256,512,896,1664,3072
2,128,5,128,128,256,512,896,1664,3072
2,128,7,128,128,256,512,896,1664,3072
2,128,11,128,128,256,512,896,1664,3072
2,128,13,128,128,256,512,896,1664,3072
2,128,17,128,128,256,512,896,1664,3072
2,128,19,128,128,256,512,896,1664,3072
2,129,2,129,129,258,516,903,1677,3096
2,129,3,129,129,258,516,903,1677,3096
2,129,5,129,129,258,516,903,1677,3096
2,129,7,129,129,258,516,903,1677,3096
2,129,11,129,129,258,516,903,1677,3096
2,129,13,129,129,258,516,903,1677,3096
2,129,17,129,129,258,516,903,1677,3096
2,129,19,129,129,258,516,903,1677,3096
2,130,2,130,130,260,520,910,1690,3120
2,130,3,130,130,260,520,910,1690,3120
2,130,5,130,130,260,520,910,1690,3120
2,130,7,130,130,260,520,910,1690,3120
2,130,11,130,130,260,520,910,1690,3120
2,130,13,130,130,260,520,910,1690,3120
2,130,17,130,130,260,520,910,1690,3120
2,130,19,130,130,260,520,910,1690,3120
2,131,2,131,131,262,524,917,1703,3144
2,131,3,131,131,262,524,917,1703,3144
2,131,5,131,131,262,524,917,1703,3144
2,131,7,131,131,262,524,917,1703,3144
2,131,11,131,131,262,524,917,1703,3144
2,131,13,131,131,262,524,917,1703,3144
2,131,17,131,131,262,524,917,1703,3144
2,131,19,131,131,262,524,917,1703,3144
2,132,2,132,132,264,528,924,1716,3168
2,132,3,132,132,264,528,924,1716,3168
2,132,5,132,132,264,528,924,1716,3168
2,132,7,132,132,264,528,924,1716,3168
2,132,11,132,132,264,528,924,1716,3168
2,132,13,132,132,264,528,924,1716,3168
2,132,17,132,132,264,528,924,1716,3168
2,132,19,132,132,264,528,924,1716,3168
2,133,2,133,133,266,532,931,1729,3192
2,133,3,133,133,266,532,931,1729,3192
2,133,5,133,133,266,532,931,1729,3192
2,133,7,133,133,266,532,931,1729,3192
2,133,11,133,133,266,532,931,1729,3192
2,133,13,133,133,266,532,931,1729,3192
2,133,17,133,133,266,532,931,1729,3192
2,133,19,133,133,266,532,931,1729,3192
2,134,2,134,134,268,536,938,1742,3216
2,134,3,134,134,268,536,938,1742,3216
2,134,5,134,134,268,536,938,1742,3216
2,134,7,134,134,268,536,938,1742,3216
2,134,11,134,134,268,536,938,1742,3216
2,134,13,134,134,268,536,938,1742,3216
2,134,17,134,134,268,536,938,1742,3216
2,134,19,134,134,268,536,938,1742,3216
2,135,2,135,135,270,540,945,1755,3240
2,135,3,135,135,270,540,945,1755,3240
2,135,5,135,135,270,540,945,1755,3240
2,135,7,135,135,270,540,945,1755,3240
2,135,11,135,135,270,540,945,1755,3240
2,135,13,135,135,270,540,945,1755,3240
2,135,17,135,135,270,540,945,1755,3240
2,135,19,135,135,270,540,945,1755,3240
2,136,2,136,136,272,544,952,1768,3264
2,136,3,136,136,272,544,952,1768,3264
2,136,5,136,136,272,544,952,1768,3264
2,136,7,136,136,272,544,952,1768,3264
2,136,11,136,136,272,544,952,1768,3264
2,136,13,136,136,272,544,952,1768,3264
2,136,17,136,136,272,544,952,1768,3264
2,136,19,136,136,272,544,952,1768,3264
2,137,2,137,137,274,548,959,1781,3288
2,137,3,137,137,274,548,959,1781,3288
2,137,5,137,137,274,548,959,1781,3288
2,137,7,137,137,274,548,959,1781,3288
2,137,11,137,137,274,548,959,1781,3288
2,137,13,137,137,274,548,959,1781,3288
2,137,17,137,137,274,548,959,1781,3288
2,137,19,137,137,274,548,959,1781,3288
2,138,2,138,138,276,552,966,1794,3312
2,138,3,138,138,276,552,966,1794,3312
2,138,5,138,138,276,552,966,1794,3312
2,138,7,138,138,276,552,966,1794,3312
2,138,11,138,138,276,552,966,1794,3312
2,138,13,138,138,276,552,966,1794,3312
2,138,17,138,138,276,552,966,1794,3312
2,138,19,138,138,276,552,966,1794,3312
2,139,2,139,139,278,556,973,1807,3336
2,139,3,139,139,278,556,973,1807,3336
2,139,5,139,139,278,556,973,1807,3336
2,139,7,139,139,278,556,973,1807,3336
2,139,11,139,139,278,556,973,1807,3336
2,139,13,139,139,278,556,973,1807,3336
2,139,17,139,139,278,556,973,1807,3336
2,139,19,139,139,278,556,973,1807,3336
2,140,2,140,140,280,560,980,1820,3360
2,140,3,140,140,280,560,980,1820,3360
2,140,5,140,140,280,560,980,1820,3360
2,140,7,140,140,280,560,980,1820,3360
2,140,11,140,140,280,560,980,1820,3360
2,140,13,140,140,280,560,980,1820,3360
2,140,17,140,140,280,560,980,1820,3360
2,140,19,140,140,280,560,980,1820,3360
2,141,2,141,141,282,564,987,1833,3384
2,141,3,141,141,282,564,987,1833,3384
2,141,5,141,141,282,564,987,1833,3384
2,141,7,141,141,282,564,987,1833,3384
2,141,11,141,141,282,564,987,1833,3384
2,141,13,141,141,282,564,987,1833,3384
2,141,17,141,141,282,564,987,1833,3384
2,141,19,141,141,282,564,987,1833,3384
2,142,2,142,142,284,568,994,1846,3408
2,142,3,142,142,284,568,994,1846,3408
2,142,5,142,142,284,568,994,1846,3408
2,142,7,142,142,284,568,994,1846,3408
2,142,11,142,142,284,568,994,1846,3408
2,142,13,142,142,284,568,994,1846,3408
2,142,17,142,142,284,568,994,1846,3408
2,142,19,142,142,284,568,994,1846,3408
2,143,2,143,143,286,572,1001,1859,3432
2,143,3,143,143,286,572,1001,1859,3432
2,143,5,143,143,286,572,1001,1859,3432
2,143,7,143,143,286,572,1001,1859,3432
2,143,11,143,143,286,572,1001,1859,3432
2,143,13,143,143,286,572,1001,1859,3432
2,143,17,143,143,286,572,1001,1859,3432
2,143,19,143,143,286,572,1001,1859,3432
2,144,2,144,144,288,576,1008,1872,3456
2,144,3,144,144,288,576,1008,1872,3456
2,144,5,144,144,288,576,1008,1872,3456
2,144,7,144,144,288,576,1008,1872,3456
2,144,11,144,144,288,576,1008,1872,3456
2,144,13,144,144,288,576,1008,1872,3456
2,144,17,144,144,288,576,1008,1872,3456
2,144,19,144,144,288,576,1008,1872,3456
2,145,2,145,145,290,580,1015,1885,3480
2,145,3,145,145,290,580,1015,1885,3480
2,145,5,145,145,290,580,1015,1885,3480
2,145,7,145,145,290,580,1015,1885,3480
2,145,11,145,145,290,580,1015,1885,3480
2,145,13,145,145,290,580,1015,1885,3480
2,145,17,145,145,290,580,1015,1885,3480
2,145,19,145,145,290,580,1015,1885,3480
2,146,2,146,146,292,584,1022,1898,3504
2,146,3,146,146,292,584,1022,1898,3504
2,146,5,146,146,292,584,1022,1898,3504
2,146,7,146,146,292,584,1022,1898,3504
2,146,11,146,146,292,584,1022,1898,3504
2,146,13,146,146,292,584,1022,1898,3504
2,146,17,146,146,292,584,1022,1898,3504
2,146,19,146,146,292,584,1022,1898,3504
2,147,2,147,147,294,588,1029,1911,3528
2,147,3,147,147,294,588,1029,1911,3528
2,147,5,147,147,294,588,1029,1911,3528
2,147,7,147,147,294,588,1029,1911,3528
2,147,11,147,147,294,588,1029,1911,3528
2,147,13,147,147,294,588,1029,1911,3528
2,147,17,147,147,294,588,1029,1911,3528
2,147,19,147,147,294,588,1029,1911,3528
2,148,2,148,148,296,592,1036,1924,3552
2,148,3,148,148,296,592,1036,1924,3552
2,148,5,148,148,296,592,1036,1924,3552
2,148,7,148,148,296,592,1036,1924,3552
2,148,11,148,148,296,592,1036,1924,3552
2,148,13,148,148,296,592,1036,1924,3552
2,148,17,148,148,296,592,1036,1924,3552
2,148,19,148,148,296,592,1036,1924,3552
2,149,2,149,149,298,596,1043,1937,3576
2,149,3,149,149,298,596,1043,1937,3576
2,149,5,149,149,298,596,1043,1937,3576
2,149,7,149,149,298,596,1043,1937,3576
2,149,11,149,149,298,596,1043,1937,3576
2,149,13,149,149,298,596,1043,1937,3576
2,149,17,149,149,298,596,1043,1937,3576
2,149,19,149,149,298,596,1043,1937,3576
2,150,2,150,150,300,600,1050,1950,3600
2,150,3,150,150,300,600,1050,1950,3600
2,150,5,150,150,300,600,1050,1950,3600
2,150,7,150,150,300,600,1050,1950,3600
2,150,11,150,150,300,600,1050,1950,3600
2,150,13,150,150,300,600,1050,1950,3600
2,150,17,150,150,300,600,1050,1950,3600
2,150,19,150,150,300,600,1050,1950,3600
2,151,2,151,151,302,604,1057,1963,3624
2,151,3,151,151,302,604,1057,1963,3624
2,151,5,151,151,302,604,1057,1963,3624
2,151,7,151,151,302,604,1057,1963,3624
2,151,11,151,151,302,604,1057,1963,3624
2,151,13,151,151,302,604,1057,1963,3624
2,151,17,151,151,302,604,1057,1963,3624
2,151,19,151,151,302,604,1057,1963,3624
2,152,2,152,152,304,608,1064,1976,3648
2,152,3,152,152,304,608,1064,1976,3648
2,152,5,152,152,304,608,1064,1976,3648
2,152,7,152,152,304,608,1064,1976,3648
2,152,11,152,152,304,608,1064,1976,3648
2,152,13,152,152,304,608,1064,1976,3648
2,152,17,152,152,304,608,1064,1976,3648
2,152,19,152,152,304,608,1064,1976,3648
2,153,2,153,153,306,612,1071,1989,3672
2,153,3,153,153,306,612,1071,1989,3672
2,153,5,153,153,306,612,1071,1989,3672
2,153,7,153,153,306,612,1071,1989,3672
2,153,11,153,153,306,612,1071,1989,3672
2,153,13,153,153,306,612,1071,1989,3672
2,153,17,153,153,306,612,1071,1989,3672
2,153,19,153,153,306,612,1071,1989,3672
2,154,2,154,154,308,616,1078,2002,3696
2,154,3,154,154,308,616,1078,2002,3696
2,154,5,154,154,308,616,1078,2002,3696
2,154,7,154,154,308,616,1078,2002,3696
2,154,11,154,154,308,616,1078,2002,3696
2,154,13,154,154,308,616,1078,2002,3696
2,154,17,154,154,308,616,1078,2002,3696
2,154,19,154,154,308,616,1078,2002,3696
2,155,2,155,155,310,620,1085,2015,3720
2,155,3,155,155,310,620,1085,2015,3720
2,155,5,155,155,310,620,1085,2015,3720
2,155,7,155,155,310,620,1085,2015,3720
2,155,11,155,155,310,620,1085,2015,3720
2,155,13,155,155,310,620,1085,2015,3720
2,155,17,155,155,310,620,1085,2015,3720
2,155,19,155,155,310,620,1085,2015,3720
2,156,2,156,156,312,624,1092,2028,3744
2,156,3,156,156,312,624,1092,2028,3744
2,156,5,156,156,312,624,1092,2028,3744
2,156,7,156,156,312,624,1092,2028,3744
2,156,11,156,156,312,624,1092,2028,3744
2,156,13,156,156,312,624,1092,2028,3744
2,156,17,156,156,312,624,1092,2028,3744
2,156,19,156,156,312,624,1092,2028,3744
2,157,2,157,157,314,628,1099,2041,3768
2,157,3,157,157,314,628,1099,2041,3768
2,157,5,157,157,314,628,1099,2041,3768
2,157,7,157,157,314,628,1099,2041,3768
2,157,11,157,157,314,628,1099,2041,3768
2,157,13,157,157,314,628,1099,2041,3768
2,157,17,157,157,314,628,1099,2041,3768
2,157,19,157,157,314,628,1099,2041,3768
2,158,2,158,158,316,632,1106,2054,3792
2,158,3,158,158,316,632,1106,2054,3792
2,158,5,158,158,316,632,1106,2054,3792
2,158,7,158,158,316,632,1106,2054,3792
2,158,11,158,158,316,632,1106,2054,3792
2,158,13,158,158,316,632,1106,2054,3792
2,158,17,158,158,316,632,1106,2054,3792
2,158,19,158,158,316,632,1106,2054,3792
2,159,2,159,159,318,636,1113,2067,3816
2,159,3,159,159,318,636,1113,2067,3816
2,159,5,159,159,318,636,1113,2067,3816
2,159,7,159,159,318,636,1113,2067,3816
2,159,11,159,159,318,636,1113,2067,3816
2,159,13,159,159,318,636,1113,2067,3816
2,159,17,159,159,318,636,1113,2067,3816
2,159,19,159,159,318,636,1113,2067,3816
2,160,2,160,160,320,640,1120,2080,3840
2,160,3,160,160,320,640,1120,2080,3840
2,160,5,160,160,320,640,1120,2080,3840
2,160,7,160,160,320,640,1120,2080,3840
2,160,11,160,160,320,640,1120,2080,3840
2,160,13,160,160,320,640,1120,2080,3840
2,160,17,160,160,320,640,1120,2080,3840
2,160,19,160,160,320,640,1120,2080,3840
2,161,2,161,161,322,644,1127,2093,3864
2,161,3,161,161,322,644,1127,2093,3864
2,161,5,161,161,322,644,1127,2093,3864
2,161,7,161,161,322,644,1127,2093,3864
2,161,11,161,161,322,644,1127,2093,3864
2,161,13,161,161,322,644,1127,2093,3864
2,161,17,161,161,322,644,1127,2093,3864
2,161,19,161,161,322,644,1127,2093,3864
2,162,2,162,162,324,648,1134,2106,3888
2,162,3,162,162,324,648,1134,2106,3888
2,162,5,162,162,324,648,1134,2106,3888
2,162,7,162,162,324,648,1134,2106,3888
2,162,11,162,162,324,648,1134,2106,3888
2,162,13,162,162,324,648,1134,2106,3888
2,162,17,162,162,324,648,1134,2106,3888
2,162,19,162,162,324,648,1134,2106,3888
2,163,2,163,163,326,652,1141,2119,3912
2,163,3,163,163,326,652,1141,2119,3912
2,163,5,163,163,326,652,1141,2119,3912
2,163,7,163,163,326,652,1141,2119,3912
2,163,11,163,163,326,652,1141,2119,3912
2,163,13,163,163,326,652,1141,2119,3912
2,163,17,163,163,326,652,1141,2119,3912
2,163,19,163,163,326,652,1141,2119,3912
2,164,2,164,164,328,656,1148,2132,3936
2,164,3,164,164,328,656,1148,2132,3936
2,164,5,164,164,328,656,1148,2132,3936
2,164,7,164,164,328,656,1148,2132,3936
2,164,11,164,164,328,656,1148,2132,3936
2,164,13,164,164,328,656,1148,2132,3936
2,164,17,164,164,328,656,1148,2132,3936
2,164,19,164,164,328,656,1148,2132,3936
2,165,2,165,165,330,660,1155,2145,3960
2,165,3,165,165,330,660,1155,2145,3960
2,165,5,165,165,330,660,1155,2145,3960
2,165,7,165,165,330,660,1155,2145,3960
2,165,11,165,165,330,660,1155,2145,3960
2,165,13,165,165,330,660,1155,2145,3960
2,165,17,165,165,330,660,1155,2145,3960
2,165,19,165,165,330,660,1155,2145,3960
2,166,2,166,166,332,664,1162,2158,3984
2,166,3,166,166,332,664,1162,2158,3984
2,166,5,166,166,332,664,1162,2158,3984
2,166,7,166,166,332,664,1162,2158,3984
2,166,11,166,166,332,664,1162,2158,3984
2,166,13,166,166,332,664,1162,2158,3984
2,166,17,166,166,332,664,1162,2158,3984
2,166,19,166,166,332,664,1162,2158,3984
2,167,2,167,167,334,668,1169,2171,4008
2,167,3,167,167,334,668,1169,2171,4008
2,167,5,167,167,334,668,1169,2171,4008
2,167,7,167,167,334,668,1169,2171,4008
2,167,11,167,167,334,668,1169,2171,4008
2,167,13,167,167,334,668,1169,2171,4008
2,167,17,167,167,334,668,1169,2171,4008
2,167,19,167,167,334,668,1169,2171,4008
2,168,2,168,168,336,672,1176,2184,4032
2,168,3,168,168,336,672,1176,2184,4032
2,168,5,168,168,336,672,1176,2184,4032
2,168,7,168,168,336,672,1176,2184,4032
2,168,11,168,168,336,672,1176,2184,4032
2,168,13,168,168,336,672,1176,2184,4032
2,168,17,168,168,336,672,1176,2184,4032
2,168,19,168,168,336,672,1176,2184,4032
2,169,2,169,169,338,676,1183,2197,4056
2,169,3,169,169,338,676,1183,2197,4056
2,169,5,169,169,338,676,1183,2197,4056
2,169,7,169,169,338,676,1183,2197,4056
2,169,11,169,169,338,676,1183,2197,4056
2,169,13,169,169,338,676,1183,2197,4056
2,169,17,169,169,338,676,1183,2197,4056
2,169,19,169,169,338,676,1183,2197,4056
2,170,2,170,170,340,680,1190,2210,4080
2,170,3,170,170,340,680,1190,2210,4080
2,170,5,170,170,340,680,1190,2210,4080
2,170,7,170,170,340,680,1190,2210,4080
2,170,11,170,170,340,680,1190,2210,4080
2,170,13,170,170,340,680,1190,2210,4080
2,170,17,170,170,340,680,1190,2210,4080
2,170,19,170,170,340,680,1190,2210,4080
2,171,2,171,171,342,684,1197,2223,4104
2,171,3,171,171,342,684,1197,2223,4104
2,171,5,171,171,342,684,1197,2223,4104
2,171,7,171,171,342,684,1197,2223,4104
2,171,11,171,171,342,684,1197,2223,4104
2,171,13,171,171,342,684,1197,2223,4104
2,171,17,171,171,342,684,1197,2223,4104
2,171,19,171,171,342,684,1197,2223,4104
2,172,2,172,172,344,688,1204,2236,4128
2,172,3,172,172,344,688,1204,2236,4128
2,172,5,172,172,344,688,1204,2236,4128
2,172,7,172,172,344,688,1204,2236,4128
2,172,11,172,172,344,688,1204,2236,4128
2,172,13,172,172,344,688,1204,2236,4128
2,172,17,172,172,344,688,1204,2236,4128
2,172,19,172,172,344,688,1204,2236,4128
2,173,2,173,173,346,692,1211,2249,4152
2,173,3,173,173,346,692,1211,2249,4152
2,173,5,173,173,346,692,1211,2249,4152
2,173,7,173,173,346,692,1211,2249,4152
2,173,11,173,173,346,692,1211,2249,4152
2,173,13,173,173,346,692,1211,2249,4152
2,173,17,173,173,346,692,1211,2249,4152
2,173,19,173,173,346,692,1211,2249,4152
2,174,2,174,174,348,696,1218,2262,4176
2,174,3,174,174,348,696,1218,2262,4176
2,174,5,174,174,348,696,1218,2262,4176
2,174,7,174,174,348,696,1218,2262,4176
2,174,11,174,174,348,696,1218,2262,4176
2,174,13,174,174,348,696,1218,2262,4176
2,174,17,174,174,348,696,1218,2262,4176
2,174,19,174,174,348,696,1218,2262,4176
2,175,2,175,175,350,700,1225,2275,4200
2,175,3,175,175,350,700,1225,2275,4200
2,175,5,175,175,350,700,1225,2275,4200
2,175,7,175,175,350,700,1225,2275,4200
2,175,11,175,175,350,700,1225,2275,4200
2,175,13,175,175,350,700,1225,2275,4200
2,175,17,175,175,350,700,1225,2275,4200
2,175,19,175,175,350,700,1225,2275,4200
2,176,2,176,176,352,704,1232,2288,4224
2,176,3,176,176,352,704,1232,2288,4224
2,176,5,176,176,352,704,1232,2288,4224
2,176,7,176,176,352,704,1232,2288,4224
2,176,11,176,176,352,704,1232,2288,4224
2,176,13,176,176,352,704,1232,2288,4224
2,176,17,176,176,352,704,1232,2288,4224
2,176,19,176,176,352,704,1232,2288,4224
2,177,2,177,177,354,708,1239,2301,4248
2,177,3,177,177,354,708,1239,2301,4248
2,177,5,177,177,354,708,1239,2301,4248
2,177,7,177,177,354,708,1239,2301,4248
2,177,11,177,177,354,708,1239,2301,4248
2,177,13,177,177,354,708,1239,2301,4248
2,177,17,177,177,354,708,1239,2301,4248
2,177,19,177,177,354,708,1239,2301,4248
2,178,2,178,178,356,712,1246,2314,4272
2,178,3,178,178,356,712,1246,2314,4272
2,178,5,178,178,356,712,1246,2314,4272
2,178,7,178,178,356,712,1246,2314,4272
2,178,11,178,178,356,712,1246,2314,4272
2,178,13,178,178,356,712,1246,2314,4272
2,178,17,178,178,356,712,1246,2314,4272
2,178,19,178,178,356,712,1246,2314,4272
2,179,2,179,179,358,716,1253,2327,4296
2,179,3,179,179,358,716,1253,2327,4296
2,179,5,179,179,358,716,1253,2327,4296
2,179,7,179,179,358,716,1253,2327,4296
2,179,11,179,179,358,716,1253,2327,4296
2,179,13,179,179,358,716,1253,2327,4296
2,179,17,179,179,358,716,1253,2327,4296
2,179,19,179,179,358,716,1253,2327,4296
2,180,2,180,180,360,720,1260,2340,4320
2,180,3,180,180,360,720,1260,2340,4320
2,180,5,180,180,360,720,1260,2340,4320
2,180,7,180,180,360,720,1260,2340,4320
2,180,11,180,180,360,720,1260,2340,4320
2,180,13,180,180,360,720,1260,2340,4320
2,180,17,180,180,360,720,1260,2340,4320
2,180,19,180,180,360,720,1260,2340,4320
2,181,2,181,181,362,724,1267,2353,4344
2,181,3,181,181,362,724,1267,2353,4344
2,181,5,181,181,362,724,1267,2353,4344
2,181,7,181,181,362,724,1267,2353,4344
2,181,11,181,181,362,724,1267,2353,4344
2,181,13,181,181,362,724,1267,2353,4344
2,181,17,181,181,362,724,1267,2353,4344
2,181,19,181,181,362,724,1267,2353,4344
2,182,2,182,182,364,728,1274,2366,4368
2,182,3,182,182,364,728,1274,2366,4368
2,182,5,182,182,364,728,1274,2366,4368
2,182,7,182,182,364,728,1274,2366,4368
2,182,11,182,182,364,728,1274,2366,4368
2,182,13,182,182,364,728,1274,2366,4368
2,182,17,182,182,364,728,1274,2366,4368
2,182,19,182,182,364,728,1274,2366,4368
2,183,2,183,183,366,732,1281,2379,4392
2,183,3,183,183,366,732,1281,2379,4392
2,183,5,183,183,366,732,1281,2379,4392
2,183,7,183,183,366,732,1281,2379,4392
2,183,11,183,183,366,732,1281,2379,4392
2,183,13,183,183,366,732,1281,2379,4392
2,183,17,183,183,366,732,1281,2379,4392
2,183,19,183,183,366,732,1281,2379,4392
2,184,2,184,184,368,736,1288,2392,4416
2,184,3,184,184,368,736,1288,2392,4416
2,184,5,184,184,368,736,1288,2392,4416
2,184,7,184,184,368,736,1288,2392,4416
2,184,11,184,184,368,736,1288,2392,4416
2,184,13,184,184,368,736,1288,2392,4416
2,184,17,184,184,368,736,1288,2392,4416
2,184,19,184,184,368,736,1288,2392,4416
2,185,2,185,185,370,740,1295,2405,4440
2,185,3,185,185,370,740,1295,2405,4440
2,185,5,185,185,370,740,1295,2405,4440
2,185,7,185,185,370,740,1295,2405,4440
2,185,11,185,185,370,740,1295,2405,4440
2,185,13,185,185,370,740,1295,2405,4440
2,185,17,185,185,370,740,1295,2405,4440
2,185,19,185,185,370,740,1295,2405,4440
2,186,2,186,186,372,744,1302,2418,4464
2,186,3,186,186,372,744,1302,2418,4464
2,186,5,186,186,372,744,1302,2418,4464
2,186,7,186,186,372,744,1302,2418,4464
2,186,11,186,186,372,744,1302,2418,4464
2,186,13,186,186,372,744,1302,2418,4464
2,186,17,186,186,372,744,1302,2418,4464
2,186,19,186,186,372,744,1302,2418,4464
2,187,2,187,187,374,748,1309,2431,4488
2,187,3,187,187,374,748,1309,2431,4488
2,187,5,187,187,374,748,1309,2431,4488
2,187,7,187,187,374,748,1309,2431,4488
2,187,11,187,187,374,748,1309,2431,4488
2,187,13,187,187,374,748,1309,2431,4488
2,187,17,187,187,374,748,1309,2431,4488
2,187,19,187,187,374,748,1309,2431,4488
2,188,2,188,188,376,752,1316,2444,4512
2,188,3,188,188,376,752,1316,2444,4512
2,188,5,188,188,376,752,1316,2444,4512
2,188,7,188,188,376,752,1316,2444,4512
2,188,11,188,188,376,752,1316,2444,4512
2,188,13,188,188,376,752,1316,2444,4512
2,188,17,188,188,376,752,1316,2444,4512
2,188,19,188,188,376,752,1316,2444,4512
2,189,2,189,189,378,756,1323,2457,4536
2,189,3,189,189,378,756,1323,2457,4536
2,189,5,189,189,378,756,1323,2457,4536
2,189,7,189,189,378,756,1323,2457,4536
2,189,11,189,189,378,756,1323,2457,4536
2,189,13,189,189,378,756,1323,2457,4536
2,189,17,189,189,378,756,1323,2457,4536
2,189,19,189,189,378,756,1323,2457,4536
2,190,2,190,190,380,760,1330,2470,4560
2,190,3,190,190,380,760,1330,2470,4560
2,190,5,190,190,380,760,1330,2470,4560
2,190,7,190,190,380,760,1330,2470,4560
2,190,11,190,190,380,760,1330,2470,4560
2,190,13,190,190,380,760,1330,2470,4560
2,190,17,190,190,380,760,1330,2470,4560
2,190,19,190,190,380,760,1330,2470,4560
2,191,2,191,191,382,764,1337,2483,4584
2,191,3,191,191,382,764,1337,2483,4584
2,191,5,191,191,382,764,1337,2483,4584
2,191,7,191,191,382,764,1337,2483,4584
2,191,11,191,191,382,764,1337,2483,4584
2,191,13,191,191,382,764,1337,2483,4584
2,191,17,191,191,382,764,1337,2483,4584
2,191,19,191,191,382,764,1337,2483,4584
2,192,2,192,192,384,768,1344,2496,4608
2,192,3,192,192,384,768,1344,2496,4608
2,192,5,192,192,384,768,1344,2496,4608
2,192,7,192,192,384,768,1344,2496,4608
2,192,11,192,192,384,768,1344,2496,4608
2,192,13,192,192,384,768,1344,2496,4608
2,192,17,192,192,384,768,1344,2496,4608
2,192,19,192,192,384,768,1344,2496,4608
2,193,2,193,193,386,772,1351,2509,4632
2,193,3,193,193,386,772,1351,2509,4632
2,193,5,193,193,386,772,1351,2509,4632
2,193,7,193,193,386,772,1351,2509,4632
2,193,11,193,193,386,772,1351,2509,4632
2,193,13,193,193,386,772,1351,2509,4632
2,193,17,193,193,386,772,1351,2509,4632
2,193,19,193,193,386,772,1351,2509,4632
2,194,2,194,194,388,776,1358,2522,4656
2,194,3,194,194,388,776,1358,2522,4656
2,194,5,194,194,388,776,1358,2522,4656
2,194,7,194,194,388,776,1358,2522,4656
2,194,11,194,194,388,776,1358,2522,4656
2,194,13,194,194,388,776,1358,2522,4656
2,194,17,194,194,388,776,1358,2522,4656
2,194,19,194,194,388,776,1358,2522,4656
2,195,2,195,195,390,780,1365,2535,4680
2,195,3,195,195,390,780,1365,2535,4680
2,195,5,195,195,390,780,1365,2535,4680
2,195,7,195,195,390,780,1365,2535,4680
2,195,11,195,195,390,780,1365,2535,4680
2,195,13,195,195,390,780,1365,2535,4680
2,195,17,195,195,390,780,1365,2535,4680
2,195,19,195,195,390,780,1365,2535,4680
2,196,2,196,196,392,784,1372,2548,4704
2,196,3,196,196,392,784,1372,2548,4704
2,196,5,196,196,392,784,1372,2548,4704
2,196,7,196,196,392,784,1372,2548,4704
2,196,11,196,196,392,784,1372,2548,4704
2,196,13,196,196,392,784,1372,2548,4704
2,196,17,196,196,392,784,1372,2548,4704
2,196,19,196,196,392,784,1372,2548,4704
2,197,2,197,197,394,788,1379,2561,4728
2,197,3,197,197,394,788,1379,2561,4728
2,197,5,197,197,394,788,1379,2561,4728
2,197,7,197,197,394,788,1379,2561,4728
2,197,11,197,197,394,788,1379,2561,4728
2,197,13,197,197,394,788,1379,2561,4728
2,197,17,197,197,394,788,1379,2561,4728
2,197,19,197,197,394,788,1379,2561,4728
2,198,2,198,198,396,792,1386,2574,4752
2,198,3,198,198,396,792,1386,2574,4752
2,198,5,198,198,396,792,1386,2574,4752
2,198,7,198,198,396,792,1386,2574,4752
2,198,11,198,198,396,792,1386,2574,4752
2,198,13,198,198,396,792,1386,2574,4752
2,198,17,198,198,396,792,1386,2574,4752
2,198,19,198,198,396,792,1386,2574,4752
3,200,2,200,200,400,800,1400,2600,4800
3,200,3,200,200,400,800,1400,2600,4800
3,200,5,200,200,400,800,1400,2600,4800
3,200,7,200,200,400,800,1400,2600,4800
3,200,11,200,200,400,800,1400,2600,4800
3,200,13,200,200,400,800,1400,2600,4800
3,200,17,200,200,400,800,1400,2600,4800
3,200,19,200,200,400,800,1400,2600,4800
3,201,2,201,201,402,804,1407,2613,4824
3,201,3,201,201,402,804,1407,2613,4824
3,201,5,201,201,402,804,1407,2613,4824
3,201,7,201,201,402,804,1407,2613,4824
3,201,11,201,201,402,804,1407,2613,4824
3,201,13,201,201,402,804,1407,2613,4824
3,201,17,201,201,402,804,1407,2613,4824
3,201,19,201,201,402,804,1407,2613,4824
3,202,2,202,202,404,808,1414,2626,4848
3,202,3,202,202,404,808,1414,2626,4848
3,202,5,202,202,404,808,1414,2626,4848
3,202,7,202,202,404,808,1414,2626,4848
3,202,11,202,202,404,808,1414,2626,4848
3,202,13,202,202,404,808,1414,2626,4848
3,202,17,202,202,404,808,1414,2626,4848
3,202,19,202,202,404,808,1414,2626,4848
3,203,2,203,203,406,812,1421,2639,4872
3,203,3,203,203,406,812,1421,2639,4872
3,203,5,203,203,406,812,1421,2639,4872
3,203,7,203,203,406,812,1421,2639,4872
3,203,11,203,203,406,812,1421,2639,4872
3,203,13,203,203,406,812,1421,2639,4872
3,203,17,203,203,406,812,1421,2639,4872
3,203,19,203,203,406,812,1421,2639,4872
3,204,2,204,204,408,816,1428,2652,4896
3,204,3,204,204,408,816,1428,2652,4896
3,204,5,204,204,408,816,1428,2652,4896
3,204,7,204,204,408,816,1428,2652,4896
3,204,11,204,204,408,816,1428,2652,4896
3,204,13,204,204,408,816,1428,2652,4896
3,204,17,204,204,408,816,1428,2652,4896
3,204,19,204,204,408,816,1428,2652,4896
3,205,2,205,205,410,820,1435,2665,4920
3,205,3,205,205,410,820,1435,2665,4920
3,205,5,205,205,410,820,1435,2665,4920
3,205,7,205,205,410,820,1435,2665,4920
3,205,11,205,205,410,820,1435,2665,4920
3,205,13,205,205,410,820,1435,2665,4920
3,205,17,205,205,410,820,1435,2665,4920
3,205,19,205,205,410,820,1435,2665,4920
3,206,2,206,206,412,824,1442,2678,4944
3,206,3,206,206,412,824,1442,2678,4944
3,206,5,206,206,412,824,1442,2678,4944
3,206,7,206,206,412,824,1442,2678,4944
3,206,11,206,206,412,824,1442,2678,4944
3,206,13,206,206,412,824,1442,2678,4944
3,206,17,206,206,412,824,1442,2678,4944
3,206,19,206,206,412,824,1442,2678,4944
3,207,2,207,207,414,828,1449,2691,4968
3,207,3,207,207,414,828,1449,2691,4968
3,207,5,207,207,414,828,1449,2691,4968
3,207,7,207,207,414,828,1449,2691,4968
3,207,11,207,207,414,828,1449,2691,4968
3,207,13,207,207,414,828,1449,2691,4968
3,207,17,207,207,414,828,1449,2691,4968
3,207,19,207,207,414,828,1449,2691,4968
3,208,2,208,208,416,832,1456,2704,4992
3,208,3,208,208,416,832,1456,2704,4992
3,208,5,208,208,416,832,1456,2704,4992
3,208,7,208,208,416,832,1456,2704,4992
3,208,11,208,208,416,832,1456,2704,4992
3,208,13,208,208,416,832,1456,2704,4992
3,208,17,208,208,416,832,1456,2704,4992
3,208,19,208,208,416,832,1456,2704,4992
3,209,2,209,209,418,836,1463,2717,5016
3,209,3,209,209,418,836,1463,2717,5016
3,209,5,209,209,418,836,1463,2717,5016
3,209,7,209,209,418,836,1463,2717,5016
3,209,11,209,209,418,836,1463,2717,5016
3,209,13,209,209,418,836,1463,2717,5016
3,209,17,209,209,418,836,1463,2717,5016
3,209,19,209,209,418,836,1463,2717,5016
3,210,2,210,210,420,840,1470,2730,5040
3,210,3,210,210,420,840,1470,2730,5040
3,210,5,210,210,420,840,1470,2730,5040
3,210,7,210,210,420,840,1470,2730,5040
3,210,11,210,210,420,840,1470,2730,5040
3,210,13,210,210,420,840,1470,2730,5040
3,210,17,210,210,420,840,1470,2730,5040
3,210,19,210,210,420,840,1470,2730,5040
3,211,2,211,211,422,844,1477,2743,5064
3,211,3,211,211,422,844,1477,2743,5064
3,211,5,211,211,422,844,1477,2743,5064
3,211,7,211,211,422,844,1477,2743,5064
3,211,11,211,211,422,844,1477,2743,5064
3,211,13,211,211,422,844,1477,2743,5064
3,211,17,211,211,422,844,1477,2743,5064
3,211,19,211,211,422,844,1477,2743,5064
3,212,2,212,212,424,848,1484,2756,5088
3,212,3,212,212,424,848,1484,2756,5088
3,212,5,212,212,424,848,1484,2756,5088
3,212,7,212,212,424,848,1484,2756,5088
3,212,11,212,212,424,848,1484,2756,5088
3,212,13,212,212,424,848,1484,2756,5088
3,212,17,212,212,424,848,1484,2756,5088
3,212,19,212,212,424,848,1484,2756,5088
3,213,2,213,213,426,852,1491,2769,5112
3,213,3,213,213,426,852,1491,2769,5112
3,213,5,213,213,426,852,1491,2769,5112
3,213,7,213,213,426,852,1491,2769,5112
3,213,11,213,213,426,852,1491,2769,5112
3,213,13,213,213,426,852,1491,2769,5112
3,213,17,213,213,426,852,1491,2769,5112
3,213,19,213,213,426,852,1491,2769,5112
3,214,2,214,214,428,856,1498,2782,5136
3,214,3,214,214,428,856,1498,2782,5136
3,214,5,214,214,428,856,1498,2782,5136
3,214,7,214,214,428,856,1498,2782,5136
3,214,11,214,214,428,856,1498,2782,5136
3,214,13,214,214,428,856,1498,2782,5136
3,214,17,214,214,428,856,1498,2782,5136
3,214,19,214,214,428,856,1498,2782,5136
3,215,2,215,215,430,860,1505,2795,5160
3,215,3,215,215,430,860,1505,2795,5160
3,215,5,215,215,430,860,1505,2795,5160
3,215,7,215,215,430,860,1505,2795,5160
3,215,11,215,215,430,860,1505,2795,5160
3,215,13,215,215,430,860,1505,2795,5160
3,215,17,215,215,430,860,1505,2795,5160
3,215,19,215,215,430,860,1505,2795,5160
3,216,2,216,216,432,864,1512,2808,5184
3,216,3,216,216,432,864,1512,2808,5184
3,216,5,216,216,432,864,1512,2808,5184
3,216,7,216,216,432,864,1512,2808,5184
3,216,11,216,216,432,864,1512,2808,5184
3,216,13,216,216,432,864,1512,2808,5184
3,216,17,216,216,432,864,1512,2808,5184
3,216,19,216,216,432,864,1512,2808,5184
3,217,2,217,217,434,868,1519,2821,5208
3,217,3,217,217,434,868,1519,2821,5208
3,217,5,217,217,434,868,1519,2821,5208
3,217,7,217,217,434,868,1519,2821,5208
3,217,11,217,217,434,868,1519,2821,5208
3,217,13,217,217,434,868,1519,2821,5208
3,217,17,217,217,434,868,1519,2821,5208
3,217,19,217,217,434,868,1519,2821,5208
3,218,2,218,218,436,872,1526,2834,5232
3,218,3,218,218,436,872,1526,2834,5232
3,218,5,218,218,436,872,1526,2834,5232
3,218,7,218,218,436,872,1526,2834,5232
3,218,11,218,218,436,872,1526,2834,5232
3,218,13,218,218,436,872,1526,2834,5232
3,218,17,218,218,436,872,1526,2834,5232
3,218,19,218,218,436,872,1526,2834,5232
3,219,2,219,219,438,876,1533,2847,5256
3,219,3,219,219,438,876,1533,2847,5256
3,219,5,219,219,438,876,1533,2847,5256
3,219,7,219,219,438,876,1533,2847,5256
3,219,11,219,219,438,876,1533,2847,5256
3,219,13,219,219,438,876,1533,2847,5256
3,219,17,219,219,438,876,1533,2847,5256
3,219,19,219,219,438,876,1533,2847,5256
3,220,2,220,220,440,880,1540,2860,5280
3,220,3,220,220,440,880,1540,2860,5280
3,220,5,220,220,440,880,1540,2860,5280
3,220,7,220,220,440,880,1540,2860,5280
3,220,11,220,220,440,880,1540,2860,5280
3,220,13,220,220,440,880,1540,2860,5280
3,220,17,220,220,440,880,1540,2860,5280
3,220,19,220,220,440,880,1540,2860,5280
3,221,2,221,221,442,884,1547,2873,5304
3,221,3,221,221,442,884,1547,2873,5304
3,221,5,221,221,442,884,1547,2873,5304
3,221,7,221,221,442,884,1547,2873,5304
3,221,11,221,221,442,884,1547,2873,5304
3,221,13,221,221,442,884,1547,2873,5304
3,221,17,221,221,442,884,1547,2873,5304
3,221,19,221,221,442,884,1547,2873,5304
3,222,2,222,222,444,888,1554,2886,5328
3,222,3,222,222,444,888,1554,2886,5328
3,222,5,222,222,444,888,1554,2886,5328
3,222,7,222,222,444,888,1554,2886,5328
3,222,11,222,222,444,888,1554,2886,5328
3,222,13,222,222,444,888,1554,2886,5328
3,222,17,222,222,444,888,1554,2886,5328
3,222,19,222,222,444,888,1554,2886,5328
3,223,2,223,223,446,892,1561,2899,5352
3,223,3,223,223,446,892,1561,2899,5352
3,223,5,223,223,446,892,1561,2899,5352
3,223,7,223,223,446,892,1561,2899,5352
3,223,11,223,223,446,892,1561,2899,5352
3,223,13,223,223,446,892,1561,2899,5352
3,223,17,223,223,446,892,1561,2899,5352
3,223,19,223,223,446,892,1561,2899,5352
3,224,2,224,224,448,896,1568,2912,5376
3,224,3,224,224,448,896,1568,2912,5376
3,224,5,224,224,448,896,1568,2912,5376
3,224,7,224,224,448,896,1568,2912,5376
3,224,11,224,224,448,896,1568,2912,5376
3,224,13,224,224,448,896,1568,2912,5376
3,224,17,224,224,448,896,1568,2912,5376
3,224,19,224,224,448,896,1568,2912,5376
3,225,2,225,225,450,900,1575,2925,5400
3,225,3,225,225,450,900,1575,2925,5400
3,225,5,225,225,450,900,1575,2925,5400
3,225,7,225,225,450,900,1575,2925,5400
3,225,11,225,225,450,900,1575,2925,5400
3,225,13,225,225,450,900,1575,2925,5400
3,225,17,225,225,450,900,1575,2925,5400
3,225,19,225,225,450,900,1575,2925,5400
3,226,2,226,226,452,904,1582,2938,5424
3,226,3,226,226,452,904,1582,2938,5424
3,226,5,226,226,452,904,1582,2938,5424
3,226,7,226,226,452,904,1582,2938,5424
3,226,11,226,226,452,904,1582,2938,5424
3,226,13,226,226,452,904,1582,2938,5424
3,226,17,226,226,452,904,1582,2938,5424
3,226,19,226,226,452,904,1582,2938,5424
3,227,2,227,227,454,908,1589,2951,5448
3,227,3,227,227,454,908,1589,2951,5448
3,227,5,227,227,454,908,1589,2951,5448
3,227,7,227,227,454,908,1589,2951,5448
3,227,11,227,227,454,908,1589,2951,5448
3,227,13,227,227,454,908,1589,2951,5448
3,227,17,227,227,454,908,1589,2951,5448
3,227,19,227,227,454,908,1589,2951,5448
3,228,2,228,228,456,912,1596,2964,5472
3,228,3,228,228,456,912,1596,2964,5472
3,228,5,228,228,456,912,1596,2964,5472
3,228,7,228,228,456,912,1596,2964,5472
3,228,11,228,228,456,912,1596,2964,5472
3,228,13,228,228,456,912,1596,2964,5472
3,228,17,228,228,456,912,1596,2964,5472
3,228,19,228,228,456,912,1596,2964,5472
3,229,2,229,229,458,916,1603,2977,5496
3,229,3,229,229,458,916,1603,2977,5496
3,229,5,229,229,458,916,1603,2977,5496
3,229,7,229,229,458,916,1603,2977,5496
3,229,11,229,229,458,916,1603,2977,5496
3,229,13,229,229,458,916,1603,2977,5496
3,229,17,229,229,458,916,1603,2977,5496
3,229,19,229,229,458,916,1603,2977,5496
3,230,2,230,230,460,920,1610,2990,5520
3,230,3,230,230,460,920,1610,2990,5520
3,230,5,230,230,460,920,1610,2990,5520
3,230,7,230,230,460,920,1610,2990,5520
3,230,11,230,230,460,920,1610,2990,5520
3,230,13,230,230,460,920,1610,2990,5520
3,230,17,230,230,460,920,1610,2990,5520
3,230,19,230,230,460,920,1610,2990,5520
3,231,2,231,231,462,924,1617,3003,5544
3,231,3,231,231,462,924,1617,3003,5544
3,231,5,231,231,462,924,1617,3003,5544
3,231,7,231,231,462,924,1617,3003,5544
3,231,11,231,231,462,924,1617,3003,5544
3,231,13,231,231,462,924,1617,3003,5544
3,231,17,231,231,462,924,1617,3003,5544
3,231,19,231,231,462,924,1617,3003,5544
3,232,2,232,232,464,928,1624,3016,5568
3,232,3,232,232,464,928,1624,3016,5568
3,232,5,232,232,464,928,1624,3016,5568
3,232,7,232,232,464,928,1624,3016,5568
3,232,11,232,232,464,928,1624,3016,5568
3,232,13,232,232,464,928,1624,3016,5568
3,232,17,232,232,464,928,1624,3016,5568
3,232,19,232,232,464,928,1624,3016,5568
3,233,2,233,233,466,932,1631,3029,5592
3,233,3,233,233,466,932,1631,3029,5592
3,233,5,233,233,466,932,1631,3029,5592
3,233,7,233,233,466,932,1631,3029,5592
3,233,11,233,233,466,932,1631,3029,5592
3,233,13,233,233,466,932,1631,3029,5592
3,233,17,233,233,466,932,1631,3029,5592
3,233,19,233,233,466,932,1631,3029,5592
3,234,2,234,234,468,936,1638,3042,5616
3,234,3,234,234,468,936,1638,3042,5616
3,234,5,234,234,468,936,1638,3042,5616
3,234,7,234,234,468,936,1638,3042,5616
3,234,11,234,234,468,936,1638,3042,5616
3,234,13,234,234,468,936,1638,3042,5616
3,234,17,234,234,468,936,1638,3042,5616
3,234,19,234,234,468,936,1638,3042,5616
3,235,2,235,235,470,940,1645,3055,5640
3,235,3,235,235,470,940,1645,3055,5640
3,235,5,235,235,470,940,1645,3055,5640
3,235,7,235,235,470,940,1645,3055,5640
3,235,11,235,235,470,940,1645,3055,5640
3,235,13,235,235,470,940,1645,3055,5640
3,235,17,235,235,470,940,1645,3055,5640
3,235,19,235,235,470,940,1645,3055,5640
3,236,2,236,236,472,944,1652,3068,5664
3,236,3,236,236,472,944,1652,3068,5664
3,236,5,236,236,472,944,1652,3068,5664
3,236,7,236,236,472,944,1652,3068,5664
3,236,11,236,236,472,944,1652,3068,5664
3,236,13,236,236,472,944,1652,3068,5664
3,236,17,236,236,472,944,1652,3068,5664
3,236,19,236,236,472,944,1652,3068,5664
3,237,2,237,237,474,948,1659,3081,5688
3,237,3,237,237,474,948,1659,3081,5688
3,237,5,237,237,474,948,1659,3081,5688
3,237,7,237,237,474,948,1659,3081,5688
3,237,11,237,237,474,948,1659,3081,5688
3,237,13,237,237,474,948,1659,3081,5688
3,237,17,237,237,474,948,1659,3081,5688
3,237,19,237,237,474,948,1659,3081,5688
3,238,2,238,238,476,952,1666,3094,5712
3,238,3,238,238,476,952,1666,3094,5712
3,238,5,238,238,476,952,1666,3094,5712
3,238,7,238,238,476,952,1666,3094,5712
3,238,11,238,238,476,952,1666,3094,5712
3,238,13,238,238,476,952,1666,3094,5712
3,238,17,238,238,476,952,1666,3094,5712
3,238,19,238,238,476,952,1666,3094,5712
3,239,2,239,239,478,956,1673,3107,5736
3,239,3,239,239,478,956,1673,3107,5736
3,239,5,239,239,478,956,1673,3107,5736
3,239,7,239,239,478,956,1673,3107,5736
3,239,11,239,239,478,956,1673,3107,5736
3,239,13,239,239,478,956,1673,3107,5736
3,239,17,239,239,478,956,1673,3107,5736
3,239,19,239,239,478,956,1673,3107,5736
3,240,2,240,240,480,960,1680,3120,5760
3,240,3,240,240,480,960,1680,3120,5760
3,240,5,240,240,480,960,1680,3120,5760
3,240,7,240,240,480,960,1680,3120,5760
3,240,11,240,240,480,960,1680,3120,5760
3,240,13,240,240,480,960,1680,3120,5760
3,240,17,240,240,480,960,1680,3120,5760
3,240,19,240,240,480,960,1680,3120,5760
3,241,2,241,241,482,964,1687,3133,5784
3,241,3,241,241,482,964,1687,3133,5784
3,241,5,241,241,482,964,1687,3133,5784
3,241,7,241,241,482,964,1687,3133,5784
3,241,11,241,241,482,964,1687,3133,5784
3,241,13,241,241,482,964,1687,3133,5784
3,241,17,241,241,482,964,1687,3133,5784
3,241,19,241,241,482,964,1687,3133,5784
3,242,2,242,242,484,968,1694,3146,5808
3,242,3,242,242,484,968,1694,3146,5808
3,242,5,242,242,484,968,1694,3146,5808
3,242,7,242,242,484,968,1694,3146,5808
3,242,11,242,242,484,968,1694,3146,5808
3,242,13,242,242,484,968,1694,3146,5808
3,242,17,242,242,484,968,1694,3146,5808
3,242,19,242,242,484,968,1694,3146,5808
3,243,2,243,243,486,972,1701,3159,5832
3,243,3,243,243,486,972,1701,3159,5832
3,243,5,243,243,486,972,1701,3159,5832
3,243,7,243,243,486,972,1701,3159,5832
3,243,11,243,243,486,972,1701,3159,5832
3,243,13,243,243,486,972,1701,3159,5832
3,243,17,243,243,486,972,1701,3159,5832
3,243,19,243,243,486,972,1701,3159,5832
3,244,2,244,244,488,976,1708,3172,5856
3,244,3,244,244,488,976,1708,3172,5856
3,244,5,244,244,488,976,1708,3172,5856
3,244,7,244,244,488,976,1708,3172,5856
3,244,11,244,244,488,976,1708,3172,5856
3,244,13,244,244,488,976,1708,3172,5856
3,244,17,244,244,488,976,1708,3172,5856
3,244,19,244,244,488,976,1708,3172,5856
3,245,2,245,245,490,980,1715,3185,5880
3,245,3,245,245,490,980,1715,3185,5880
3,245,5,245,245,490,980,1715,3185,5880
3,245,7,245,245,490,980,1715,3185,5880
3,245,11,245,245,490,980,1715,3185,5880
3,245,13,245,245,490,980,1715,3185,5880
3,245,17,245,245,490,980,1715,3185,5880
3,245,19,245,245,490,980,1715,3185,5880
3,246,2,246,246,492,984,1722,3198,5904
3,246,3,246,246,492,984,1722,3198,5904
3,246,5,246,246,492,984,1722,3198,5904
3,246,7,246,246,492,984,1722,3198,5904
3,246,11,246,246,492,984,1722,3198,5904
3,246,13,246,246,492,984,1722,3198,5904
3,246,17,246,246,492,984,1722,3198,5904
3,246,19,246,246,492,984,1722,3198,5904
3,247,2,247,247,494,988,1729,3211,5928
3,247,3,247,247,494,988,1729,3211,5928
3,247,5,247,247,494,988,1729,3211,5928
3,247,7,247,247,494,988,1729,3211,5928
3,247,11,247,247,494,988,1729,3211,5928
3,247,13,247,247,494,988,1729,3211,5928
3,247,17,247,247,494,988,1729,3211,5928
3,247,19,247,247,494,988,1729,3211,5928
3,248,2,248,248,496,992,1736,3224,5952
3,248,3,248,248,496,992,1736,3224,5952
3,248,5,248,248,496,992,1736,3224,5952
3,248,7,248,248,496,992,1736,3224,5952
3,248,11,248,248,496,992,1736,3224,5952
3,248,13,248,248,496,992,1736,3224,5952
3,248,17,248,248,496,992,1736,3224,5952
3,248,19,248,248,496,992,1736,3224,5952
3,249,2,249,249,498,996,1743,3237,5976
3,249,3,249,249,498,996,1743,3237,5976
3,249,5,249,249,498,996,1743,3237,5976
3,249,7,249,249,498,996,1743,3237,5976
3,249,11,249,249,498,996,1743,3237,5976
3,249,13,249,249,498,996,1743,3237,5976
3,249,17,249,249,498,996,1743,3237,5976
3,249,19,249,249,498,996,1743,3237,5976
