1,3,2,3,3,5,5,7,7,9
1,3,3,3,3,6,6,9,9,12
1,3,5,3,3,8,8,13,13,18
1,3,7,3,3,10,10,17,17,24
1,3,11,3,3,14,14,25,25,36
1,3,13,3,3,16,16,29,29,42
1,3,17,3,3,20,20,37,37,54
1,3,19,3,3,22,22,41,41,60
1,4,2,4,4,6,6,8,8,10
1,4,3,4,4,7,7,10,10,13
1,4,5,4,4,9,9,14,14,19
1,4,7,4,4,11,11,18,18,25
1,4,11,4,4,15,15,26,26,37
1,4,13,4,4,17,17,30,30,43
1,4,17,4,4,21,21,38,38,55
1,4,19,4,4,23,23,42,42,61
1,5,2,5,5,7,7,9,9,11
1,5,3,5,5,8,8,11,11,14
1,5,5,5,5,10,10,15,15,20
1,5,7,5,5,12,12,19,19,26
1,5,11,5,5,16,16,27,27,38
1,5,13,5,5,18,18,31,31,44
1,5,17,5,5,22,22,39,39,56
1,5,19,5,5,24,24,43,43,62
1,6,2,6,6,8,8,10,10,12
1,6,3,6,6,9,9,12,12,15
1,6,5,6,6,11,11,16,16,21
1,6,7,6,6,13,13,20,20,27
1,6,11,6,6,17,17,28,28,39
1,6,13,6,6,19,19,32,32,45
1,6,17,6,6,23,23,40,40,57
1,6,19,6,6,25,25,44,44,63
1,7,2,7,7,9,9,11,11,13
1,7,3,7,7,10,10,13,13,16
1,7,5,7,7,12,12,17,17,22
1,7,7,7,7,14,14,21,21,28
1,7,11,7,7,18,18,29,29,40
1,7,13,7,7,20,20,33,33,46
1,7,17,7,7,24,24,41,41,58
1,7,19,7,7,26,26,45,45,64
1,8,2,8,8,10,10,12,12,14
1,8,3,8,8,11,11,14,14,17
1,8,5,8,8,13,13,18,18,23
1,8,7,8,8,15,15,22,22,29
1,8,11,8,8,19,19,30,30,41
1,8,13,8,8,21,21,34,34,47
1,8,17,8,8,25,25,42,42,59
1,8,19,8,8,27,27,46,46,65
1,9,2,9,9,11,11,13,13,15
1,9,3,9,9,12,12,15,15,18
1,9,5,9,9,14,14,19,19,24
1,9,7,9,9,16,16,23,23,30
1,9,11,9,9,20,20,31,31,42
1,9,13,9,9,22,22,35,35,48
1,9,17,9,9,26,26,43,43,60
1,9,19,9,9,28,28,47,47,66
1,10,2,10,10,12,12,14,14,16
1,10,3,10,10,13,13,16,16,19
1,10,5,10,10,15,15,20,20,25
1,10,7,10,10,17,17,24,24,31
1,10,11,10,10,21,21,32,32,43
1,10,13,10,10,23,23,36,36,49
1,10,17,10,10,27,27,44,44,61
1,10,19,10,10,29,29,48,48,67
1,11,2,11,11,13,13,15,15,17
1,11,3,11,11,14,14,17,17,20
1,11,5,11,11,16,16,21,21,26
1,11,7,11,11,18,18,25,25,32
1,11,11,11,11,22,22,33,33,44
1,11,13,11,11,24,24,37,37,50
1,11,17,11,11,28,28,45,45,62
1,11,19,11,11,30,30,49,49,68
1,12,2,12,12,14,14,16,16,18
1,12,3,12,12,15,15,18,18,21
1,12,5,12,12,17,17,22,22,27
1,12,7,12,12,19,19,26,26,33
1,12,11,12,12,23,23,34,34,45
1,12,13,12,12,25,25,38,38,51
1,12,17,12,12,29,29,46,46,63
1,12,19,12,12,31,31,50,50,69
1,13,2,13,13,15,15,17,17,19
1,13,3,13,13,16,16,19,19,22
1,13,5,13,13,18,18,23,23,28
1,13,7,13,13,20,20,27,27,34
1,13,11,13,13,24,24,35,35,46
1,13,13,13,13,26,26,39,39,52
1,13,17,13,13,30,30,47,47,64
1,13,19,13,13,32,32,51,51,70
1,14,2,14,14,16,16,18,18,20
1,14,3,14,14,17,17,20,20,23
1,14,5,14,14,19,19,24,24,29
1,14,7,14,14,21,21,28,28,35
1,14,11,14,14,25,25,36,36,47
1,14,13,14,14,27,27,40,40,53
1,14,17,14,14,31,31,48,48,65
1,14,19,14,14,33,33,52,52,71
1,15,2,15,15,17,17,19,19,21
1,15,3,15,15,18,18,21,21,24
1,15,5,15,15,20,20,25,25,30
1,15,7,15,15,22,22,29,29,36
1,15,11,15,15,26,26,37,37,48
1,15,13,15,15,28,28,41,41,54
1,15,17,15,15,32,32,49,49,66
1,15,19,15,15,34,34,53,53,72
1,16,2,16,16,18,18,20,20,22
1,16,3,16,16,19,19,22,22,25
1,16,5,16,16,21,21,26,26,31
1,16,7,16,16,23,23,30,30,37
1,16,11,16,16,27,27,38,38,49
1,16,13,16,16,29,29,42,42,55
1,16,17,16,16,33,33,50,50,67
1,16,19,16,16,35,35,54,54,73
1,17,2,17,17,19,19,21,21,23
1,17,3,17,17,20,20,23,23,26
1,17,5,17,17,22,22,27,27,32
1,17,7,17,17,24,24,31,31,38
1,17,11,17,17,28,28,39,39,50
1,17,13,17,17,30,30,43,43,56
1,17,17,17,17,34,34,51,51,68
1,17,19,17,17,36,36,55,55,74
1,18,2,18,18,20,20,22,22,24
1,18,3,18,18,21,21,24,24,27
1,18,5,18,18,23,23,28,28,33
1,18,7,18,18,25,25,32,32,39
1,18,11,18,18,29,29,40,40,51
1,18,13,18,18,31,31,44,44,57
1,18,17,18,18,35,35,52,52,69
1,18,19,18,18,37,37,56,56,75
1,19,2,19,19,21,21,23,23,25
1,19,3,19,19,22,22,25,25,28
1,19,5,19,19,24,24,29,29,34
1,19,7,19,19,26,26,33,33,40
1,19,11,19,19,30,30,41,41,52
1,19,13,19,19,32,32,45,45,58
1,19,17,19,19,36,36,53,53,70
1,19,19,19,19,38,38,57,57,76
1,20,2,20,20,22,22,24,24,26
1,20,3,20,20,23,23,26,26,29
1,20,5,20,20,25,25,30,30,35
1,20,7,20,20,27,27,34,34,41
1,20,11,20,20,31,31,42,42,53
1,20,13,20,20,33,33,46,46,59
1,20,17,20,20,37,37,54,54,71
1,20,19,20,20,39,39,58,58,77
1,21,2,21,21,23,23,25,25,27
1,21,3,21,21,24,24,27,27,30
1,21,5,21,21,26,26,31,31,36
1,21,7,21,21,28,28,35,35,42
1,21,11,21,21,32,32,43,43,54
1,21,13,21,21,34,34,47,47,60
1,21,17,21,21,38,38,55,55,72
1,21,19,21,21,40,40,59,59,78
1,22,2,22,22,24,24,26,26,28
1,22,3,22,22,25,25,28,28,31
1,22,5,22,22,27,27,32,32,37
1,22,7,22,22,29,29,36,36,43
1,22,11,22,22,33,33,44,44,55
1,22,13,22,22,35,35,48,48,61
1,22,17,22,22,39,39,56,56,73
1,22,19,22,22,41,41,60,60,79
1,23,2,23,23,25,25,27,27,29
1,23,3,23,23,26,26,29,29,32
1,23,5,23,23,28,28,33,33,38
1,23,7,23,23,30,30,37,37,44
1,23,11,23,23,34,34,45,45,56
1,23,13,23,23,36,36,49,49,62
1,23,17,23,23,40,40,57,57,74
1,23,19,23,23,42,42,61,61,80
1,24,2,24,24,26,26,28,28,30
1,24,3,24,24,27,27,30,30,33
1,24,5,24,24,29,29,34,34,39
1,24,7,24,24,31,31,38,38,45
1,24,11,24,24,35,35,46,46,57
1,24,13,24,24,37,37,50,50,63
1,24,17,24,24,41,41,58,58,75
1,24,19,24,24,43,43,62,62,81
1,25,2,25,25,27,27,29,29,31
1,25,3,25,25,28,28,31,31,34
1,25,5,25,25,30,30,35,35,40
1,25,7,25,25,32,32,39,39,46
1,25,11,25,25,36,36,47,47,58
1,25,13,25,25,38,38,51,51,64
1,25,17,25,25,42,42,59,59,76
1,25,19,25,25,44,44,63,63,82
1,26,2,26,26,28,28,30,30,32
1,26,3,26,26,29,29,32,32,35
1,26,5,26,26,31,31,36,36,41
1,26,7,26,26,33,33,40,40,47
1,26,11,26,26,37,37,48,48,59
1,26,13,26,26,39,39,52,52,65
1,26,17,26,26,43,43,60,60,77
1,26,19,26,26,45,45,64,64,83
1,27,2,27,27,29,29,31,31,33
1,27,3,27,27,30,30,33,33,36
1,27,5,27,27,32,32,37,37,42
1,27,7,27,27,34,34,41,41,48
1,27,11,27,27,38,38,49,49,60
1,27,13,27,27,40,40,53,53,66
1,27,17,27,27,44,44,61,61,78
1,27,19,27,27,46,46,65,65,84
1,28,2,28,28,30,30,32,32,34
1,28,3,28,28,31,31,34,34,37
1,28,5,28,28,33,33,38,38,43
1,28,7,28,28,35,35,42,42,49
1,28,11,28,28,39,39,50,50,61
1,28,13,28,28,41,41,54,54,67
1,28,17,28,28,45,45,62,62,79
1,28,19,28,28,47,47,66,66,85
1,29,2,29,29,31,31,33,33,35
1,29,3,29,29,32,32,35,35,38
1,29,5,29,29,34,34,39,39,44
1,29,7,29,29,36,36,43,43,50
1,29,11,29,29,40,40,51,51,62
1,29,13,29,29,42,42,55,55,68
1,29,17,29,29,46,46,63,63,80
1,29,19,29,29,48,48,67,67,86
1,30,2,30,30,32,32,34,34,36
1,30,3,30,30,33,33,36,36,39
1,30,5,30,30,35,35,40,40,45
1,30,7,30,30,37,37,44,44,51
1,30,11,30,30,41,41,52,52,63
1,30,13,30,30,43,43,56,56,69
1,30,17,30,30,47,47,64,64,81
1,30,19,30,30,49,49,68,68,87
1,31,2,31,31,33,33,35,35,37
1,31,3,31,31,34,34,37,37,40
1,31,5,31,31,36,36,41,41,46
1,31,7,31,31,38,38,45,45,52
1,31,11,31,31,42,42,53,53,64
1,31,13,31,31,44,44,57,57,70
1,31,17,31,31,48,48,65,65,82
1,31,19,31,31,50,50,69,69,88
1,32,2,32,32,34,34,36,36,38
1,32,3,32,32,35,35,38,38,41
1,32,5,32,32,37,37,42,42,47
1,32,7,32,32,39,39,46,46,53
1,32,11,32,32,43,43,54,54,65
1,32,13,32,32,45,45,58,58,71
1,32,17,32,32,49,49,66,66,83
1,32,19,32,32,51,51,70,70,89
1,33,2,33,33,35,35,37,37,39
1,33,3,33,33,36,36,39,39,42
1,33,5,33,33,38,38,43,43,48
1,33,7,33,33,40,40,47,47,54
1,33,11,33,33,44,44,55,55,66
1,33,13,33,33,46,46,59,59,72
1,33,17,33,33,50,50,67,67,84
1,33,19,33,33,52,52,71,71,90
1,34,2,34,34,36,36,38,38,40
1,34,3,34,34,37,37,40,40,43
1,34,5,34,34,39,39,44,44,49
1,34,7,34,34,41,41,48,48,55
1,34,11,34,34,45,45,56,56,67
1,34,13,34,34,47,47,60,60,73
1,34,17,34,34,51,51,68,68,85
1,34,19,34,34,53,53,72,72,91
1,35,2,35,35,37,37,39,39,41
1,35,3,35,35,38,38,41,41,44
1,35,5,35,35,40,40,45,45,50
1,35,7,35,35,42,42,49,49,56
1,35,11,35,35,46,46,57,57,68
1,35,13,35,35,48,48,61,61,74
1,35,17,35,35,52,52,69,69,86
1,35,19,35,35,54,54,73,73,92
1,36,2,36,36,38,38,40,40,42
1,36,3,36,36,39,39,42,42,45
1,36,5,36,36,41,41,46,46,51
1,36,7,36,36,43,43,50,50,57
1,36,11,36,36,47,47,58,58,69
1,36,13,36,36,49,49,62,62,75
1,36,17,36,36,53,53,70,70,87
1,36,19,36,36,55,55,74,74,93
1,37,2,37,37,39,39,41,41,43
1,37,3,37,37,40,40,43,43,46
1,37,5,37,37,42,42,47,47,52
1,37,7,37,37,44,44,51,51,58
1,37,11,37,37,48,48,59,59,70
1,37,13,37,37,50,50,63,63,76
1,37,17,37,37,54,54,71,71,88
1,37,19,37,37,56,56,75,75,94
1,38,2,38,38,40,40,42,42,44
1,38,3,38,38,41,41,44,44,47
1,38,5,38,38,43,43,48,48,53
1,38,7,38,38,45,45,52,52,59
1,38,11,38,38,49,49,60,60,71
1,38,13,38,38,51,51,64,64,77
1,38,17,38,38,55,55,72,72,89
1,38,19,38,38,57,57,76,76,95
1,39,2,39,39,41,41,43,43,45
1,39,3,39,39,42,42,45,45,48
1,39,5,39,39,44,44,49,49,54
1,39,7,39,39,46,46,53,53,60
1,39,11,39,39,50,50,61,61,72
1,39,13,39,39,52,52,65,65,78
1,39,17,39,39,56,56,73,73,90
1,39,19,39,39,58,58,77,77,96
1,40,2,40,40,42,42,44,44,46
1,40,3,40,40,43,43,46,46,49
1,40,5,40,40,45,45,50,50,55
1,40,7,40,40,47,47,54,54,61
1,40,11,40,40,51,51,62,62,73
1,40,13,40,40,53,53,66,66,79
1,40,17,40,40,57,57,74,74,91
1,40,19,40,40,59,59,78,78,97
1,41,2,41,41,43,43,45,45,47
1,41,3,41,41,44,44,47,47,50
1,41,5,41,41,46,46,51,51,56
1,41,7,41,41,48,48,55,55,62
1,41,11,41,41,52,52,63,63,74
1,41,13,41,41,54,54,67,67,80
1,41,17,41,41,58,58,75,75,92
1,41,19,41,41,60,60,79,79,98
1,42,2,42,42,44,44,46,46,48
1,42,3,42,42,45,45,48,48,51
1,42,5,42,42,47,47,52,52,57
1,42,7,42,42,49,49,56,56,63
1,42,11,42,42,53,53,64,64,75
1,42,13,42,42,55,55,68,68,81
1,42,17,42,42,59,59,76,76,93
1,42,19,42,42,61,61,80,80,99
1,43,2,43,43,45,45,47,47,49
1,43,3,43,43,46,46,49,49,52
1,43,5,43,43,48,48,53,53,58
1,43,7,43,43,50,50,57,57,64
1,43,11,43,43,54,54,65,65,76
1,43,13,43,43,56,56,69,69,82
1,43,17,43,43,60,60,77,77,94
1,43,19,43,43,62,62,81,81,100
1,44,2,44,44,46,46,48,48,50
1,44,3,44,44,47,47,50,50,53
1,44,5,44,44,49,49,54,54,59
1,44,7,44,44,51,51,58,58,65
1,44,11,44,44,55,55,66,66,77
1,44,13,44,44,57,57,70,70,83
1,44,17,44,44,61,61,78,78,95
1,44,19,44,44,63,63,82,82,101
1,45,2,45,45,47,47,49,49,51
1,45,3,45,45,48,48,51,51,54
1,45,5,45,45,50,50,55,55,60
1,45,7,45,45,52,52,59,59,66
1,45,11,45,45,56,56,67,67,78
1,45,13,45,45,58,58,71,71,84
1,45,17,45,45,62,62,79,79,96
1,45,19,45,45,64,64,83,83,102
1,46,2,46,46,48,48,50,50,52
1,46,3,46,46,49,49,52,52,55
1,46,5,46,46,51,51,56,56,61
1,46,7,46,46,53,53,60,60,67
1,46,11,46,46,57,57,68,68,79
1,46,13,46,46,59,59,72,72,85
1,46,17,46,46,63,63,80,80,97
1,46,19,46,46,65,65,84,84,103
1,47,2,47,47,49,49,51,51,53
1,47,3,47,47,50,50,53,53,56
1,47,5,47,47,52,52,57,57,62
1,47,7,47,47,54,54,61,61,68
1,47,11,47,47,58,58,69,69,80
1,47,13,47,47,60,60,73,73,86
1,47,17,47,47,64,64,81,81,98
1,47,19,47,47,66,66,85,85,104
1,48,2,48,48,50,50,52,52,54
1,48,3,48,48,51,51,54,54,57
1,48,5,48,48,53,53,58,58,63
1,48,7,48,48,55,55,62,62,69
1,48,11,48,48,59,59,70,70,81
1,48,13,48,48,61,61,74,74,87
1,48,17,48,48,65,65,82,82,99
1,48,19,48,48,67,67,86,86,105
1,49,2,49,49,51,51,53,53,55
1,49,3,49,49,52,52,55,55,58
1,49,5,49,49,54,54,59,59,64
1,49,7,49,49,56,56,63,63,70
1,49,11,49,49,60,60,71,71,82
1,49,13,49,49,62,62,75,75,88
1,49,17,49,49,66,66,83,83,100
1,49,19,49,49,68,68,87,87,106
1,50,2,50,50,52,52,54,54,56
1,50,3,50,50,53,53,56,56,59
1,50,5,50,50,55,55,60,60,65
1,50,7,50,50,57,57,64,64,71
1,50,11,50,50,61,61,72,72,83
1,50,13,50,50,63,63,76,76,89
1,50,17,50,50,67,67,84,84,101
1,50,19,50,50,69,69,88,88,107
1,51,2,51,51,53,53,55,55,57
1,51,3,51,51,54,54,57,57,60
1,51,5,51,51,56,56,61,61,66
1,51,7,51,51,58,58,65,65,72
1,51,11,51,51,62,62,73,73,84
1,51,13,51,51,64,64,77,77,90
1,51,17,51,51,68,68,85,85,102
1,51,19,51,51,70,70,89,89,108
1,52,2,52,52,54,54,56,56,58
1,52,3,52,52,55,55,58,58,61
1,52,5,52,52,57,57,62,62,67
1,52,7,52,52,59,59,66,66,73
1,52,11,52,52,63,63,74,74,85
1,52,13,52,52,65,65,78,78,91
1,52,17,52,52,69,69,86,86,103
1,52,19,52,52,71,71,90,90,109
1,53,2,53,53,55,55,57,57,59
1,53,3,53,53,56,56,59,59,62
1,53,5,53,53,58,58,63,63,68
1,53,7,53,53,60,60,67,67,74
1,53,11,53,53,64,64,75,75,86
1,53,13,53,53,66,66,79,79,92
1,53,17,53,53,70,70,87,87,104
1,53,19,53,53,72,72,91,91,110
1,54,2,54,54,56,56,58,58,60
1,54,3,54,54,57,57,60,60,63
1,54,5,54,54,59,59,64,64,69
1,54,7,54,54,61,61,68,68,75
1,54,11,54,54,65,65,76,76,87
1,54,13,54,54,67,67,80,80,93
1,54,17,54,54,71,71,88,88,105
1,54,19,54,54,73,73,92,92,111
1,55,2,55,55,57,57,59,59,61
1,55,3,55,55,58,58,61,61,64
1,55,5,55,55,60,60,65,65,70
1,55,7,55,55,62,62,69,69,76
1,55,11,55,55,66,66,77,77,88
1,55,13,55,55,68,68,81,81,94
1,55,17,55,55,72,72,89,89,106
1,55,19,55,55,74,74,93,93,112
1,56,2,56,56,58,58,60,60,62
1,56,3,56,56,59,59,62,62,65
1,56,5,56,56,61,61,66,66,71
1,56,7,56,56,63,63,70,70,77
1,56,11,56,56,67,67,78,78,89
1,56,13,56,56,69,69,82,82,95
1,56,17,56,56,73,73,90,90,107
1,56,19,56,56,75,75,94,94,113
1,57,2,57,57,59,59,61,61,63
1,57,3,57,57,60,60,63,63,66
1,57,5,57,57,62,62,67,67,72
1,57,7,57,57,64,64,71,71,78
1,57,11,57,57,68,68,79,79,90
1,57,13,57,57,70,70,83,83,96
1,57,17,57,57,74,74,91,91,108
1,57,19,57,57,76,76,95,95,114
1,58,2,58,58,60,60,62,62,64
1,58,3,58,58,61,61,64,64,67
1,58,5,58,58,63,63,68,68,73
1,58,7,58,58,65,65,72,72,79
1,58,11,58,58,69,69,80,80,91
1,58,13,58,58,71,71,84,84,97
1,58,17,58,58,75,75,92,92,109
1,58,19,58,58,77,77,96,96,115
1,59,2,59,59,61,61,63,63,65
1,59,3,59,59,62,62,65,65,68
1,59,5,59,59,64,64,69,69,74
1,59,7,59,59,66,66,73,73,80
1,59,11,59,59,70,70,81,81,92
1,59,13,59,59,72,72,85,85,98
1,59,17,59,59,76,76,93,93,110
1,59,19,59,59,78,78,97,97,116
1,60,2,60,60,62,62,64,64,66
1,60,3,60,60,63,63,66,66,69
1,60,5,60,60,65,65,70,70,75
1,60,7,60,60,67,67,74,74,81
1,60,11,60,60,71,71,82,82,93
1,60,13,60,60,73,73,86,86,99
1,60,17,60,60,77,77,94,94,111
1,60,19,60,60,79,79,98,98,117
1,61,2,61,61,63,63,65,65,67
1,61,3,61,61,64,64,67,67,70
1,61,5,61,61,66,66,71,71,76
1,61,7,61,61,68,68,75,75,82
1,61,11,61,61,72,72,83,83,94
1,61,13,61,61,74,74,87,87,100
1,61,17,61,61,78,78,95,95,112
1,61,19,61,61,80,80,99,99,118
1,62,2,62,62,64,64,66,66,68
1,62,3,62,62,65,65,68,68,71
1,62,5,62,62,67,67,72,72,77
1,62,7,62,62,69,69,76,76,83
1,62,11,62,62,73,73,84,84,95
1,62,13,62,62,75,75,88,88,101
1,62,17,62,62,79,79,96,96,113
1,62,19,62,62,81,81,100,100,119
1,63,2,63,63,65,65,67,67,69
1,63,3,63,63,66,66,69,69,72
1,63,5,63,63,68,68,73,73,78
1,63,7,63,63,70,70,77,77,84
1,63,11,63,63,74,74,85,85,96
1,63,13,63,63,76,76,89,89,102
1,63,17,63,63,80,80,97,97,114
1,63,19,63,63,82,82,101,101,120
1,64,2,64,64,66,66,68,68,70
1,64,3,64,64,67,67,70,70,73
1,64,5,64,64,69,69,74,74,79
1,64,7,64,64,71,71,78,78,85
1,64,11,64,64,75,75,86,86,97
1,64,13,64,64,77,77,90,90,103
1,64,17,64,64,81,81,98,98,115
1,64,19,64,64,83,83,102,102,121
1,65,2,65,65,67,67,69,69,71
1,65,3,65,65,68,68,71,71,74
1,65,5,65,65,70,70,75,75,80
1,65,7,65,65,72,72,79,79,86
1,65,11,65,65,76,76,87,87,98
1,65,13,65,65,78,78,91,91,104
1,65,17,65,65,82,82,99,99,116
1,65,19,65,65,84,84,103,103,122
1,66,2,66,66,68,68,70,70,72
1,66,3,66,66,69,69,72,72,75
1,66,5,66,66,71,71,76,76,81
1,66,7,66,66,73,73,80,80,87
1,66,11,66,66,77,77,88,88,99
1,66,13,66,66,79,79,92,92,105
1,66,17,66,66,83,83,100,100,117
1,66,19,66,66,85,85,104,104,123
1,67,2,67,67,69,69,71,71,73
1,67,3,67,67,70,70,73,73,76
1,67,5,67,67,72,72,77,77,82
1,67,7,67,67,74,74,81,81,88
1,67,11,67,67,78,78,89,89,100
1,67,13,67,67,80,80,93,93,106
1,67,17,67,67,84,84,101,101,118
1,67,19,67,67,86,86,105,105,124
1,68,2,68,68,70,70,72,72,74
1,68,3,68,68,71,71,74,74,77
1,68,5,68,68,73,73,78,78,83
1,68,7,68,68,75,75,82,82,89
1,68,11,68,68,79,79,90,90,101
1,68,13,68,68,81,81,94,94,107
1,68,17,68,68,85,85,102,102,119
1,68,19,68,68,87,87,106,106,125
1,69,2,69,69,71,71,73,73,75
1,69,3,69,69,72,72,75,75,78
1,69,5,69,69,74,74,79,79,84
1,69,7,69,69,76,76,83,83,90
1,69,11,69,69,80,80,91,91,102
1,69,13,69,69,82,82,95,95,108
1,69,17,69,69,86,86,103,103,120
1,69,19,69,69,88,88,107,107,126
1,70,2,70,70,72,72,74,74,76
1,70,3,70,70,73,73,76,76,79
1,70,5,70,70,75,75,80,80,85
1,70,7,70,70,77,77,84,84,91
1,70,11,70,70,81,81,92,92,103
1,70,13,70,70,83,83,96,96,109
1,70,17,70,70,87,87,104,104,121
1,70,19,70,70,89,89,108,108,127
1,71,2,71,71,73,73,75,75,77
1,71,3,71,71,74,74,77,77,80
1,71,5,71,71,76,76,81,81,86
1,71,7,71,71,78,78,85,85,92
1,71,11,71,71,82,82,93,93,104
1,71,13,71,71,84,84,97,97,110
1,71,17,71,71,88,88,105,105,122
1,71,19,71,71,90,90,109,109,128
1,72,2,72,72,74,74,76,76,78
1,72,3,72,72,75,75,78,78,81
1,72,5,72,72,77,77,82,82,87
1,72,7,72,72,79,79,86,86,93
1,72,11,72,72,83,83,94,94,105
1,72,13,72,72,85,85,98,98,111
1,72,17,72,72,89,89,106,106,123
1,72,19,72,72,91,91,110,110,129
1,73,2,73,73,75,75,77,77,79
1,73,3,73,73,76,76,79,79,82
1,73,5,73,73,78,78,83,83,88
1,73,7,73,73,80,80,87,87,94
1,73,11,73,73,84,84,95,95,106
1,73,13,73,73,86,86,99,99,112
1,73,17,73,73,90,90,107,107,124
1,73,19,73,73,92,92,111,111,130
1,74,2,74,74,76,76,78,78,80
1,74,3,74,74,77,77,80,80,83
1,74,5,74,74,79,79,84,84,89
1,74,7,74,74,81,81,88,88,95
1,74,11,74,74,85,85,96,96,107
1,74,13,74,74,87,87,100,100,113
1,74,17,74,74,91,91,108,108,125
1,74,19,74,74,93,93,112,112,131
1,75,2,75,75,77,77,79,79,81
1,75,3,75,75,78,78,81,81,84
1,75,5,75,75,80,80,85,85,90
1,75,7,75,75,82,82,89,89,96
1,75,11,75,75,86,86,97,97,108
1,75,13,75,75,88,88,101,101,114
1,75,17,75,75,92,92,109,109,126
1,75,19,75,75,94,94,113,113,132
1,76,2,76,76,78,78,80,80,82
1,76,3,76,76,79,79,82,82,85
1,76,5,76,76,81,81,86,86,91
1,76,7,76,76,83,83,90,90,97
1,76,11,76,76,87,87,98,98,109
1,76,13,76,76,89,89,102,102,115
1,76,17,76,76,93,93,110,110,127
1,76,19,76,76,95,95,114,114,133
1,77,2,77,77,79,79,81,81,83
1,77,3,77,77,80,80,83,83,86
1,77,5,77,77,82,82,87,87,92
1,77,7,77,77,84,84,91,91,98
1,77,11,77,77,88,88,99,99,110
1,77,13,77,77,90,90,103,103,116
1,77,17,77,77,94,94,111,111,128
1,77,19,77,77,96,96,115,115,134
1,78,2,78,78,80,80,82,82,84
1,78,3,78,78,81,81,84,84,87
1,78,5,78,78,83,83,88,88,93
1,78,7,78,78,85,85,92,92,99
1,78,11,78,78,89,89,100,100,111
1,78,13,78,78,91,91,104,104,117
1,78,17,78,78,95,95,112,112,129
1,78,19,78,78,97,97,116,116,135
1,79,2,79,79,81,81,83,83,85
1,79,3,79,79,82,82,85,85,88
1,79,5,79,79,84,84,89,89,94
1,79,7,79,79,86,86,93,93,100
1,79,11,79,79,90,90,101,101,112
1,79,13,79,79,92,92,105,105,118
1,79,17,79,79,96,96,113,113,130
1,79,19,79,79,98,98,117,117,136
1,80,2,80,80,82,82,84,84,86
1,80,3,80,80,83,83,86,86,89
1,80,5,80,80,85,85,90,90,95
1,80,7,80,80,87,87,94,94,101
1,80,11,80,80,91,91,102,102,113
1,80,13,80,80,93,93,106,106,119
1,80,17,80,80,97,97,114,114,131
1,80,19,80,80,99,99,118,118,137
1,81,2,81,81,83,83,85,85,87
1,81,3,81,81,84,84,87,87,90
1,81,5,81,81,86,86,91,91,96
1,81,7,81,81,88,88,95,95,102
1,81,11,81,81,92,92,103,103,114
1,81,13,81,81,94,94,107,107,120
1,81,17,81,81,98,98,115,115,132
1,81,19,81,81,100,100,119,119,138
1,82,2,82,82,84,84,86,86,88
1,82,3,82,82,85,85,88,88,91
1,82,5,82,82,87,87,92,92,97
1,82,7,82,82,89,89,96,96,103
1,82,11,82,82,93,93,104,104,115
1,82,13,82,82,95,95,108,108,121
1,82,17,82,82,99,99,116,116,133
1,82,19,82,82,101,101,120,120,139
1,83,2,83,83,85,85,87,87,89
1,83,3,83,83,86,86,89,89,92
1,83,5,83,83,88,88,93,93,98
1,83,7,83,83,90,90,97,97,104
1,83,11,83,83,94,94,105,105,116
1,83,13,83,83,96,96,109,109,122
1,83,17,83,83,100,100,117,117,134
1,83,19,83,83,102,102,121,121,140
1,84,2,84,84,86,86,88,88,90
1,84,3,84,84,87,87,90,90,93
1,84,5,84,84,89,89,94,94,99
1,84,7,84,84,91,91,98,98,105
1,84,11,84,84,95,95,106,106,117
1,84,13,84,84,97,97,110,110,123
1,84,17,84,84,101,101,118,118,135
1,84,19,84,84,103,103,122,122,141
1,85,2,85,85,87,87,89,89,91
1,85,3,85,85,88,88,91,91,94
1,85,5,85,85,90,90,95,95,100
1,85,7,85,85,92,92,99,99,106
1,85,11,85,85,96,96,107,107,118
1,85,13,85,85,98,98,111,111,124
1,85,17,85,85,102,102,119,119,136
1,85,19,85,85,104,104,123,123,142
1,86,2,86,86,88,88,90,90,92
1,86,3,86,86,89,89,92,92,95
1,86,5,86,86,91,91,96,96,101
1,86,7,86,86,93,93,100,100,107
1,86,11,86,86,97,97,108,108,119
1,86,13,86,86,99,99,112,112,125
1,86,17,86,86,103,103,120,120,137
1,86,19,86,86,105,105,124,124,143
1,87,2,87,87,89,89,91,91,93
1,87,3,87,87,90,90,93,93,96
1,87,5,87,87,92,92,97,97,102
1,87,7,87,87,94,94,101,101,108
1,87,11,87,87,98,98,109,109,120
1,87,13,87,87,100,100,113,113,126
1,87,17,87,87,104,104,121,121,138
1,87,19,87,87,106,106,125,125,144
1,88,2,88,88,90,90,92,92,94
1,88,3,88,88,91,91,94,94,97
1,88,5,88,88,93,93,98,98,103
1,88,7,88,88,95,95,102,102,109
1,88,11,88,88,99,99,110,110,121
1,88,13,88,88,101,101,114,114,127
1,88,17,88,88,105,105,122,122,139
1,88,19,88,88,107,107,126,126,145
1,89,2,89,89,91,91,93,93,95
1,89,3,89,89,92,92,95,95,98
1,89,5,89,89,94,94,99,99,104
1,89,7,89,89,96,96,103,103,110
1,89,11,89,89,100,100,111,111,122
1,89,13,89,89,102,102,115,115,128
1,89,17,89,89,106,106,123,123,140
1,89,19,89,89,108,108,127,127,146
1,90,2,90,90,92,92,94,94,96
1,90,3,90,90,93,93,96,96,99
1,90,5,90,90,95,95,100,100,105
1,90,7,90,90,97,97,104,104,111
1,90,11,90,90,101,101,112,112,123
1,90,13,90,90,103,103,116,116,129
1,90,17,90,90,107,107,124,124,141
1,90,19,90,90,109,109,128,128,147
1,91,2,91,91,93,93,95,95,97
1,91,3,91,91,94,94,97,97,100
1,91,5,91,91,96,96,101,101,106
1,91,7,91,91,98,98,105,105,112
1,91,11,91,91,102,102,113,113,124
1,91,13,91,91,104,104,117,117,130
1,91,17,91,91,108,108,125,125,142
1,91,19,91,91,110,110,129,129,148
1,92,2,92,92,94,94,96,96,98
1,92,3,92,92,95,95,98,98,101
1,92,5,92,92,97,97,102,102,107
1,92,7,92,92,99,99,106,106,113
1,92,11,92,92,103,103,114,114,125
1,92,13,92,92,105,105,118,118,131
1,92,17,92,92,109,109,126,126,143
1,92,19,92,92,111,111,130,130,149
1,93,2,93,93,95,95,97,97,99
1,93,3,93,93,96,96,99,99,102
1,93,5,93,93,98,98,103,103,108
1,93,7,93,93,100,100,107,107,114
1,93,11,93,93,104,104,115,115,126
1,93,13,93,93,106,106,119,119,132
1,93,17,93,93,110,110,127,127,144
1,93,19,93,93,112,112,131,131,150
1,94,2,94,94,96,96,98,98,100
1,94,3,94,94,97,97,100,100,103
1,94,5,94,94,99,99,104,104,109
1,94,7,94,94,101,101,108,108,115
1,94,11,94,94,105,105,116,116,127
1,94,13,94,94,107,107,120,120,133
1,94,17,94,94,111,111,128,128,145
1,94,19,94,94,113,113,132,132,151
1,95,2,95,95,97,97,99,99,101
1,95,3,95,95,98,98,101,101,104
1,95,5,95,95,100,100,105,105,110
1,95,7,95,95,102,102,109,109,116
1,95,11,95,95,106,106,117,117,128
1,95,13,95,95,108,108,121,121,134
1,95,17,95,95,112,112,129,129,146
1,95,19,95,95,114,114,133,133,152
1,96,2,96,96,98,98,100,100,102
1,96,3,96,96,99,99,102,102,105
1,96,5,96,96,101,101,106,106,111
1,96,7,96,96,103,103,110,110,117
1,96,11,96,96,107,107,118,118,129
1,96,13,96,96,109,109,122,122,135
1,96,17,96,96,113,113,130,130,147
1,96,19,96,96,115,115,134,134,153
1,97,2,97,97,99,99,101,101,103
1,97,3,97,97,100,100,103,103,106
1,97,5,97,97,102,102,107,107,112
1,97,7,97,97,104,104,111,111,118
1,97,11,97,97,108,108,119,119,130
1,97,13,97,97,110,110,123,123,136
1,97,17,97,97,114,114,131,131,148
1,97,19,97,97,116,116,135,135,154
1,98,2,98,98,100,100,102,102,104
1,98,3,98,98,101,101,104,104,107
1,98,5,98,98,103,103,108,108,113
1,98,7,98,98,105,105,112,112,119
1,98,11,98,98,109,109,120,120,131
1,98,13,98,98,111,111,124,124,137
1,98,17,98,98,115,115,132,132,149
1,98,19,98,98,117,117,136,136,155
1,99,2,99,99,101,101,103,103,105
1,99,3,99,99,102,102,105,105,108
1,99,5,99,99,104,104,109,109,114
1,99,7,99,99,106,106,113,113,120
1,99,11,99,99,110,110,121,121,132
1,99,13,99,99,112,112,125,125,138
1,99,17,99,99,116,116,133,133,150
1,99,19,99,99,118,118,137,137,156
1,100,2,100,100,102,102,104,104,106
1,100,3,100,100,103,103,106,106,109
1,100,5,100,100,105,105,110,110,115
1,100,7,100,100,107,107,114,114,121
1,100,11,100,100,111,111,122,122,133
1,100,13,100,100,113,113,126,126,139
1,100,17,100,100,117,117,134,134,151
1,100,19,100,100,119,119,138,138,157
1,101,2,101,101,103,103,105,105,107
1,101,3,101,101,104,104,107,107,110
1,101,5,101,101,106,106,111,111,116
1,101,7,101,101,108,108,115,115,122
1,101,11,101,101,112,112,123,123,134
1,101,13,101,101,114,114,127,127,140
1,101,17,101,101,118,118,135,135,152
1,101,19,101,101,120,120,139,139,158
1,102,2,102,102,104,104,106,106,108
1,102,3,102,102,105,105,108,108,111
1,102,5,102,102,107,107,112,112,117
1,102,7,102,102,109,109,116,116,123
1,102,11,102,102,113,113,124,124,135
1,102,13,102,102,115,115,128,128,141
1,102,17,102,102,119,119,136,136,153
1,102,19,102,102,121,121,140,140,159
1,103,2,103,103,105,105,107,107,109
1,103,3,103,103,106,106,109,109,112
1,103,5,103,103,108,108,113,113,118
1,103,7,103,103,110,110,117,117,124
1,103,11,103,103,114,114,125,125,136
1,103,13,103,103,116,116,129,129,142
1,103,17,103,103,120,120,137,137,154
1,103,19,103,103,122,122,141,141,160
1,104,2,104,104,106,106,108,108,110
1,104,3,104,104,107,107,110,110,113
1,104,5,104,104,109,109,114,114,119
1,104,7,104,104,111,111,118,118,125
1,104,11,104,104,115,115,126,126,137
1,104,13,104,104,117,117,130,130,143
1,104,17,104,104,121,121,138,138,155
1,104,19,104,104,123,123,142,142,161
1,105,2,105,105,107,107,109,109,111
1,105,3,105,105,108,108,111,111,114
1,105,5,105,105,110,110,115,115,120
1,105,7,105,105,112,112,119,119,126
1,105,11,105,105,116,116,127,127,138
1,105,13,105,105,118,118,131,131,144
1,105,17,105,105,122,122,139,139,156
1,105,19,105,105,124,124,143,143,162
1,106,2,106,106,108,108,110,110,112
1,106,3,106,106,109,109,112,112,115
1,106,5,106,106,111,111,116,116,121
1,106,7,106,106,113,113,120,120,127
1,106,11,106,106,117,117,128,128,139
1,106,13,106,106,119,119,132,132,145
1,106,17,106,106,123,123,140,140,157
1,106,19,106,106,125,125,144,144,163
1,107,2,107,107,109,109,111,111,113
1,107,3,107,107,110,110,113,113,116
1,107,5,107,107,112,112,117,117,122
1,107,7,107,107,114,114,121,121,128
1,107,11,107,107,118,118,129,129,140
1,107,13,107,107,120,120,133,133,146
1,107,17,107,107,124,124,141,141,158
1,107,19,107,107,126,126,145,145,164
1,108,2,108,108,110,110,112,112,114
1,108,3,108,108,111,111,114,114,117
1,108,5,108,108,113,113,118,118,123
1,108,7,108,108,115,115,122,122,129
1,108,11,108,108,119,119,130,130,141
1,108,13,108,108,121,121,134,134,147
1,108,17,108,108,125,125,142,142,159
1,108,19,108,108,127,127,146,146,165
1,109,2,109,109,111,111,113,113,115
1,109,3,109,109,112,112,115,115,118
1,109,5,109,109,114,114,119,119,124
1,109,7,109,109,116,116,123,123,130
1,109,11,109,109,120,120,131,131,142
1,109,13,109,109,122,122,135,135,148
1,109,17,109,109,126,126,143,143,160
1,109,19,109,109,128,128,147,147,166
1,110,2,110,110,112,112,114,114,116
1,110,3,110,110,113,113,116,116,119
1,110,5,110,110,115,115,120,120,125
1,110,7,110,110,117,117,124,124,131
1,110,11,110,110,121,121,132,132,143
1,110,13,110,110,123,123,136,136,149
1,110,17,110,110,127,127,144,144,161
1,110,19,110,110,129,129,148,148,167
1,111,2,111,111,113,113,115,115,117
1,111,3,111,111,114,114,117,117,120
1,111,5,111,111,116,116,121,121,126
1,111,7,111,111,118,118,125,125,132
1,111,11,111,111,122,122,133,133,144
1,111,13,111,111,124,124,137,137,150
1,111,17,111,111,128,128,145,145,162
1,111,19,111,111,130,130,149,149,168
1,112,2,112,112,114,114,116,116,118
1,112,3,112,112,115,115,118,118,121
1,112,5,112,112,117,117,122,122,127
1,112,7,112,112,119,119,126,126,133
1,112,11,112,112,123,123,134,134,145
1,112,13,112,112,125,125,138,138,151
1,112,17,112,112,129,129,146,146,163
1,112,19,112,112,131,131,150,150,169
1,113,2,113,113,115,115,117,117,119
1,113,3,113,113,116,116,119,119,122
1,113,5,113,113,118,118,123,123,128
1,113,7,113,113,120,120,127,127,134
1,113,11,113,113,124,124,135,135,146
1,113,13,113,113,126,126,139,139,152
1,113,17,113,113,130,130,147,147,164
1,113,19,113,113,132,132,151,151,170
1,114,2,114,114,116,116,118,118,120
1,114,3,114,114,117,117,120,120,123
1,114,5,114,114,119,119,124,124,129
1,114,7,114,114,121,121,128,128,135
1,114,11,114,114,125,125,136,136,147
1,114,13,114,114,127,127,140,140,153
1,114,17,114,114,131,131,148,148,165
1,114,19,114,114,133,133,152,152,171
1,115,2,115,115,117,117,119,119,121
1,115,3,115,115,118,118,121,121,124
1,115,5,115,115,120,120,125,125,130
1,115,7,115,115,122,122,129,129,136
1,115,11,115,115,126,126,137,137,148
1,115,13,115,115,128,128,141,141,154
1,115,17,115,115,132,132,149,149,166
1,115,19,115,115,134,134,153,153,172
1,116,2,116,116,118,118,120,120,122
1,116,3,116,116,119,119,122,122,125
1,116,5,116,116,121,121,126,126,131
1,116,7,116,116,123,123,130,130,137
1,116,11,116,116,127,127,138,138,149
1,116,13,116,116,129,129,142,142,155
1,116,17,116,116,133,133,150,150,167
1,116,19,116,116,135,135,154,154,173
1,117,2,117,117,119,119,121,121,123
1,117,3,117,117,120,120,123,123,126
1,117,5,117,117,122,122,127,127,132
1,117,7,117,117,124,124,131,131,138
1,117,11,117,117,128,128,139,139,150
1,117,13,117,117,130,130,143,143,156
1,117,17,117,117,134,134,151,151,168
1,117,19,117,117,136,136,155,155,174
1,118,2,118,118,120,120,122,122,124
1,118,3,118,118,121,121,124,124,127
1,118,5,118,118,123,123,128,128,133
1,118,7,118,118,125,125,132,132,139
1,118,11,118,118,129,129,140,140,151
1,118,13,118,118,131,131,144,144,157
1,118,17,118,118,135,135,152,152,169
1,118,19,118,118,137,137,156,156,175
1,119,2,119,119,121,121,123,123,125
1,119,3,119,119,122,122,125,125,128
1,119,5,119,119,124,124,129,129,134
1,119,7,119,119,126,126,133,133,140
1,119,11,119,119,130,130,141,141,152
1,119,13,119,119,132,132,145,145,158
1,119,17,119,119,136,136,153,153,170
1,119,19,119,119,138,138,157,157,176
1,120,2,120,120,122,122,124,124,126
1,120,3,120,120,123,123,126,126,129
1,120,5,120,120,125,125,130,130,135
1,120,7,120,120,127,127,134,134,141
1,120,11,120,120,131,131,142,142,153
1,120,13,120,120,133,133,146,146,159
1,120,17,120,120,137,137,154,154,171
1,120,19,120,120,139,139,158,158,177
1,121,2,121,121,123,123,125,125,127
1,121,3,121,121,124,124,127,127,130
1,121,5,121,121,126,126,131,131,136
1,121,7,121,121,128,128,135,135,142
1,121,11,121,121,132,132,143,143,154
1,121,13,121,121,134,134,147,147,160
1,121,17,121,121,138,138,155,155,172
1,121,19,121,121,140,140,159,159,178
1,122,2,122,122,124,124,126,126,128
1,122,3,122,122,125,125,128,128,131
1,122,5,122,122,127,127,132,132,137
1,122,7,122,122,129,129,136,136,143
1,122,11,122,122,133,133,144,144,155
1,122,13,122,122,135,135,148,148,161
1,122,17,122,122,139,139,156,156,173
1,122,19,122,122,141,141,160,160,179
1,123,2,123,123,125,125,127,127,129
1,123,3,123,123,126,126,129,129,132
1,123,5,123,123,128,128,133,133,138
1,123,7,123,123,130,130,137,137,144
1,123,11,123,123,134,134,145,145,156
1,123,13,123,123,136,136,149,149,162
1,123,17,123,123,140,140,157,157,174
1,123,19,123,123,142,142,161,161,180
1,124,2,124,124,126,126,128,128,130
1,124,3,124,124,127,127,130,130,133
1,124,5,124,124,129,129,134,134,139
1,124,7,124,124,131,131,138,138,145
1,124,11,124,124,135,135,146,146,157
1,124,13,124,124,137,137,150,150,163
1,124,17,124,124,141,141,158,158,175
1,124,19,124,124,143,143,162,162,181
1,125,2,125,125,127,127,129,129,131
1,125,3,125,125,128,128,131,131,134
1,125,5,125,125,130,130,135,135,140
1,125,7,125,125,132,132,139,139,146
1,125,11,125,125,136,136,147,147,158
1,125,13,125,125,138,138,151,151,164
1,125,17,125,125,142,142,159,159,176
1,125,19,125,125,144,144,163,163,182
1,126,2,126,126,128,128,130,130,132
1,126,3,126,126,129,129,132,132,135
1,126,5,126,126,131,131,136,136,141
1,126,7,126,126,133,133,140,140,147
1,126,11,126,126,137,137,148,148,159
1,126,13,126,126,139,139,152,152,165
1,126,17,126,126,143,143,160,160,177
1,126,19,126,126,145,145,164,164,183
1,127,2,127,127,129,129,131,131,133
1,127,3,127,127,130,130,133,133,136
1,127,5,127,127,132,132,137,137,142
1,127,7,127,127,134,134,141,141,148
1,127,11,127,127,138,138,149,149,160
1,127,13,127,127,140,140,153,153,166
1,127,17,127,127,144,144,161,161,178
1,127,19,127,127,146,146,165,165,184
1,128,2,128,128,130,130,132,132,134
1,128,3,128,128,131,131,134,134,137
1,128,5,128,128,133,133,138,138,143
1,128,7,128,128,135,135,142,142,149
1,128,11,128,128,139,139,150,150,161
1,128,13,128,128,141,141,154,154,167
1,128,17,128,128,145,145,162,162,179
1,128,19,128,128,147,147,166,166,185
1,129,2,129,129,131,131,133,133,135
1,129,3,129,129,132,132,135,135,138
1,129,5,129,129,134,134,139,139,144
1,129,7,129,129,136,136,143,143,150
1,129,11,129,129,140,140,151,151,162
1,129,13,129,129,142,142,155,155,168
1,129,17,129,129,146,146,163,163,180
1,129,19,129,129,148,148,167,167,186
1,130,2,130,130,132,132,134,134,136
1,130,3,130,130,133,133,136,136,139
1,130,5,130,130,135,135,140,140,145
1,130,7,130,130,137,137,144,144,151
1,130,11,130,130,141,141,152,152,163
1,130,13,130,130,143,143,156,156,169
1,130,17,130,130,147,147,164,164,181
1,130,19,130,130,149,149,168,168,187
1,131,2,131,131,133,133,135,135,137
1,131,3,131,131,134,134,137,137,140
1,131,5,131,131,136,136,141,141,146
1,131,7,131,131,138,138,145,145,152
1,131,11,131,131,142,142,153,153,164
1,131,13,131,131,144,144,157,157,170
1,131,17,131,131,148,148,165,165,182
1,131,19,131,131,150,150,169,169,188
1,132,2,132,132,134,134,136,136,138
1,132,3,132,132,135,135,138,138,141
1,132,5,132,132,137,137,142,142,147
1,132,7,132,132,139,139,146,146,153
1,132,11,132,132,143,143,154,154,165
1,132,13,132,132,145,145,158,158,171
1,132,17,132,132,149,149,166,166,183
1,132,19,132,132,151,151,170,170,189
1,133,2,133,133,135,135,137,137,139
1,133,3,133,133,136,136,139,139,142
1,133,5,133,133,138,138,143,143,148
1,133,7,133,133,140,140,147,147,154
1,133,11,133,133,144,144,155,155,166
1,133,13,133,133,146,146,159,159,172
1,133,17,133,133,150,150,167,167,184
1,133,19,133,133,152,152,171,171,190
1,134,2,134,134,136,136,138,138,140
1,134,3,134,134,137,137,140,140,143
1,134,5,134,134,139,139,144,144,149
1,134,7,134,134,141,141,148,148,155
1,134,11,134,134,145,145,156,156,167
1,134,13,134,134,147,147,160,160,173
1,134,17,134,134,151,151,168,168,185
1,134,19,134,134,153,153,172,172,191
1,135,2,135,135,137,137,139,139,141
1,135,3,135,135,138,138,141,141,144
1,135,5,135,135,140,140,145,145,150
1,135,7,135,135,142,142,149,149,156
1,135,11,135,135,146,146,157,157,168
1,135,13,135,135,148,148,161,161,174
1,135,17,135,135,152,152,169,169,186
1,135,19,135,135,154,154,173,173,192
1,136,2,136,136,138,138,140,140,142
1,136,3,136,136,139,139,142,142,145
1,136,5,136,136,141,141,146,146,151
1,136,7,136,136,143,143,150,150,157
1,136,11,136,136,147,147,158,158,169
1,136,13,136,136,149,149,162,162,175
1,136,17,136,136,153,153,170,170,187
1,136,19,136,136,155,155,174,174,193
1,137,2,137,137,139,139,141,141,143
1,137,3,137,137,140,140,143,143,146
1,137,5,137,137,142,142,147,147,152
1,137,7,137,137,144,144,151,151,158
1,137,11,137,137,148,148,159,159,170
1,137,13,137,137,150,150,163,163,176
1,137,17,137,137,154,154,171,171,188
1,137,19,137,137,156,156,175,175,194
1,138,2,138,138,140,140,142,142,144
1,138,3,138,138,141,141,144,144,147
1,138,5,138,138,143,143,148,148,153
1,138,7,138,138,145,145,152,152,159
1,138,11,138,138,149,149,160,160,171
1,138,13,138,138,151,151,164,164,177
1,138,17,138,138,155,155,172,172,189
1,138,19,138,138,157,157,176,176,195
1,139,2,139,139,141,141,143,143,145
1,139,3,139,139,142,142,145,145,148
1,139,5,139,139,144,144,149,149,154
1,139,7,139,139,146,146,153,153,160
1,139,11,139,139,150,150,161,161,172
1,139,13,139,139,152,152,165,165,178
1,139,17,139,139,156,156,173,173,190
1,139,19,139,139,158,158,177,177,196
1,140,2,140,140,142,142,144,144,146
1,140,3,140,140,143,143,146,146,149
1,140,5,140,140,145,145,150,150,155
1,140,7,140,140,147,147,154,154,161
1,140,11,140,140,151,151,162,162,173
1,140,13,140,140,153,153,166,166,179
1,140,17,140,140,157,157,174,174,191
1,140,19,140,140,159,159,178,178,197
1,141,2,141,141,143,143,145,145,147
1,141,3,141,141,144,144,147,147,150
1,141,5,141,141,146,146,151,151,156
1,141,7,141,141,148,148,155,155,162
1,141,11,141,141,152,152,163,163,174
1,141,13,141,141,154,154,167,167,180
1,141,17,141,141,158,158,175,175,192
1,141,19,141,141,160,160,179,179,198
1,142,2,142,142,144,144,146,146,148
1,142,3,142,142,145,145,148,148,151
1,142,5,142,142,147,147,152,152,157
1,142,7,142,142,149,149,156,156,163
1,142,11,142,142,153,153,164,164,175
1,142,13,142,142,155,155,168,168,181
1,142,17,142,142,159,159,176,176,193
1,142,19,142,142,161,161,180,180,199
1,143,2,143,143,145,145,147,147,149
1,143,3,143,143,146,146,149,149,152
1,143,5,143,143,148,148,153,153,158
1,143,7,143,143,150,150,157,157,164
1,143,11,143,143,154,154,165,165,176
1,143,13,143,143,156,156,169,169,182
1,143,17,143,143,160,160,177,177,194
1,143,19,143,143,162,162,181,181,200
1,144,2,144,144,146,146,148,148,150
1,144,3,144,144,147,147,150,150,153
1,144,5,144,144,149,149,154,154,159
1,144,7,144,144,151,151,158,158,165
1,144,11,144,144,155,155,166,166,177
1,144,13,144,144,157,157,170,170,183
1,144,17,144,144,161,161,178,178,195
1,144,19,144,144,163,163,182,182,201
1,145,2,145,145,147,147,149,149,151
1,145,3,145,145,148,148,151,151,154
1,145,5,145,145,150,150,155,155,160
1,145,7,145,145,152,152,159,159,166
1,145,11,145,145,156,156,167,167,178
1,145,13,145,145,158,158,171,171,184
1,145,17,145,145,162,162,179,179,196
1,145,19,145,145,164,164,183,183,202
1,146,2,146,146,148,148,150,150,152
1,146,3,146,146,149,149,152,152,155
1,146,5,146,146,151,151,156,156,161
1,146,7,146,146,153,153,160,160,167
1,146,11,146,146,157,157,168,168,179
1,146,13,146,146,159,159,172,172,185
1,146,17,146,146,163,163,180,180,197
1,146,19,146,146,165,165,184,184,203
1,147,2,147,147,149,149,151,151,153
1,147,3,147,147,150,150,153,153,156
1,147,5,147,147,152,152,157,157,162
1,147,7,147,147,154,154,161,161,168
1,147,11,147,147,158,158,169,169,180
1,147,13,147,147,160,160,173,173,186
1,147,17,147,147,164,164,181,181,198
1,147,19,147,147,166,166,185,185,204
1,148,2,148,148,150,150,152,152,154
1,148,3,148,148,151,151,154,154,157
1,148,5,148,148,153,153,158,158,163
1,148,7,148,148,155,155,162,162,169
1,148,11,148,148,159,159,170,170,181
1,148,13,148,148,161,161,174,174,187
1,148,17,148,148,165,165,182,182,199
1,148,19,148,148,167,167,186,186,205
1,149,2,149,149,151,151,153,153,155
1,149,3,149,149,152,152,155,155,158
1,149,5,149,149,154,154,159,159,164
1,149,7,149,149,156,156,163,163,170
1,149,11,149,149,160,160,171,171,182
1,149,13,149,149,162,162,175,175,188
1,149,17,149,149,166,166,183,183,200
1,149,19,149,149,168,168,187,187,206
1,150,2,150,150,152,152,154,154,156
1,150,3,150,150,153,153,156,156,159
1,150,5,150,150,155,155,160,160,165
1,150,7,150,150,157,157,164,164,171
1,150,11,150,150,161,161,172,172,183
1,150,13,150,150,163,163,176,176,189
1,150,17,150,150,167,167,184,184,201
1,150,19,150,150,169,169,188,188,207
1,151,2,151,151,153,153,155,155,157
1,151,3,151,151,154,154,157,157,160
1,151,5,151,151,156,156,161,161,166
1,151,7,151,151,158,158,165,165,172
1,151,11,151,151,162,162,173,173,184
1,151,13,151,151,164,164,177,177,190
1,151,17,151,151,168,168,185,185,202
1,151,19,151,151,170,170,189,189,208
1,152,2,152,152,154,154,156,156,158
1,152,3,152,152,155,155,158,158,161
1,152,5,152,152,157,157,162,162,167
1,152,7,152,152,159,159,166,166,173
1,152,11,152,152,163,163,174,174,185
1,152,13,152,152,165,165,178,178,191
1,152,17,152,152,169,169,186,186,203
1,152,19,152,152,171,171,190,190,209
1,153,2,153,153,155,155,157,157,159
1,153,3,153,153,156,156,159,159,162
1,153,5,153,153,158,158,163,163,168
1,153,7,153,153,160,160,167,167,174
1,153,11,153,153,164,164,175,175,186
1,153,13,153,153,166,166,179,179,192
1,153,17,153,153,170,170,187,187,204
1,153,19,153,153,172,172,191,191,210
1,154,2,154,154,156,156,158,158,160
1,154,3,154,154,157,157,160,160,163
1,154,5,154,154,159,159,164,164,169
1,154,7,154,154,161,161,168,168,175
1,154,11,154,154,165,165,176,176,187
1,154,13,154,154,167,167,180,180,193
1,154,17,154,154,171,171,188,188,205
1,154,19,154,154,173,173,192,192,211
1,155,2,155,155,157,157,159,159,161
1,155,3,155,155,158,158,161,161,164
1,155,5,155,155,160,160,165,165,170
1,155,7,155,155,162,162,169,169,176
1,155,11,155,155,166,166,177,177,188
1,155,13,155,155,168,168,181,181,194
1,155,17,155,155,172,172,189,189,206
1,155,19,155,155,174,174,193,193,212
1,156,2,156,156,158,158,160,160,162
1,156,3,156,156,159,159,162,162,165
1,156,5,156,156,161,161,166,166,171
1,156,7,156,156,163,163,170,170,177
1,156,11,156,156,167,167,178,178,189
1,156,13,156,156,169,169,182,182,195
1,156,17,156,156,173,173,190,190,207
1,156,19,156,156,175,175,194,194,213
1,157,2,157,157,159,159,161,161,163
1,157,3,157,157,160,160,163,163,166
1,157,5,157,157,162,162,167,167,172
1,157,7,157,157,164,164,171,171,178
1,157,11,157,157,168,168,179,179,190
1,157,13,157,157,170,170,183,183,196
1,157,17,157,157,174,174,191,191,208
1,157,19,157,157,176,176,195,195,214
1,158,2,158,158,160,160,162,162,164
1,158,3,158,158,161,161,164,164,167
1,158,5,158,158,163,163,168,168,173
1,158,7,158,158,165,165,172,172,179
1,158,11,158,158,169,169,180,180,191
1,158,13,158,158,171,171,184,184,197
1,158,17,158,158,175,175,192,192,209
1,158,19,158,158,177,177,196,196,215
1,159,2,159,159,161,161,163,163,165
1,159,3,159,159,162,162,165,165,168
1,159,5,159,159,164,164,169,169,174
1,159,7,159,159,166,166,173,173,180
1,159,11,159,159,170,170,181,181,192
1,159,13,159,159,172,172,185,185,198
1,159,17,159,159,176,176,193,193,210
1,159,19,159,159,178,178,197,197,216
1,160,2,160,160,162,162,164,164,166
1,160,3,160,160,163,163,166,166,169
1,160,5,160,160,165,165,170,170,175
1,160,7,160,160,167,167,174,174,181
1,160,11,160,160,171,171,182,182,193
1,160,13,160,160,173,173,186,186,199
1,160,17,160,160,177,177,194,194,211
1,160,19,160,160,179,179,198,198,217
1,161,2,161,161,163,163,165,165,167
1,161,3,161,161,164,164,167,167,170
1,161,5,161,161,166,166,171,171,176
1,161,7,161,161,168,168,175,175,182
1,161,11,161,161,172,172,183,183,194
1,161,13,161,161,174,174,187,187,200
1,161,17,161,161,178,178,195,195,212
1,161,19,161,161,180,180,199,199,218
1,162,2,162,162,164,164,166,166,168
1,162,3,162,162,165,165,168,168,171
1,162,5,162,162,167,167,172,172,177
1,162,7,162,162,169,169,176,176,183
1,162,11,162,162,173,173,184,184,195
1,162,13,162,162,175,175,188,188,201
1,162,17,162,162,179,179,196,196,213
1,162,19,162,162,181,181,200,200,219
1,163,2,163,163,165,165,167,167,169
1,163,3,163,163,166,166,169,169,172
1,163,5,163,163,168,168,173,173,178
1,163,7,163,163,170,170,177,177,184
1,163,11,163,163,174,174,185,185,196
1,163,13,163,163,176,176,189,189,202
1,163,17,163,163,180,180,197,197,214
1,163,19,163,163,182,182,201,201,220
1,164,2,164,164,166,166,168,168,170
1,164,3,164,164,167,167,170,170,173
1,164,5,164,164,169,169,174,174,179
1,164,7,164,164,171,171,178,178,185
1,164,11,164,164,175,175,186,186,197
1,164,13,164,164,177,177,190,190,203
1,164,17,164,164,181,181,198,198,215
1,164,19,164,164,183,183,202,202,221
1,165,2,165,165,167,167,169,169,171
1,165,3,165,165,168,168,171,171,174
1,165,5,165,165,170,170,175,175,180
1,165,7,165,165,172,172,179,179,186
1,165,11,165,165,176,176,187,187,198
1,165,13,165,165,178,178,191,191,204
1,165,17,165,165,182,182,199,199,216
1,165,19,165,165,184,184,203,203,222
1,166,2,166,166,168,168,170,170,172
1,166,3,166,166,169,169,172,172,175
1,166,5,166,166,171,171,176,176,181
1,166,7,166,166,173,173,180,180,187
1,166,11,166,166,177,177,188,188,199
1,166,13,166,166,179,179,192,192,205
1,166,17,166,166,183,183,200,200,217
1,166,19,166,166,185,185,204,204,223
1,167,2,167,167,169,169,171,171,173
1,167,3,167,167,170,170,173,173,176
1,167,5,167,167,172,172,177,177,182
1,167,7,167,167,174,174,181,181,188
1,167,11,167,167,178,178,189,189,200
1,167,13,167,167,180,180,193,193,206
1,167,17,167,167,184,184,201,201,218
1,167,19,167,167,186,186,205,205,224
1,168,2,168,168,170,170,172,172,174
1,168,3,168,168,171,171,174,174,177
1,168,5,168,168,173,173,178,178,183
1,168,7,168,168,175,175,182,182,189
1,168,11,168,168,179,179,190,190,201
1,168,13,168,168,181,181,194,194,207
1,168,17,168,168,185,185,202,202,219
1,168,19,168,168,187,187,206,206,225
1,169,2,169,169,171,171,173,173,175
1,169,3,169,169,172,172,175,175,178
1,169,5,169,169,174,174,179,179,184
1,169,7,169,169,176,176,183,183,190
1,169,11,169,169,180,180,191,191,202
1,169,13,169,169,182,182,195,195,208
1,169,17,169,169,186,186,203,203,220
1,169,19,169,169,188,188,207,207,226
1,170,2,170,170,172,172,174,174,176
1,170,3,170,170,173,173,176,176,179
1,170,5,170,170,175,175,180,180,185
1,170,7,170,170,177,177,184,184,191
1,170,11,170,170,181,181,192,192,203
1,170,13,170,170,183,183,196,196,209
1,170,17,170,170,187,187,204,204,221
1,170,19,170,170,189,189,208,208,227
1,171,2,171,171,173,173,175,175,177
1,171,3,171,171,174,174,177,177,180
1,171,5,171,171,176,176,181,181,186
1,171,7,171,171,178,178,185,185,192
1,171,11,171,171,182,182,193,193,204
1,171,13,171,171,184,184,197,197,210
1,171,17,171,171,188,188,205,205,222
1,171,19,171,171,190,190,209,209,228
1,172,2,172,172,174,174,176,176,178
1,172,3,172,172,175,175,178,178,181
1,172,5,172,172,177,177,182,182,187
1,172,7,172,172,179,179,186,186,193
1,172,11,172,172,183,183,194,194,205
1,172,13,172,172,185,185,198,198,211
1,172,17,172,172,189,189,206,206,223
1,172,19,172,172,191,191,210,210,229
1,173,2,173,173,175,175,177,177,179
1,173,3,173,173,176,176,179,179,182
1,173,5,173,173,178,178,183,183,188
1,173,7,173,173,180,180,187,187,194
1,173,11,173,173,184,184,195,195,206
1,173,13,173,173,186,186,199,199,212
1,173,17,173,173,190,190,207,207,224
1,173,19,173,173,192,192,211,211,230
1,174,2,174,174,176,176,178,178,180
1,174,3,174,174,177,177,180,180,183
1,174,5,174,174,179,179,184,184,189
1,174,7,174,174,181,181,188,188,195
1,174,11,174,174,185,185,196,196,207
1,174,13,174,174,187,187,200,200,213
1,174,17,174,174,191,191,208,208,225
1,174,19,174,174,193,193,212,212,231
1,175,2,175,175,177,177,179,179,181
1,175,3,175,175,178,178,181,181,184
1,175,5,175,175,180,180,185,185,190
1,175,7,175,175,182,182,189,189,196
1,175,11,175,175,186,186,197,197,208
1,175,13,175,175,188,188,201,201,214
1,175,17,175,175,192,192,209,209,226
1,175,19,175,175,194,194,213,213,232
1,176,2,176,176,178,178,180,180,182
1,176,3,176,176,179,179,182,182,185
1,176,5,176,176,181,181,186,186,191
1,176,7,176,176,183,183,190,190,197
1,176,11,176,176,187,187,198,198,209
1,176,13,176,176,189,189,202,202,215
1,176,17,176,176,193,193,210,210,227
1,176,19,176,176,195,195,214,214,233
1,177,2,177,177,179,179,181,181,183
1,177,3,177,177,180,180,183,183,186
1,177,5,177,177,182,182,187,187,192
1,177,7,177,177,184,184,191,191,198
1,177,11,177,177,188,188,199,199,210
1,177,13,177,177,190,190,203,203,216
1,177,17,177,177,194,194,211,211,228
1,177,19,177,177,196,196,215,215,234
1,178,2,178,178,180,180,182,182,184
1,178,3,178,178,181,181,184,184,187
1,178,5,178,178,183,183,188,188,193
1,178,7,178,178,185,185,192,192,199
1,178,11,178,178,189,189,200,200,211
1,178,13,178,178,191,191,204,204,217
1,178,17,178,178,195,195,212,212,229
1,178,19,178,178,197,197,216,216,235
1,179,2,179,179,181,181,183,183,185
1,179,3,179,179,182,182,185,185,188
1,179,5,179,179,184,184,189,189,194
1,179,7,179,179,186,186,193,193,200
1,179,11,179,179,190,190,201,201,212
1,179,13,179,179,192,192,205,205,218
1,179,17,179,179,196,196,213,213,230
1,179,19,179,179,198,198,217,217,236
1,180,2,180,180,182,182,184,184,186
1,180,3,180,180,183,183,186,186,189
1,180,5,180,180,185,185,190,190,195
1,180,7,180,180,187,187,194,194,201
1,180,11,180,180,191,191,202,202,213
1,180,13,180,180,193,193,206,206,219
1,180,17,180,180,197,197,214,214,231
1,180,19,180,180,199,199,218,218,237
1,181,2,181,181,183,183,185,185,187
1,181,3,181,181,184,184,187,187,190
1,181,5,181,181,186,186,191,191,196
1,181,7,181,181,188,188,195,195,202
1,181,11,181,181,192,192,203,203,214
1,181,13,181,181,194,194,207,207,220
1,181,17,181,181,198,198,215,215,232
1,181,19,181,181,200,200,219,219,238
1,182,2,182,182,184,184,186,186,188
1,182,3,182,182,185,185,188,188,191
1,182,5,182,182,187,187,192,192,197
1,182,7,182,182,189,189,196,196,203
1,182,11,182,182,193,193,204,204,215
1,182,13,182,182,195,195,208,208,221
1,182,17,182,182,199,199,216,216,233
1,182,19,182,182,201,201,220,220,239
1,183,2,183,183,185,185,187,187,189
1,183,3,183,183,186,186,189,189,192
1,183,5,183,183,188,188,193,193,198
1,183,7,183,183,190,190,197,197,204
1,183,11,183,183,194,194,205,205,216
1,183,13,183,183,196,196,209,209,222
1,183,17,183,183,200,200,217,217,234
1,183,19,183,183,202,202,221,221,240
1,184,2,184,184,186,186,188,188,190
1,184,3,184,184,187,187,190,190,193
1,184,5,184,184,189,189,194,194,199
1,184,7,184,184,191,191,198,198,205
1,184,11,184,184,195,195,206,206,217
1,184,13,184,184,197,197,210,210,223
1,184,17,184,184,201,201,218,218,235
1,184,19,184,184,203,203,222,222,241
1,185,2,185,185,187,187,189,189,191
1,185,3,185,185,188,188,191,191,194
1,185,5,185,185,190,190,195,195,200
1,185,7,185,185,192,192,199,199,206
1,185,11,185,185,196,196,207,207,218
1,185,13,185,185,198,198,211,211,224
1,185,17,185,185,202,202,219,219,236
1,185,19,185,185,204,204,223,223,242
1,186,2,186,186,188,188,190,190,192
1,186,3,186,186,189,189,192,192,195
1,186,5,186,186,191,191,196,196,201
1,186,7,186,186,193,193,200,200,207
1,186,11,186,186,197,197,208,208,219
1,186,13,186,186,199,199,212,212,225
1,186,17,186,186,203,203,220,220,237
1,186,19,186,186,205,205,224,224,243
1,187,2,187,187,189,189,191,191,193
1,187,3,187,187,190,190,193,193,196
1,187,5,187,187,192,192,197,197,202
1,187,7,187,187,194,194,201,201,208
1,187,11,187,187,198,198,209,209,220
1,187,13,187,187,200,200,213,213,226
1,187,17,187,187,204,204,221,221,238
1,187,19,187,187,206,206,225,225,244
1,188,2,188,188,190,190,192,192,194
1,188,3,188,188,191,191,194,194,197
1,188,5,188,188,193,193,198,198,203
1,188,7,188,188,195,195,202,202,209
1,188,11,188,188,199,199,210,210,221
1,188,13,188,188,201,201,214,214,227
1,188,17,188,188,205,205,222,222,239
1,188,19,188,188,207,207,226,226,245
1,189,2,189,189,191,191,193,193,195
1,189,3,189,189,192,192,195,195,198
1,189,5,189,189,194,194,199,199,204
1,189,7,189,189,196,196,203,203,210
1,189,11,189,189,200,200,211,211,222
1,189,13,189,189,202,202,215,215,228
1,189,17,189,189,206,206,223,223,240
1,189,19,189,189,208,208,227,227,246
1,190,2,190,190,192,192,194,194,196
1,190,3,190,190,193,193,196,196,199
1,190,5,190,190,195,195,200,200,205
1,190,7,190,190,197,197,204,204,211
1,190,11,190,190,201,201,212,212,223
1,190,13,190,190,203,203,216,216,229
1,190,17,190,190,207,207,224,224,241
1,190,19,190,190,209,209,228,228,247
1,191,2,191,191,193,193,195,195,197
1,191,3,191,191,194,194,197,197,200
1,191,5,191,191,196,196,201,201,206
1,191,7,191,191,198,198,205,205,212
1,191,11,191,191,202,202,213,213,224
1,191,13,191,191,204,204,217,217,230
1,191,17,191,191,208,208,225,225,242
1,191,19,191,191,210,210,229,229,248
1,192,2,192,192,194,194,196,196,198
1,192,3,192,192,195,195,198,198,201
1,192,5,192,192,197,197,202,202,207
1,192,7,192,192,199,199,206,206,213
1,192,11,192,192,203,203,214,214,225
1,192,13,192,192,205,205,218,218,231
1,192,17,192,192,209,209,226,226,243
1,192,19,192,192,211,211,230,230,249
1,193,2,193,193,195,195,197,197,199
1,193,3,193,193,196,196,199,199,202
1,193,5,193,193,198,198,203,203,208
1,193,7,193,193,200,200,207,207,214
1,193,11,193,193,204,204,215,215,226
1,193,13,193,193,206,206,219,219,232
1,193,17,193,193,210,210,227,227,244
1,193,19,193,193,212,212,231,231,250
1,194,2,194,194,196,196,198,198,200
1,194,3,194,194,197,197,200,200,203
1,194,5,194,194,199,199,204,204,209
1,194,7,194,194,201,201,208,208,215
1,194,11,194,194,205,205,216,216,227
1,194,13,194,194,207,207,220,220,233
1,194,17,194,194,211,211,228,228,245
1,194,19,194,194,213,213,232,232,251
1,195,2,195,195,197,197,199,199,201
1,195,3,195,195,198,198,201,201,204
1,195,5,195,195,200,200,205,205,210
1,195,7,195,195,202,202,209,209,216
1,195,11,195,195,206,206,217,217,228
1,195,13,195,195,208,208,221,221,234
1,195,17,195,195,212,212,229,229,246
1,195,19,195,195,214,214,233,233,252
1,196,2,196,196,198,198,200,200,202
1,196,3,196,196,199,199,202,202,205
1,196,5,196,196,201,201,206,206,211
1,196,7,196,196,203,203,210,210,217
1,196,11,196,196,207,207,218,218,229
1,196,13,196,196,209,209,222,222,235
1,196,17,196,196,213,213,230,230,247
1,196,19,196,196,215,215,234,234,253
1,197,2,197,197,199,199,201,201,203
1,197,3,197,197,200,200,203,203,206
1,197,5,197,197,202,202,207,207,212
1,197,7,197,197,204,204,211,211,218
1,197,11,197,197,208,208,219,219,230
1,197,13,197,197,210,210,223,223,236
1,197,17,197,197,214,214,231,231,248
1,197,19,197,197,216,216,235,235,254
1,198,2,198,198,200,200,202,202,204
1,198,3,198,198,201,201,204,204,207
1,198,5,198,198,203,203,208,208,213
1,198,7,198,198,205,205,212,212,219
1,198,11,198,198,209,209,220,220,231
1,198,13,198,198,211,211,224,224,237
1,198,17,198,198,215,215,232,232,249
1,198,19,198,198,217,217,236,236,255
1,199,2,199,199,201,201,203,203,205
1,199,3,199,199,202,202,205,205,208
1,199,5,199,199,204,204,209,209,214
1,199,7,199,199,206,206,213,213,220
1,199,11,199,199,210,210,221,221,232
1,199,13,199,199,212,212,225,225,238
1,199,17,199,199,216,216,233,233,250
1,199,19,199,199,218,218,237,237,256
1,200,2,200,200,202,202,204,204,206
1,200,3,200,200,203,203,206,206,209
1,200,5,200,200,205,205,210,210,215
1,200,7,200,200,207,207,214,214,221
1,200,11,200,200,211,211,222,222,233
1,200,13,200,200,213,213,226,226,239
1,200,17,200,200,217,217,234,234,251
1,200,19,200,200,219,219,238,238,257
1,201,2,201,201,203,203,205,205,207
1,201,3,201,201,204,204,207,207,210
1,201,5,201,201,206,206,211,211,216
1,201,7,201,201,208,208,215,215,222
1,201,11,201,201,212,212,223,223,234
1,201,13,201,201,214,214,227,227,240
1,201,17,201,201,218,218,235,235,252
1,201,19,201,201,220,220,239,239,258
1,202,2,202,202,204,204,206,206,208
1,202,3,202,202,205,205,208,208,211
1,202,5,202,202,207,207,212,212,217
1,202,7,202,202,209,209,216,216,223
1,202,11,202,202,213,213,224,224,235
1,202,13,202,202,215,215,228,228,241
1,202,17,202,202,219,219,236,236,253
1,202,19,202,202,221,221,240,240,259
1,203,2,203,203,205,205,207,207,209
1,203,3,203,203,206,206,209,209,212
1,203,5,203,203,208,208,213,213,218
1,203,7,203,203,210,210,217,217,224
1,203,11,203,203,214,214,225,225,236
1,203,13,203,203,216,216,229,229,242
1,203,17,203,203,220,220,237,237,254
1,203,19,203,203,222,222,241,241,260
1,204,2,204,204,206,206,208,208,210
1,204,3,204,204,207,207,210,210,213
1,204,5,204,204,209,209,214,214,219
1,204,7,204,204,211,211,218,218,225
1,204,11,204,204,215,215,226,226,237
1,204,13,204,204,217,217,230,230,243
1,204,17,204,204,221,221,238,238,255
1,204,19,204,204,223,223,242,242,261
1,205,2,205,205,207,207,209,209,211
1,205,3,205,205,208,208,211,211,214
1,205,5,205,205,210,210,215,215,220
1,205,7,205,205,212,212,219,219,226
1,205,11,205,205,216,216,227,227,238
1,205,13,205,205,218,218,231,231,244
1,205,17,205,205,222,222,239,239,256
1,205,19,205,205,224,224,243,243,262
1,206,2,206,206,208,208,210,210,212
1,206,3,206,206,209,209,212,212,215
1,206,5,206,206,211,211,216,216,221
1,206,7,206,206,213,213,220,220,227
1,206,11,206,206,217,217,228,228,239
1,206,13,206,206,219,219,232,232,245
1,206,17,206,206,223,223,240,240,257
1,206,19,206,206,225,225,244,244,263
1,207,2,207,207,209,209,211,211,213
1,207,3,207,207,210,210,213,213,216
1,207,5,207,207,212,212,217,217,222
1,207,7,207,207,214,214,221,221,228
1,207,11,207,207,218,218,229,229,240
1,207,13,207,207,220,220,233,233,246
1,207,17,207,207,224,224,241,241,258
1,207,19,207,207,226,226,245,245,264
1,208,2,208,208,210,210,212,212,214
1,208,3,208,208,211,211,214,214,217
1,208,5,208,208,213,213,218,218,223
1,208,7,208,208,215,215,222,222,229
1,208,11,208,208,219,219,230,230,241
1,208,13,208,208,221,221,234,234,247
1,208,17,208,208,225,225,242,242,259
1,208,19,208,208,227,227,246,246,265
1,209,2,209,209,211,211,213,213,215
1,209,3,209,209,212,212,215,215,218
1,209,5,209,209,214,214,219,219,224
1,209,7,209,209,216,216,223,223,230
1,209,11,209,209,220,220,231,231,242
1,209,13,209,209,222,222,235,235,248
1,209,17,209,209,226,226,243,243,260
1,209,19,209,209,228,228,247,247,266
1,210,2,210,210,212,212,214,214,216
1,210,3,210,210,213,213,216,216,219
1,210,5,210,210,215,215,220,220,225
1,210,7,210,210,217,217,224,224,231
1,210,11,210,210,221,221,232,232,243
1,210,13,210,210,223,223,236,236,249
1,210,17,210,210,227,227,244,244,261
1,210,19,210,210,229,229,248,248,267
1,211,2,211,211,213,213,215,215,217
1,211,3,211,211,214,214,217,217,220
1,211,5,211,211,216,216,221,221,226
1,211,7,211,211,218,218,225,225,232
1,211,11,211,211,222,222,233,233,244
1,211,13,211,211,224,224,237,237,250
1,211,17,211,211,228,228,245,245,262
1,211,19,211,211,230,230,249,249,268
1,212,2,212,212,214,214,216,216,218
1,212,3,212,212,215,215,218,218,221
1,212,5,212,212,217,217,222,222,227
1,212,7,212,212,219,219,226,226,233
1,212,11,212,212,223,223,234,234,245
1,212,13,212,212,225,225,238,238,251
1,212,17,212,212,229,229,246,246,263
1,212,19,212,212,231,231,250,250,269
1,213,2,213,213,215,215,217,217,219
1,213,3,213,213,216,216,219,219,222
1,213,5,213,213,218,218,223,223,228
1,213,7,213,213,220,220,227,227,234
1,213,11,213,213,224,224,235,235,246
1,213,13,213,213,226,226,239,239,252
1,213,17,213,213,230,230,247,247,264
1,213,19,213,213,232,232,251,251,270
1,214,2,214,214,216,216,218,218,220
1,214,3,214,214,217,217,220,220,223
1,214,5,214,214,219,219,224,224,229
1,214,7,214,214,221,221,228,228,235
1,214,11,214,214,225,225,236,236,247
1,214,13,214,214,227,227,240,240,253
1,214,17,214,214,231,231,248,248,265
1,214,19,214,214,233,233,252,252,271
1,215,2,215,215,217,217,219,219,221
1,215,3,215,215,218,218,221,221,224
1,215,5,215,215,220,220,225,225,230
1,215,7,215,215,222,222,229,229,236
1,215,11,215,215,226,226,237,237,248
1,215,13,215,215,228,228,241,241,254
1,215,17,215,215,232,232,249,249,266
1,215,19,215,215,234,234,253,253,272
1,216,2,216,216,218,218,220,220,222
1,216,3,216,216,219,219,222,222,225
1,216,5,216,216,221,221,226,226,231
1,216,7,216,216,223,223,230,230,237
1,216,11,216,216,227,227,238,238,249
1,216,13,216,216,229,229,242,242,255
1,216,17,216,216,233,233,250,250,267
1,216,19,216,216,235,235,254,254,273
1,217,2,217,217,219,219,221,221,223
1,217,3,217,217,220,220,223,223,226
1,217,5,217,217,222,222,227,227,232
1,217,7,217,217,224,224,231,231,238
1,217,11,217,217,228,228,239,239,250
1,217,13,217,217,230,230,243,243,256
1,217,17,217,217,234,234,251,251,268
1,217,19,217,217,236,236,255,255,274
1,218,2,218,218,220,220,222,222,224
1,218,3,218,218,221,221,224,224,227
1,218,5,218,218,223,223,228,228,233
1,218,7,218,218,225,225,232,232,239
1,218,11,218,218,229,229,240,240,251
1,218,13,218,218,231,231,244,244,257
1,218,17,218,218,235,235,252,252,269
1,218,19,218,218,237,237,256,256,275
1,219,2,219,219,221,221,223,223,225
1,219,3,219,219,222,222,225,225,228
1,219,5,219,219,224,224,229,229,234
1,219,7,219,219,226,226,233,233,240
1,219,11,219,219,230,230,241,241,252
1,219,13,219,219,232,232,245,245,258
1,219,17,219,219,236,236,253,253,270
1,219,19,219,219,238,238,257,257,276
1,220,2,220,220,222,222,224,224,226
1,220,3,220,220,223,223,226,226,229
1,220,5,220,220,225,225,230,230,235
1,220,7,220,220,227,227,234,234,241
1,220,11,220,220,231,231,242,242,253
1,220,13,220,220,233,233,246,246,259
1,220,17,220,220,237,237,254,254,271
1,220,19,220,220,239,239,258,258,277
1,221,2,221,221,223,223,225,225,227
1,221,3,221,221,224,224,227,227,230
1,221,5,221,221,226,226,231,231,236
1,221,7,221,221,228,228,235,235,242
1,221,11,221,221,232,232,243,243,254
1,221,13,221,221,234,234,247,247,260
1,221,17,221,221,238,238,255,255,272
1,221,19,221,221,240,240,259,259,278
1,222,2,222,222,224,224,226,226,228
1,222,3,222,222,225,225,228,228,231
1,222,5,222,222,227,227,232,232,237
1,222,7,222,222,229,229,236,236,243
1,222,11,222,222,233,233,244,244,255
1,222,13,222,222,235,235,248,248,261
1,222,17,222,222,239,239,256,256,273
1,222,19,222,222,241,241,260,260,279
1,223,2,223,223,225,225,227,227,229
1,223,3,223,223,226,226,229,229,232
1,223,5,223,223,228,228,233,233,238
1,223,7,223,223,230,230,237,237,244
1,223,11,223,223,234,234,245,245,256
1,223,13,223,223,236,236,249,249,262
1,223,17,223,223,240,240,257,257,274
1,223,19,223,223,242,242,261,261,280
1,224,2,224,224,226,226,228,228,230
1,224,3,224,224,227,227,230,230,233
1,224,5,224,224,229,229,234,234,239
1,224,7,224,224,231,231,238,238,245
1,224,11,224,224,235,235,246,246,257
1,224,13,224,224,237,237,250,250,263
1,224,17,224,224,241,241,258,258,275
1,224,19,224,224,243,243,262,262,281
1,225,2,225,225,227,227,229,229,231
1,225,3,225,225,228,228,231,231,234
1,225,5,225,225,230,230,235,235,240
1,225,7,225,225,232,232,239,239,246
1,225,11,225,225,236,236,247,247,258
1,225,13,225,225,238,238,251,251,264
1,225,17,225,225,242,242,259,259,276
1,225,19,225,225,244,244,263,263,282
1,226,2,226,226,228,228,230,230,232
1,226,3,226,226,229,229,232,232,235
1,226,5,226,226,231,231,236,236,241
1,226,7,226,226,233,233,240,240,247
1,226,11,226,226,237,237,248,248,259
1,226,13,226,226,239,239,252,252,265
1,226,17,226,226,243,243,260,260,277
1,226,19,226,226,245,245,264,264,283
1,227,2,227,227,229,229,231,231,233
1,227,3,227,227,230,230,233,233,236
1,227,5,227,227,232,232,237,237,242
1,227,7,227,227,234,234,241,241,248
1,227,11,227,227,238,238,249,249,260
1,227,13,227,227,240,240,253,253,266
1,227,17,227,227,244,244,261,261,278
1,227,19,227,227,246,246,265,265,284
1,228,2,228,228,230,230,232,232,234
1,228,3,228,228,231,231,234,234,237
1,228,5,228,228,233,233,238,238,243
1,228,7,228,228,235,235,242,242,249
1,228,11,228,228,239,239,250,250,261
1,228,13,228,228,241,241,254,254,267
1,228,17,228,228,245,245,262,262,279
1,228,19,228,228,247,247,266,266,285
1,229,2,229,229,231,231,233,233,235
1,229,3,229,229,232,232,235,235,238
1,229,5,229,229,234,234,239,239,244
1,229,7,229,229,236,236,243,243,250
1,229,11,229,229,240,240,251,251,262
1,229,13,229,229,242,242,255,255,268
1,229,17,229,229,246,246,263,263,280
1,229,19,229,229,248,248,267,267,286
1,230,2,230,230,232,232,234,234,236
1,230,3,230,230,233,233,236,236,239
1,230,5,230,230,235,235,240,240,245
1,230,7,230,230,237,237,244,244,251
1,230,11,230,230,241,241,252,252,263
1,230,13,230,230,243,243,256,256,269
1,230,17,230,230,247,247,264,264,281
1,230,19,230,230,249,249,268,268,287
1,231,2,231,231,233,233,235,235,237
1,231,3,231,231,234,234,237,237,240
1,231,5,231,231,236,236,241,241,246
1,231,7,231,231,238,238,245,245,252
1,231,11,231,231,242,242,253,253,264
1,231,13,231,231,244,244,257,257,270
1,231,17,231,231,248,248,265,265,282
1,231,19,231,231,250,250,269,269,288
1,232,2,232,232,234,234,236,236,238
1,232,3,232,232,235,235,238,238,241
1,232,5,232,232,237,237,242,242,247
1,232,7,232,232,239,239,246,246,253
1,232,11,232,232,243,243,254,254,265
1,232,13,232,232,245,245,258,258,271
1,232,17,232,232,249,249,266,266,283
1,232,19,232,232,251,251,270,270,289
1,233,2,233,233,235,235,237,237,239
1,233,3,233,233,236,236,239,239,242
1,233,5,233,233,238,238,243,243,248
1,233,7,233,233,240,240,247,247,254
1,233,11,233,233,244,244,255,255,266
1,233,13,233,233,246,246,259,259,272
1,233,17,233,233,250,250,267,267,284
1,233,19,233,233,252,252,271,271,290
1,234,2,234,234,236,236,238,238,240
1,234,3,234,234,237,237,240,240,243
1,234,5,234,234,239,239,244,244,249
1,234,7,234,234,241,241,248,248,255
1,234,11,234,234,245,245,256,256,267
1,234,13,234,234,247,247,260,260,273
1,234,17,234,234,251,251,268,268,285
1,234,19,234,234,253,253,272,272,291
1,235,2,235,235,237,237,239,239,241
1,235,3,235,235,238,238,241,241,244
1,235,5,235,235,240,240,245,245,250
1,235,7,235,235,242,242,249,249,256
1,235,11,235,235,246,246,257,257,268
1,235,13,235,235,248,248,261,261,274
1,235,17,235,235,252,252,269,269,286
1,235,19,235,235,254,254,273,273,292
1,236,2,236,236,238,238,240,240,242
1,236,3,236,236,239,239,242,242,245
1,236,5,236,236,241,241,246,246,251
1,236,7,236,236,243,243,250,250,257
1,236,11,236,236,247,247,258,258,269
1,236,13,236,236,249,249,262,262,275
1,236,17,236,236,253,253,270,270,287
1,236,19,236,236,255,255,274,274,293
1,237,2,237,237,239,239,241,241,243
1,237,3,237,237,240,240,243,243,246
1,237,5,237,237,242,242,247,247,252
1,237,7,237,237,244,244,251,251,258
1,237,11,237,237,248,248,259,259,270
1,237,13,237,237,250,250,263,263,276
1,237,17,237,237,254,254,271,271,288
1,237,19,237,237,256,256,275,275,294
1,238,2,238,238,240,240,242,242,244
1,238,3,238,238,241,241,244,244,247
1,238,5,238,238,243,243,248,248,253
1,238,7,238,238,245,245,252,252,259
1,238,11,238,238,249,249,260,260,271
1,238,13,238,238,251,251,264,264,277
1,238,17,238,238,255,255,272,272,289
1,238,19,238,238,257,257,276,276,295
1,239,2,239,239,241,241,243,243,245
1,239,3,239,239,242,242,245,245,248
1,239,5,239,239,244,244,249,249,254
1,239,7,239,239,246,246,253,253,260
1,239,11,239,239,250,250,261,261,272
1,239,13,239,239,252,252,265,265,278
1,239,17,239,239,256,256,273,273,290
1,239,19,239,239,258,258,277,277,296
1,240,2,240,240,242,242,244,244,246
1,240,3,240,240,243,243,246,246,249
1,240,5,240,240,245,245,250,250,255
1,240,7,240,240,247,247,254,254,261
1,240,11,240,240,251,251,262,262,273
1,240,13,240,240,253,253,266,266,279
1,240,17,240,240,257,257,274,274,291
1,240,19,240,240,259,259,278,278,297
1,241,2,241,241,243,243,245,245,247
1,241,3,241,241,244,244,247,247,250
1,241,5,241,241,246,246,251,251,256
1,241,7,241,241,248,248,255,255,262
1,241,11,241,241,252,252,263,263,274
1,241,13,241,241,254,254,267,267,280
1,241,17,241,241,258,258,275,275,292
1,241,19,241,241,260,260,279,279,298
1,242,2,242,242,244,244,246,246,248
1,242,3,242,242,245,245,248,248,251
1,242,5,242,242,247,247,252,252,257
1,242,7,242,242,249,249,256,256,263
1,242,11,242,242,253,253,264,264,275
1,242,13,242,242,255,255,268,268,281
1,242,17,242,242,259,259,276,276,293
1,242,19,242,242,261,261,280,280,299
1,243,2,243,243,245,245,247,247,249
1,243,3,243,243,246,246,249,249,252
1,243,5,243,243,248,248,253,253,258
1,243,7,243,243,250,250,257,257,264
1,243,11,243,243,254,254,265,265,276
1,243,13,243,243,256,256,269,269,282
1,243,17,243,243,260,260,277,277,294
1,243,19,243,243,262,262,281,281,300
1,244,2,244,244,246,246,248,248,250
1,244,3,244,244,247,247,250,250,253
1,244,5,244,244,249,249,254,254,259
1,244,7,244,244,251,251,258,258,265
1,244,11,244,244,255,255,266,266,277
1,244,13,244,244,257,257,270,270,283
1,244,17,244,244,261,261,278,278,295
1,244,19,244,244,263,263,282,282,301
1,245,2,245,245,247,247,249,249,251
1,245,3,245,245,248,248,251,251,254
1,245,5,245,245,250,250,255,255,260
1,245,7,245,245,252,252,259,259,266
1,245,11,245,245,256,256,267,267,278
1,245,13,245,245,258,258,271,271,284
1,245,17,245,245,262,262,279,279,296
1,245,19,245,245,264,264,283,283,302
1,246,2,246,246,248,248,250,250,252
1,246,3,246,246,249,249,252,252,255
1,246,5,246,246,251,251,256,256,261
1,246,7,246,246,253,253,260,260,267
1,246,11,246,246,257,257,268,268,279
1,246,13,246,246,259,259,272,272,285
1,246,17,246,246,263,263,280,280,297
1,246,19,246,246,265,265,284,284,303
1,247,2,247,247,249,249,251,251,253
1,247,3,247,247,250,250,253,253,256
1,247,5,247,247,252,252,257,257,262
1,247,7,247,247,254,254,261,261,268
1,247,11,247,247,258,258,269,269,280
1,247,13,247,247,260,260,273,273,286
1,247,17,247,247,264,264,281,281,298
1,247,19,247,247,266,266,285,285,304
1,248,2,248,248,250,250,252,252,254
1,248,3,248,248,251,251,254,254,257
1,248,5,248,248,253,253,258,258,263
1,248,7,248,248,255,255,262,262,269
1,248,11,248,248,259,259,270,270,281
1,248,13,248,248,261,261,274,274,287
1,248,17,248,248,265,265,282,282,299
1,248,19,248,248,267,267,286,286,305
1,249,2,249,249,251,251,253,253,255
1,249,3,249,249,252,252,255,255,258
1,249,5,249,249,254,254,259,259,264
1,249,7,249,249,256,256,263,263,270
1,249,11,249,249,260,260,271,271,282
1,249,13,249,249,262,262,275,275,288
1,249,17,249,249,266,266,283,283,300
1,249,19,249,249,268,268,287,287,306
1,250,2,250,250,252,252,254,254,256
1,250,3,250,250,253,253,256,256,259
1,250,5,250,250,255,255,260,260,265
1,250,7,250,250,257,257,264,264,271
1,250,11,250,250,261,261,272,272,283
1,250,13,250,250,263,263,276,276,289
1,250,17,250,250,267,267,284,284,301
1,250,19,250,250,269,269,288,288,307
1,251,2,251,251,253,253,255,255,257
1,251,3,251,251,254,254,257,257,260
1,251,5,251,251,256,256,261,261,266
1,251,7,251,251,258,258,265,265,272
1,251,11,251,251,262,262,273,273,284
1,251,13,251,251,264,264,277,277,290
1,251,17,251,251,268,268,285,285,302
1,251,19,251,251,270,270,289,289,308
1,252,2,252,252,254,254,256,256,258
1,252,3,252,252,255,255,258,258,261
1,252,5,252,252,257,257,262,262,267
1,252,7,252,252,259,259,266,266,273
1,252,11,252,252,263,263,274,274,285
1,252,13,252,252,265,265,278,278,291
1,252,17,252,252,269,269,286,286,303
1,252,19,252,252,271,271,290,290,309
1,253,2,253,253,255,255,257,257,259
1,253,3,253,253,256,256,259,259,262
1,253,5,253,253,258,258,263,263,268
1,253,7,253,253,260,260,267,267,274
1,253,11,253,253,264,264,275,275,286
1,253,13,253,253,266,266,279,279,292
1,253,17,253,253,270,270,287,287,304
1,253,19,253,253,272,272,291,291,310
1,254,2,254,254,256,256,258,258,260
1,254,3,254,254,257,257,260,260,263
1,254,5,254,254,259,259,264,264,269
1,254,7,254,254,261,261,268,268,275
1,254,11,254,254,265,265,276,276,287
1,254,13,254,254,267,267,280,280,293
1,254,17,254,254,271,271,288,288,305
1,254,19,254,254,273,273,292,292,311
1,255,2,255,255,257,257,259,259,261
1,255,3,255,255,258,258,261,261,264
1,255,5,255,255,260,260,265,265,270
1,255,7,255,255,262,262,269,269,276
1,255,11,255,255,266,266,277,277,288
1,255,13,255,255,268,268,281,281,294
1,255,17,255,255,272,272,289,289,306
1,255,19,255,255,274,274,293,293,312
1,256,2,256,256,258,258,260,260,262
1,256,3,256,256,259,259,262,262,265
1,256,5,256,256,261,261,266,266,271
1,256,7,256,256,263,263,270,270,277
1,256,11,256,256,267,267,278,278,289
1,256,13,256,256,269,269,282,282,295
1,256,17,256,256,273,273,290,290,307
1,256,19,256,256,275,275,294,294,313
1,257,2,257,257,259,259,261,261,263
1,257,3,257,257,260,260,263,263,266
1,257,5,257,257,262,262,267,267,272
1,257,7,257,257,264,264,271,271,278
1,257,11,257,257,268,268,279,279,290
1,257,13,257,257,270,270,283,283,296
1,257,17,257,257,274,274,291,291,308
1,257,19,257,257,276,276,295,295,314
1,258,2,258,258,260,260,262,262,264
1,258,3,258,258,261,261,264,264,267
1,258,5,258,258,263,263,268,268,273
1,258,7,258,258,265,265,272,272,279
1,258,11,258,258,269,269,280,280,291
1,258,13,258,258,271,271,284,284,297
1,258,17,258,258,275,275,292,292,309
1,258,19,258,258,277,277,296,296,315
1,259,2,259,259,261,261,263,263,265
1,259,3,259,259,262,262,265,265,268
1,259,5,259,259,264,264,269,269,274
1,259,7,259,259,266,266,273,273,280
1,259,11,259,259,270,270,281,281,292
1,259,13,259,259,272,272,285,285,298
1,259,17,259,259,276,276,293,293,310
1,259,19,259,259,278,278,297,297,316
1,260,2,260,260,262,262,264,264,266
1,260,3,260,260,263,263,266,266,269
1,260,5,260,260,265,265,270,270,275
1,260,7,260,260,267,267,274,274,281
1,260,11,260,260,271,271,282,282,293
1,260,13,260,260,273,273,286,286,299
1,260,17,260,260,277,277,294,294,311
1,260,19,260,260,279,279,298,298,317
1,261,2,261,261,263,263,265,265,267
1,261,3,261,261,264,264,267,267,270
1,261,5,261,261,266,266,271,271,276
1,261,7,261,261,268,268,275,275,282
1,261,11,261,261,272,272,283,283,294
1,261,13,261,261,274,274,287,287,300
1,261,17,261,261,278,278,295,295,312
1,261,19,261,261,280,280,299,299,318
1,262,2,262,262,264,264,266,266,268
1,262,3,262,262,265,265,268,268,271
1,262,5,262,262,267,267,272,272,277
1,262,7,262,262,269,269,276,276,283
1,262,11,262,262,273,273,284,284,295
1,262,13,262,262,275,275,288,288,301
1,262,17,262,262,279,279,296,296,313
1,262,19,262,262,281,281,300,300,319
1,263,2,263,263,265,265,267,267,269
1,263,3,263,263,266,266,269,269,272
1,263,5,263,263,268,268,273,273,278
1,263,7,263,263,270,270,277,277,284
1,263,11,263,263,274,274,285,285,296
1,263,13,263,263,276,276,289,289,302
1,263,17,263,263,280,280,297,297,314
1,263,19,263,263,282,282,301,301,320
1,264,2,264,264,266,266,268,268,270
1,264,3,264,264,267,267,270,270,273
1,264,5,264,264,269,269,274,274,279
1,264,7,264,264,271,271,278,278,285
1,264,11,264,264,275,275,286,286,297
1,264,13,264,264,277,277,290,290,303
1,264,17,264,264,281,281,298,298,315
1,264,19,264,264,283,283,302,302,321
1,265,2,265,265,267,267,269,269,271
1,265,3,265,265,268,268,271,271,274
1,265,5,265,265,270,270,275,275,280
1,265,7,265,265,272,272,279,279,286
1,265,11,265,265,276,276,287,287,298
1,265,13,265,265,278,278,291,291,304
1,265,17,265,265,282,282,299,299,316
1,265,19,265,265,284,284,303,303,322
1,266,2,266,266,268,268,270,270,272
1,266,3,266,266,269,269,272,272,275
1,266,5,266,266,271,271,276,276,281
1,266,7,266,266,273,273,280,280,287
1,266,11,266,266,277,277,288,288,299
1,266,13,266,266,279,279,292,292,305
1,266,17,266,266,283,283,300,300,317
1,266,19,266,266,285,285,304,304,323
1,267,2,267,267,269,269,271,271,273
1,267,3,267,267,270,270,273,273,276
1,267,5,267,267,272,272,277,277,282
1,267,7,267,267,274,274,281,281,288
1,267,11,267,267,278,278,289,289,300
1,267,13,267,267,280,280,293,293,306
1,267,17,267,267,284,284,301,301,318
1,267,19,267,267,286,286,305,305,324
1,268,2,268,268,270,270,272,272,274
1,268,3,268,268,271,271,274,274,277
1,268,5,268,268,273,273,278,278,283
1,268,7,268,268,275,275,282,282,289
1,268,11,268,268,279,279,290,290,301
1,268,13,268,268,281,281,294,294,307
1,268,17,268,268,285,285,302,302,319
1,268,19,268,268,287,287,306,306,325
1,269,2,269,269,271,271,273,273,275
1,269,3,269,269,272,272,275,275,278
1,269,5,269,269,274,274,279,279,284
1,269,7,269,269,276,276,283,283,290
1,269,11,269,269,280,280,291,291,302
1,269,13,269,269,282,282,295,295,308
1,269,17,269,269,286,286,303,303,320
1,269,19,269,269,288,288,307,307,326
1,270,2,270,270,272,272,274,274,276
1,270,3,270,270,273,273,276,276,279
1,270,5,270,270,275,275,280,280,285
1,270,7,270,270,277,277,284,284,291
1,270,11,270,270,281,281,292,292,303
1,270,13,270,270,283,283,296,296,309
1,270,17,270,270,287,287,304,304,321
1,270,19,270,270,289,289,308,308,327
1,271,2,271,271,273,273,275,275,277
1,271,3,271,271,274,274,277,277,280
1,271,5,271,271,276,276,281,281,286
1,271,7,271,271,278,278,285,285,292
1,271,11,271,271,282,282,293,293,304
1,271,13,271,271,284,284,297,297,310
1,271,17,271,271,288,288,305,305,322
1,271,19,271,271,290,290,309,309,328
1,272,2,272,272,274,274,276,276,278
1,272,3,272,272,275,275,278,278,281
1,272,5,272,272,277,277,282,282,287
1,272,7,272,272,279,279,286,286,293
1,272,11,272,272,283,283,294,294,305
1,272,13,272,272,285,285,298,298,311
1,272,17,272,272,289,289,306,306,323
1,272,19,272,272,291,291,310,310,329
1,273,2,273,273,275,275,277,277,279
1,273,3,273,273,276,276,279,279,282
1,273,5,273,273,278,278,283,283,288
1,273,7,273,273,280,280,287,287,294
1,273,11,273,273,284,284,295,295,306
1,273,13,273,273,286,286,299,299,312
1,273,17,273,273,290,290,307,307,324
1,273,19,273,273,292,292,311,311,330
1,274,2,274,274,276,276,278,278,280
1,274,3,274,274,277,277,280,280,283
1,274,5,274,274,279,279,284,284,289
1,274,7,274,274,281,281,288,288,295
1,274,11,274,274,285,285,296,296,307
1,274,13,274,274,287,287,300,300,313
1,274,17,274,274,291,291,308,308,325
1,274,19,274,274,293,293,312,312,331
1,275,2,275,275,277,277,279,279,281
1,275,3,275,275,278,278,281,281,284
1,275,5,275,275,280,280,285,285,290
1,275,7,275,275,282,282,289,289,296
1,275,11,275,275,286,286,297,297,308
1,275,13,275,275,288,288,301,301,314
1,275,17,275,275,292,292,309,309,326
1,275,19,275,275,294,294,313,313,332
1,276,2,276,276,278,278,280,280,282
1,276,3,276,276,279,279,282,282,285
1,276,5,276,276,281,281,286,286,291
1,276,7,276,276,283,283,290,290,297
1,276,11,276,276,287,287,298,298,309
1,276,13,276,276,289,289,302,302,315
1,276,17,276,276,293,293,310,310,327
1,276,19,276,276,295,295,314,314,333
1,277,2,277,277,279,279,281,281,283
1,277,3,277,277,280,280,283,283,286
1,277,5,277,277,282,282,287,287,292
1,277,7,277,277,284,284,291,291,298
1,277,11,277,277,288,288,299,299,310
1,277,13,277,277,290,290,303,303,316
1,277,17,277,277,294,294,311,311,328
1,277,19,277,277,296,296,315,315,334
1,278,2,278,278,280,280,282,282,284
1,278,3,278,278,281,281,284,284,287
1,278,5,278,278,283,283,288,288,293
1,278,7,278,278,285,285,292,292,299
1,278,11,278,278,289,289,300,300,311
1,278,13,278,278,291,291,304,304,317
1,278,17,278,278,295,295,312,312,329
1,278,19,278,278,297,297,316,316,335
1,279,2,279,279,281,281,283,283,285
1,279,3,279,279,282,282,285,285,288
1,279,5,279,279,284,284,289,289,294
1,279,7,279,279,286,286,293,293,300
1,279,11,279,279,290,290,301,301,312
1,279,13,279,279,292,292,305,305,318
1,279,17,279,279,296,296,313,313,330
1,279,19,279,279,298,298,317,317,336
1,280,2,280,280,282,282,284,284,286
1,280,3,280,280,283,283,286,286,289
1,280,5,280,280,285,285,290,290,295
1,280,7,280,280,287,287,294,294,301
1,280,11,280,280,291,291,302,302,313
1,280,13,280,280,293,293,306,306,319
1,280,17,280,280,297,297,314,314,331
1,280,19,280,280,299,299,318,318,337
1,281,2,281,281,283,283,285,285,287
1,281,3,281,281,284,284,287,287,290
1,281,5,281,281,286,286,291,291,296
1,281,7,281,281,288,288,295,295,302
1,281,11,281,281,292,292,303,303,314
1,281,13,281,281,294,294,307,307,320
1,281,17,281,281,298,298,315,315,332
1,281,19,281,281,300,300,319,319,338
1,282,2,282,282,284,284,286,286,288
1,282,3,282,282,285,285,288,288,291
1,282,5,282,282,287,287,292,292,297
1,282,7,282,282,289,289,296,296,303
1,282,11,282,282,293,293,304,304,315
1,282,13,282,282,295,295,308,308,321
1,282,17,282,282,299,299,316,316,333
1,282,19,282,282,301,301,320,320,339
1,283,2,283,283,285,285,287,287,289
1,283,3,283,283,286,286,289,289,292
1,283,5,283,283,288,288,293,293,298
1,283,7,283,283,290,290,297,297,304
1,283,11,283,283,294,294,305,305,316
1,283,13,283,283,296,296,309,309,322
1,283,17,283,283,300,300,317,317,334
1,283,19,283,283,302,302,321,321,340
1,284,2,284,284,286,286,288,288,290
1,284,3,284,284,287,287,290,290,293
1,284,5,284,284,289,289,294,294,299
1,284,7,284,284,291,291,298,298,305
1,284,11,284,284,295,295,306,306,317
1,284,13,284,284,297,297,310,310,323
1,284,17,284,284,301,301,318,318,335
1,284,19,284,284,303,303,322,322,341
1,285,2,285,285,287,287,289,289,291
1,285,3,285,285,288,288,291,291,294
1,285,5,285,285,290,290,295,295,300
1,285,7,285,285,292,292,299,299,306
1,285,11,285,285,296,296,307,307,318
1,285,13,285,285,298,298,311,311,324
1,285,17,285,285,302,302,319,319,336
1,285,19,285,285,304,304,323,323,342
1,286,2,286,286,288,288,290,290,292
1,286,3,286,286,289,289,292,292,295
1,286,5,286,286,291,291,296,296,301
1,286,7,286,286,293,293,300,300,307
1,286,11,286,286,297,297,308,308,319
1,286,13,286,286,299,299,312,312,325
1,286,17,286,286,303,303,320,320,337
1,286,19,286,286,305,305,324,324,343
1,287,2,287,287,289,289,291,291,293
1,287,3,287,287,290,290,293,293,296
1,287,5,287,287,292,292,297,297,302
1,287,7,287,287,294,294,301,301,308
1,287,11,287,287,298,298,309,309,320
1,287,13,287,287,300,300,313,313,326
1,287,17,287,287,304,304,321,321,338
1,287,19,287,287,306,306,325,325,344
1,288,2,288,288,290,290,292,292,294
1,288,3,288,288,291,291,294,294,297
1,288,5,288,288,293,293,298,298,303
1,288,7,288,288,295,295,302,302,309
1,288,11,288,288,299,299,310,310,321
1,288,13,288,288,301,301,314,314,327
1,288,17,288,288,305,305,322,322,339
1,288,19,288,288,307,307,326,326,345
1,289,2,289,289,291,291,293,293,295
1,289,3,289,289,292,292,295,295,298
1,289,5,289,289,294,294,299,299,304
1,289,7,289,289,296,296,303,303,310
1,289,11,289,289,300,300,311,311,322
1,289,13,289,289,302,302,315,315,328
1,289,17,289,289,306,306,323,323,340
1,289,19,289,289,308,308,327,327,346
1,290,2,290,290,292,292,294,294,296
1,290,3,290,290,293,293,296,296,299
1,290,5,290,290,295,295,300,300,305
1,290,7,290,290,297,297,304,304,311
1,290,11,290,290,301,301,312,312,323
1,290,13,290,290,303,303,316,316,329
1,290,17,290,290,307,307,324,324,341
1,290,19,290,290,309,309,328,328,347
1,291,2,291,291,293,293,295,295,297
1,291,3,291,291,294,294,297,297,300
1,291,5,291,291,296,296,301,301,306
1,291,7,291,291,298,298,305,305,312
1,291,11,291,291,302,302,313,313,324
1,291,13,291,291,304,304,317,317,330
1,291,17,291,291,308,308,325,325,342
1,291,19,291,291,310,310,329,329,348
1,292,2,292,292,294,294,296,296,298
1,292,3,292,292,295,295,298,298,301
1,292,5,292,292,297,297,302,302,307
1,292,7,292,292,299,299,306,306,313
1,292,11,292,292,303,303,314,314,325
1,292,13,292,292,305,305,318,318,331
1,292,17,292,292,309,309,326,326,343
1,292,19,292,292,311,311,330,330,349
1,293,2,293,293,295,295,297,297,299
1,293,3,293,293,296,296,299,299,302
1,293,5,293,293,298,298,303,303,308
1,293,7,293,293,300,300,307,307,314
1,293,11,293,293,304,304,315,315,326
1,293,13,293,293,306,306,319,319,332
1,293,17,293,293,310,310,327,327,344
1,293,19,293,293,312,312,331,331,350
1,294,2,294,294,296,296,298,298,300
1,294,3,294,294,297,297,300,300,303
1,294,5,294,294,299,299,304,304,309
1,294,7,294,294,301,301,308,308,315
1,294,11,294,294,305,305,316,316,327
1,294,13,294,294,307,307,320,320,333
1,294,17,294,294,311,311,328,328,345
1,294,19,294,294,313,313,332,332,351
1,295,2,295,295,297,297,299,299,301
1,295,3,295,295,298,298,301,301,304
1,295,5,295,295,300,300,305,305,310
1,295,7,295,295,302,302,309,309,316
1,295,11,295,295,306,306,317,317,328
1,295,13,295,295,308,308,321,321,334
1,295,17,295,295,312,312,329,329,346
1,295,19,295,295,314,314,333,333,352
1,296,2,296,296,298,298,300,300,302
1,296,3,296,296,299,299,302,302,305
1,296,5,296,296,301,301,306,306,311
1,296,7,296,296,303,303,310,310,317
1,296,11,296,296,307,307,318,318,329
1,296,13,296,296,309,309,322,322,335
1,296,17,296,296,313,313,330,330,347
1,296,19,296,296,315,315,334,334,353
1,297,2,297,297,299,299,301,301,303
1,297,3,297,297,300,300,303,303,306
1,297,5,297,297,302,302,307,307,312
1,297,7,297,297,304,304,311,311,318
1,297,11,297,297,308,308,319,319,330
1,297,13,297,297,310,310,323,323,336
1,297,17,297,297,314,314,331,331,348
1,297,19,297,297,316,316,335,335,354
1,298,2,298,298,300,300,302,302,304
1,298,3,298,298,301,301,304,304,307
1,298,5,298,298,303,303,308,308,313
1,298,7,298,298,305,305,312,312,319
1,298,11,298,298,309,309,320,320,331
1,298,13,298,298,311,311,324,324,337
1,298,17,298,298,315,315,332,332,349
1,298,19,298,298,317,317,336,336,355
1,299,2,299,299,301,301,303,303,305
1,299,3,299,299,302,302,305,305,308
1,299,5,299,299,304,304,309,309,314
1,299,7,299,299,306,306,313,313,320
1,299,11,299,299,310,310,321,321,332
1,299,13,299,299,312,312,325,325,338
1,299,17,299,299,316,316,333,333,350
1,299,19,299,299,318,318,337,337,356
1,300,2,300,300,302,302,304,304,306
1,300,3,300,300,303,303,306,306,309
1,300,5,300,300,305,305,310,310,315
1,300,7,300,300,307,307,314,314,321
1,300,11,300,300,311,311,322,322,333
1,300,13,300,300,313,313,326,326,339
1,300,17,300,300,317,317,334,334,351
1,300,19,300,300,319,319,338,338,357
1,301,2,301,301,303,303,305,305,307
1,301,3,301,301,304,304,307,307,310
1,301,5,301,301,306,306,311,311,316
1,301,7,301,301,308,308,315,315,322
1,301,11,301,301,312,312,323,323,334
1,301,13,301,301,314,314,327,327,340
1,301,17,301,301,318,318,335,335,352
1,301,19,301,301,320,320,339,339,358
1,302,2,302,302,304,304,306,306,308
1,302,3,302,302,305,305,308,308,311
1,302,5,302,302,307,307,312,312,317
1,302,7,302,302,309,309,316,316,323
1,302,11,302,302,313,313,324,324,335
1,302,13,302,302,315,315,328,328,341
1,302,17,302,302,319,319,336,336,353
1,302,19,302,302,321,321,340,340,359
1,303,2,303,303,305,305,307,307,309
1,303,3,303,303,306,306,309,309,312
1,303,5,303,303,308,308,313,313,318
1,303,7,303,303,310,310,317,317,324
1,303,11,303,303,314,314,325,325,336
1,303,13,303,303,316,316,329,329,342
1,303,17,303,303,320,320,337,337,354
1,303,19,303,303,322,322,341,341,360
1,304,2,304,304,306,306,308,308,310
1,304,3,304,304,307,307,310,310,313
1,304,5,304,304,309,309,314,314,319
1,304,7,304,304,311,311,318,318,325
1,304,11,304,304,315,315,326,326,337
1,304,13,304,304,317,317,330,330,343
1,304,17,304,304,321,321,338,338,355
1,304,19,304,304,323,323,342,342,361
1,305,2,305,305,307,307,309,309,311
1,305,3,305,305,308,308,311,311,314
1,305,5,305,305,310,310,315,315,320
1,305,7,305,305,312,312,319,319,326
1,305,11,305,305,316,316,327,327,338
1,305,13,305,305,318,318,331,331,344
1,305,17,305,305,322,322,339,339,356
1,305,19,305,305,324,324,343,343,362
1,306,2,306,306,308,308,310,310,312
1,306,3,306,306,309,309,312,312,315
1,306,5,306,306,311,311,316,316,321
1,306,7,306,306,313,313,320,320,327
1,306,11,306,306,317,317,328,328,339
1,306,13,306,306,319,319,332,332,345
1,306,17,306,306,323,323,340,340,357
1,306,19,306,306,325,325,344,344,363
1,307,2,307,307,309,309,311,311,313
1,307,3,307,307,310,310,313,313,316
1,307,5,307,307,312,312,317,317,322
1,307,7,307,307,314,314,321,321,328
1,307,11,307,307,318,318,329,329,340
1,307,13,307,307,320,320,333,333,346
1,307,17,307,307,324,324,341,341,358
1,307,19,307,307,326,326,345,345,364
1,308,2,308,308,310,310,312,312,314
1,308,3,308,308,311,311,314,314,317
1,308,5,308,308,313,313,318,318,323
1,308,7,308,308,315,315,322,322,329
1,308,11,308,308,319,319,330,330,341
1,308,13,308,308,321,321,334,334,347
1,308,17,308,308,325,325,342,342,359
1,308,19,308,308,327,327,346,346,365
1,309,2,309,309,311,311,313,313,315
1,309,3,309,309,312,312,315,315,318
1,309,5,309,309,314,314,319,319,324
1,309,7,309,309,316,316,323,323,330
1,309,11,309,309,320,320,331,331,342
1,309,13,309,309,322,322,335,335,348
1,309,17,309,309,326,326,343,343,360
1,309,19,309,309,328,328,347,347,366
1,310,2,310,310,312,312,314,314,316
1,310,3,310,310,313,313,316,316,319
1,310,5,310,310,315,315,320,320,325
1,310,7,310,310,317,317,324,324,331
1,310,11,310,310,321,321,332,332,343
1,310,13,310,310,323,323,336,336,349
1,310,17,310,310,327,327,344,344,361
1,310,19,310,310,329,329,348,348,367
1,311,2,311,311,313,313,315,315,317
1,311,3,311,311,314,314,317,317,320
1,311,5,311,311,316,316,321,321,326
1,311,7,311,311,318,318,325,325,332
1,311,11,311,311,322,322,333,333,344
1,311,13,311,311,324,324,337,337,350
1,311,17,311,311,328,328,345,345,362
1,311,19,311,311,330,330,349,349,368
1,312,2,312,312,314,314,316,316,318
1,312,3,312,312,315,315,318,318,321
1,312,5,312,312,317,317,322,322,327
1,312,7,312,312,319,319,326,326,333
1,312,11,312,312,323,323,334,334,345
1,312,13,312,312,325,325,338,338,351
1,312,17,312,312,329,329,346,346,363
1,312,19,312,312,331,331,350,350,369
1,313,2,313,313,315,315,317,317,319
1,313,3,313,313,316,316,319,319,322
1,313,5,313,313,318,318,323,323,328
1,313,7,313,313,320,320,327,327,334
1,313,11,313,313,324,324,335,335,346
1,313,13,313,313,326,326,339,339,352
1,313,17,313,313,330,330,347,347,364
1,313,19,313,313,332,332,351,351,370
1,314,2,314,314,316,316,318,318,320
1,314,3,314,314,317,317,320,320,323
1,314,5,314,314,319,319,324,324,329
1,314,7,314,314,321,321,328,328,335
1,314,11,314,314,325,325,336,336,347
1,314,13,314,314,327,327,340,340,353
1,314,17,314,314,331,331,348,348,365
1,314,19,314,314,333,333,352,352,371
1,315,2,315,315,317,317,319,319,321
1,315,3,315,315,318,318,321,321,324
1,315,5,315,315,320,320,325,325,330
1,315,7,315,315,322,322,329,329,336
1,315,11,315,315,326,326,337,337,348
1,315,13,315,315,328,328,341,341,354
1,315,17,315,315,332,332,349,349,366
1,315,19,315,315,334,334,353,353,372
1,316,2,316,316,318,318,320,320,322
1,316,3,316,316,319,319,322,322,325
1,316,5,316,316,321,321,326,326,331
1,316,7,316,316,323,323,330,330,337
1,316,11,316,316,327,327,338,338,349
1,316,13,316,316,329,329,342,342,355
1,316,17,316,316,333,333,350,350,367
1,316,19,316,316,335,335,354,354,373
1,317,2,317,317,319,319,321,321,323
1,317,3,317,317,320,320,323,323,326
1,317,5,317,317,322,322,327,327,332
1,317,7,317,317,324,324,331,331,338
1,317,11,317,317,328,328,339,339,350
1,317,13,317,317,330,330,343,343,356
1,317,17,317,317,334,334,351,351,368
1,317,19,317,317,336,336,355,355,374
1,318,2,318,318,320,320,322,322,324
1,318,3,318,318,321,321,324,324,327
1,318,5,318,318,323,323,328,328,333
1,318,7,318,318,325,325,332,332,339
1,318,11,318,318,329,329,340,340,351
1,318,13,318,318,331,331,344,344,357
1,318,17,318,318,335,335,352,352,369
1,318,19,318,318,337,337,356,356,375
1,319,2,319,319,321,321,323,323,325
1,319,3,319,319,322,322,325,325,328
1,319,5,319,319,324,324,329,329,334
1,319,7,319,319,326,326,333,333,340
1,319,11,319,319,330,330,341,341,352
1,319,13,319,319,332,332,345,345,358
1,319,17,319,319,336,336,353,353,370
1,319,19,319,319,338,338,357,357,376
1,320,2,320,320,322,322,324,324,326
1,320,3,320,320,323,323,326,326,329
1,320,5,320,320,325,325,330,330,335
1,320,7,320,320,327,327,334,334,341
1,320,11,320,320,331,331,342,342,353
1,320,13,320,320,333,333,346,346,359
1,320,17,320,320,337,337,354,354,371
1,320,19,320,320,339,339,358,358,377
1,321,2,321,321,323,323,325,325,327
1,321,3,321,321,324,324,327,327,330
1,321,5,321,321,326,326,331,331,336
1,321,7,321,321,328,328,335,335,342
1,321,11,321,321,332,332,343,343,354
1,321,13,321,321,334,334,347,347,360
1,321,17,321,321,338,338,355,355,372
1,321,19,321,321,340,340,359,359,378
1,322,2,322,322,324,324,326,326,328
1,322,3,322,322,325,325,328,328,331
1,322,5,322,322,327,327,332,332,337
1,322,7,322,322,329,329,336,336,343
1,322,11,322,322,333,333,344,344,355
1,322,13,322,322,335,335,348,348,361
1,322,17,322,322,339,339,356,356,373
1,322,19,322,322,341,341,360,360,379
1,323,2,323,323,325,325,327,327,329
1,323,3,323,323,326,326,329,329,332
1,323,5,323,323,328,328,333,333,338
1,323,7,323,323,330,330,337,337,344
1,323,11,323,323,334,334,345,345,356
1,323,13,323,323,336,336,349,349,362
1,323,17,323,323,340,340,357,357,374
1,323,19,323,323,342,342,361,361,380
1,324,2,324,324,326,326,328,328,330
1,324,3,324,324,327,327,330,330,333
1,324,5,324,324,329,329,334,334,339
1,324,7,324,324,331,331,338,338,345
1,324,11,324,324,335,335,346,346,357
1,324,13,324,324,337,337,350,350,363
1,324,17,324,324,341,341,358,358,375
1,324,19,324,324,343,343,362,362,381
1,325,2,325,325,327,327,329,329,331
1,325,3,325,325,328,328,331,331,334
1,325,5,325,325,330,330,335,335,340
1,325,7,325,325,332,332,339,339,346
1,325,11,325,325,336,336,347,347,358
1,325,13,325,325,338,338,351,351,364
1,325,17,325,325,342,342,359,359,376
1,325,19,325,325,344,344,363,363,382
1,326,2,326,326,328,328,330,330,332
1,326,3,326,326,329,329,332,332,335
1,326,5,326,326,331,331,336,336,341
1,326,7,326,326,333,333,340,340,347
1,326,11,326,326,337,337,348,348,359
1,326,13,326,326,339,339,352,352,365
1,326,17,326,326,343,343,360,360,377
1,326,19,326,326,345,345,364,364,383
1,327,2,327,327,329,329,331,331,333
1,327,3,327,327,330,330,333,333,336
1,327,5,327,327,332,332,337,337,342
1,327,7,327,327,334,334,341,341,348
1,327,11,327,327,338,338,349,349,360
1,327,13,327,327,340,340,353,353,366
1,327,17,327,327,344,344,361,361,378
1,327,19,327,327,346,346,365,365,384
1,328,2,328,328,330,330,332,332,334
1,328,3,328,328,331,331,334,334,337
1,328,5,328,328,333,333,338,338,343
1,328,7,328,328,335,335,342,342,349
1,328,11,328,328,339,339,350,350,361
1,328,13,328,328,341,341,354,354,367
1,328,17,328,328,345,345,362,362,379
1,328,19,328,328,347,347,366,366,385
1,329,2,329,329,331,331,333,333,335
1,329,3,329,329,332,332,335,335,338
1,329,5,329,329,334,334,339,339,344
1,329,7,329,329,336,336,343,343,350
1,329,11,329,329,340,340,351,351,362
1,329,13,329,329,342,342,355,355,368
1,329,17,329,329,346,346,363,363,380
1,329,19,329,329,348,348,367,367,386
1,330,2,330,330,332,332,334,334,336
1,330,3,330,330,333,333,336,336,339
1,330,5,330,330,335,335,340,340,345
1,330,7,330,330,337,337,344,344,351
1,330,11,330,330,341,341,352,352,363
1,330,13,330,330,343,343,356,356,369
1,330,17,330,330,347,347,364,364,381
1,330,19,330,330,349,349,368,368,387
1,331,2,331,331,333,333,335,335,337
1,331,3,331,331,334,334,337,337,340
1,331,5,331,331,336,336,341,341,346
1,331,7,331,331,338,338,345,345,352
1,331,11,331,331,342,342,353,353,364
1,331,13,331,331,344,344,357,357,370
1,331,17,331,331,348,348,365,365,382
1,331,19,331,331,350,350,369,369,388
1,332,2,332,332,334,334,336,336,338
1,332,3,332,332,335,335,338,338,341
1,332,5,332,332,337,337,342,342,347
1,332,7,332,332,339,339,346,346,353
1,332,11,332,332,343,343,354,354,365
1,332,13,332,332,345,345,358,358,371
1,332,17,332,332,349,349,366,366,383
1,332,19,332,332,351,351,370,370,389
1,333,2,333,333,335,335,337,337,339
1,333,3,333,333,336,336,339,339,342
1,333,5,333,333,338,338,343,343,348
1,333,7,333,333,340,340,347,347,354
1,333,11,333,333,344,344,355,355,366
1,333,13,333,333,346,346,359,359,372
1,333,17,333,333,350,350,367,367,384
1,333,19,333,333,352,352,371,371,390
1,334,2,334,334,336,336,338,338,340
1,334,3,334,334,337,337,340,340,343
1,334,5,334,334,339,339,344,344,349
1,334,7,334,334,341,341,348,348,355
1,334,11,334,334,345,345,356,356,367
1,334,13,334,334,347,347,360,360,373
1,334,17,334,334,351,351,368,368,385
1,334,19,334,334,353,353,372,372,391
1,335,2,335,335,337,337,339,339,341
1,335,3,335,335,338,338,341,341,344
1,335,5,335,335,340,340,345,345,350
1,335,7,335,335,342,342,349,349,356
1,335,11,335,335,346,346,357,357,368
1,335,13,335,335,348,348,361,361,374
1,335,17,335,335,352,352,369,369,386
1,335,19,335,335,354,354,373,373,392
1,336,2,336,336,338,338,340,340,342
1,336,3,336,336,339,339,342,342,345
1,336,5,336,336,341,341,346,346,351
1,336,7,336,336,343,343,350,350,357
1,336,11,336,336,347,347,358,358,369
1,336,13,336,336,349,349,362,362,375
1,336,17,336,336,353,353,370,370,387
1,336,19,336,336,355,355,374,374,393
1,337,2,337,337,339,339,341,341,343
1,337,3,337,337,340,340,343,343,346
1,337,5,337,337,342,342,347,347,352
1,337,7,337,337,344,344,351,351,358
1,337,11,337,337,348,348,359,359,370
1,337,13,337,337,350,350,363,363,376
1,337,17,337,337,354,354,371,371,388
1,337,19,337,337,356,356,375,375,394
1,338,2,338,338,340,340,342,342,344
1,338,3,338,338,341,341,344,344,347
1,338,5,338,338,343,343,348,348,353
1,338,7,338,338,345,345,352,352,359
1,338,11,338,338,349,349,360,360,371
1,338,13,338,338,351,351,364,364,377
1,338,17,338,338,355,355,372,372,389
1,338,19,338,338,357,357,376,376,395
1,339,2,339,339,341,341,343,343,345
1,339,3,339,339,342,342,345,345,348
1,339,5,339,339,344,344,349,349,354
1,339,7,339,339,346,346,353,353,360
1,339,11,339,339,350,350,361,361,372
1,339,13,339,339,352,352,365,365,378
1,339,17,339,339,356,356,373,373,390
1,339,19,339,339,358,358,377,377,396
1,340,2,340,340,342,342,344,344,346
1,340,3,340,340,343,343,346,346,349
1,340,5,340,340,345,345,350,350,355
1,340,7,340,340,347,347,354,354,361
1,340,11,340,340,351,351,362,362,373
1,340,13,340,340,353,353,366,366,379
1,340,17,340,340,357,357,374,374,391
1,340,19,340,340,359,359,378,378,397
1,341,2,341,341,343,343,345,345,347
1,341,3,341,341,344,344,347,347,350
1,341,5,341,341,346,346,351,351,356
1,341,7,341,341,348,348,355,355,362
1,341,11,341,341,352,352,363,363,374
1,341,13,341,341,354,354,367,367,380
1,341,17,341,341,358,358,375,375,392
1,341,19,341,341,360,360,379,379,398
1,342,2,342,342,344,344,346,346,348
1,342,3,342,342,345,345,348,348,351
1,342,5,342,342,347,347,352,352,357
1,342,7,342,342,349,349,356,356,363
1,342,11,342,342,353,353,364,364,375
1,342,13,342,342,355,355,368,368,381
1,342,17,342,342,359,359,376,376,393
1,342,19,342,342,361,361,380,380,399
1,343,2,343,343,345,345,347,347,349
1,343,3,343,343,346,346,349,349,352
1,343,5,343,343,348,348,353,353,358
1,343,7,343,343,350,350,357,357,364
1,343,11,343,343,354,354,365,365,376
1,343,13,343,343,356,356,369,369,382
1,343,17,343,343,360,360,377,377,394
1,343,19,343,343,362,362,381,381,400
1,344,2,344,344,346,346,348,348,350
1,344,3,344,344,347,347,350,350,353
1,344,5,344,344,349,349,354,354,359
1,344,7,344,344,351,351,358,358,365
1,344,11,344,344,355,355,366,366,377
1,344,13,344,344,357,357,370,370,383
1,344,17,344,344,361,361,378,378,395
1,344,19,344,344,363,363,382,382,401
1,345,2,345,345,347,347,349,349,351
1,345,3,345,345,348,348,351,351,354
1,345,5,345,345,350,350,355,355,360
1,345,7,345,345,352,352,359,359,366
1,345,11,345,345,356,356,367,367,378
1,345,13,345,345,358,358,371,371,384
1,345,17,345,345,362,362,379,379,396
1,345,19,345,345,364,364,383,383,402
1,346,2,346,346,348,348,350,350,352
1,346,3,346,346,349,349,352,352,355
1,346,5,346,346,351,351,356,356,361
1,346,7,346,346,353,353,360,360,367
1,346,11,346,346,357,357,368,368,379
1,346,13,346,346,359,359,372,372,385
1,346,17,346,346,363,363,380,380,397
1,346,19,346,346,365,365,384,384,403
1,347,2,347,347,349,349,351,351,353
1,347,3,347,347,350,350,353,353,356
1,347,5,347,347,352,352,357,357,362
1,347,7,347,347,354,354,361,361,368
1,347,11,347,347,358,358,369,369,380
1,347,13,347,347,360,360,373,373,386
1,347,17,347,347,364,364,381,381,398
1,347,19,347,347,366,366,385,385,404
1,348,2,348,348,350,350,352,352,354
1,348,3,348,348,351,351,354,354,357
1,348,5,348,348,353,353,358,358,363
1,348,7,348,348,355,355,362,362,369
1,348,11,348,348,359,359,370,370,381
1,348,13,348,348,361,361,374,374,387
1,348,17,348,348,365,365,382,382,399
1,348,19,348,348,367,367,386,386,405
1,349,2,349,349,351,351,353,353,355
1,349,3,349,349,352,352,355,355,358
1,349,5,349,349,354,354,359,359,364
1,349,7,349,349,356,356,363,363,370
1,349,11,349,349,360,360,371,371,382
1,349,13,349,349,362,362,375,375,388
1,349,17,349,349,366,366,383,383,400
1,349,19,349,349,368,368,387,387,406
1,350,2,350,350,352,352,354,354,356
1,350,3,350,350,353,353,356,356,359
1,350,5,350,350,355,355,360,360,365
1,350,7,350,350,357,357,364,364,371
1,350,11,350,350,361,361,372,372,383
1,350,13,350,350,363,363,376,376,389
1,350,17,350,350,367,367,384,384,401
1,350,19,350,350,369,369,388,388,407
1,351,2,351,351,353,353,355,355,357
1,351,3,351,351,354,354,357,357,360
1,351,5,351,351,356,356,361,361,366
1,351,7,351,351,358,358,365,365,372
1,351,11,351,351,362,362,373,373,384
1,351,13,351,351,364,364,377,377,390
1,351,17,351,351,368,368,385,385,402
1,351,19,351,351,370,370,389,389,408
1,352,2,352,352,354,354,356,356,358
1,352,3,352,352,355,355,358,358,361
1,352,5,352,352,357,357,362,362,367
1,352,7,352,352,359,359,366,366,373
1,352,11,352,352,363,363,374,374,385
1,352,13,352,352,365,365,378,378,391
1,352,17,352,352,369,369,386,386,403
1,352,19,352,352,371,371,390,390,409
1,353,2,353,353,355,355,357,357,359
1,353,3,353,353,356,356,359,359,362
1,353,5,353,353,358,358,363,363,368
1,353,7,353,353,360,360,367,367,374
1,353,11,353,353,364,364,375,375,386
1,353,13,353,353,366,366,379,379,392
1,353,17,353,353,370,370,387,387,404
1,353,19,353,353,372,372,391,391,410
1,354,2,354,354,356,356,358,358,360
1,354,3,354,354,357,357,360,360,363
1,354,5,354,354,359,359,364,364,369
1,354,7,354,354,361,361,368,368,375
1,354,11,354,354,365,365,376,376,387
1,354,13,354,354,367,367,380,380,393
1,354,17,354,354,371,371,388,388,405
1,354,19,354,354,373,373,392,392,411
1,355,2,355,355,357,357,359,359,361
1,355,3,355,355,358,358,361,361,364
1,355,5,355,355,360,360,365,365,370
1,355,7,355,355,362,362,369,369,376
1,355,11,355,355,366,366,377,377,388
1,355,13,355,355,368,368,381,381,394
1,355,17,355,355,372,372,389,389,406
1,355,19,355,355,374,374,393,393,412
1,356,2,356,356,358,358,360,360,362
1,356,3,356,356,359,359,362,362,365
1,356,5,356,356,361,361,366,366,371
1,356,7,356,356,363,363,370,370,377
1,356,11,356,356,367,367,378,378,389
1,356,13,356,356,369,369,382,382,395
1,356,17,356,356,373,373,390,390,407
1,356,19,356,356,375,375,394,394,413
1,357,2,357,357,359,359,361,361,363
1,357,3,357,357,360,360,363,363,366
1,357,5,357,357,362,362,367,367,372
1,357,7,357,357,364,364,371,371,378
1,357,11,357,357,368,368,379,379,390
1,357,13,357,357,370,370,383,383,396
1,357,17,357,357,374,374,391,391,408
1,357,19,357,357,376,376,395,395,414
1,358,2,358,358,360,360,362,362,364
1,358,3,358,358,361,361,364,364,367
1,358,5,358,358,363,363,368,368,373
1,358,7,358,358,365,365,372,372,379
1,358,11,358,358,369,369,380,380,391
1,358,13,358,358,371,371,384,384,397
1,358,17,358,358,375,375,392,392,409
1,358,19,358,358,377,377,396,396,415
1,359,2,359,359,361,361,363,363,365
1,359,3,359,359,362,362,365,365,368
1,359,5,359,359,364,364,369,369,374
1,359,7,359,359,366,366,373,373,380
1,359,11,359,359,370,370,381,381,392
1,359,13,359,359,372,372,385,385,398
1,359,17,359,359,376,376,393,393,410
1,359,19,359,359,378,378,397,397,416
1,360,2,360,360,362,362,364,364,366
1,360,3,360,360,363,363,366,366,369
1,360,5,360,360,365,365,370,370,375
1,360,7,360,360,367,367,374,374,381
1,360,11,360,360,371,371,382,382,393
1,360,13,360,360,373,373,386,386,399
1,360,17,360,360,377,377,394,394,411
1,360,19,360,360,379,379,398,398,417
1,361,2,361,361,363,363,365,365,367
1,361,3,361,361,364,364,367,367,370
1,361,5,361,361,366,366,371,371,376
1,361,7,361,361,368,368,375,375,382
1,361,11,361,361,372,372,383,383,394
1,361,13,361,361,374,374,387,387,400
1,361,17,361,361,378,378,395,395,412
1,361,19,361,361,380,380,399,399,418
1,362,2,362,362,364,364,366,366,368
1,362,3,362,362,365,365,368,368,371
1,362,5,362,362,367,367,372,372,377
1,362,7,362,362,369,369,376,376,383
1,362,11,362,362,373,373,384,384,395
1,362,13,362,362,375,375,388,388,401
1,362,17,362,362,379,379,396,396,413
1,362,19,362,362,381,381,400,400,419
1,363,2,363,363,365,365,367,367,369
1,363,3,363,363,366,366,369,369,372
1,363,5,363,363,368,368,373,373,378
1,363,7,363,363,370,370,377,377,384
1,363,11,363,363,374,374,385,385,396
1,363,13,363,363,376,376,389,389,402
1,363,17,363,363,380,380,397,397,414
1,363,19,363,363,382,382,401,401,420
1,364,2,364,364,366,366,368,368,370
1,364,3,364,364,367,367,370,370,373
1,364,5,364,364,369,369,374,374,379
1,364,7,364,364,371,371,378,378,385
1,364,11,364,364,375,375,386,386,397
1,364,13,364,364,377,377,390,390,403
1,364,17,364,364,381,381,398,398,415
1,364,19,364,364,383,383,402,402,421
1,365,2,365,365,367,367,369,369,371
1,365,3,365,365,368,368,371,371,374
1,365,5,365,365,370,370,375,375,380
1,365,7,365,365,372,372,379,379,386
1,365,11,365,365,376,376,387,387,398
1,365,13,365,365,378,378,391,391,404
1,365,17,365,365,382,382,399,399,416
1,365,19,365,365,384,384,403,403,422
1,366,2,366,366,368,368,370,370,372
1,366,3,366,366,369,369,372,372,375
1,366,5,366,366,371,371,376,376,381
1,366,7,366,366,373,373,380,380,387
1,366,11,366,366,377,377,388,388,399
1,366,13,366,366,379,379,392,392,405
1,366,17,366,366,383,383,400,400,417
1,366,19,366,366,385,385,404,404,423
1,367,2,367,367,369,369,371,371,373
1,367,3,367,367,370,370,373,373,376
1,367,5,367,367,372,372,377,377,382
1,367,7,367,367,374,374,381,381,388
1,367,11,367,367,378,378,389,389,400
1,367,13,367,367,380,380,393,393,406
1,367,17,367,367,384,384,401,401,418
1,367,19,367,367,386,386,405,405,424
1,368,2,368,368,370,370,372,372,374
1,368,3,368,368,371,371,374,374,377
1,368,5,368,368,373,373,378,378,383
1,368,7,368,368,375,375,382,382,389
1,368,11,368,368,379,379,390,390,401
1,368,13,368,368,381,381,394,394,407
1,368,17,368,368,385,385,402,402,419
1,368,19,368,368,387,387,406,406,425
1,369,2,369,369,371,371,373,373,375
1,369,3,369,369,372,372,375,375,378
1,369,5,369,369,374,374,379,379,384
1,369,7,369,369,376,376,383,383,390
1,369,11,369,369,380,380,391,391,402
1,369,13,369,369,382,382,395,395,408
1,369,17,369,369,386,386,403,403,420
1,369,19,369,369,388,388,407,407,426
1,370,2,370,370,372,372,374,374,376
1,370,3,370,370,373,373,376,376,379
1,370,5,370,370,375,375,380,380,385
1,370,7,370,370,377,377,384,384,391
1,370,11,370,370,381,381,392,392,403
1,370,13,370,370,383,383,396,396,409
1,370,17,370,370,387,387,404,404,421
1,370,19,370,370,389,389,408,408,427
1,371,2,371,371,373,373,375,375,377
1,371,3,371,371,374,374,377,377,380
1,371,5,371,371,376,376,381,381,386
1,371,7,371,371,378,378,385,385,392
1,371,11,371,371,382,382,393,393,404
1,371,13,371,371,384,384,397,397,410
1,371,17,371,371,388,388,405,405,422
1,371,19,371,371,390,390,409,409,428
1,372,2,372,372,374,374,376,376,378
1,372,3,372,372,375,375,378,378,381
1,372,5,372,372,377,377,382,382,387
1,372,7,372,372,379,379,386,386,393
1,372,11,372,372,383,383,394,394,405
1,372,13,372,372,385,385,398,398,411
1,372,17,372,372,389,389,406,406,423
1,372,19,372,372,391,391,410,410,429
1,373,2,373,373,375,375,377,377,379
1,373,3,373,373,376,376,379,379,382
1,373,5,373,373,378,378,383,383,388
1,373,7,373,373,380,380,387,387,394
1,373,11,373,373,384,384,395,395,406
1,373,13,373,373,386,386,399,399,412
1,373,17,373,373,390,390,407,407,424
1,373,19,373,373,392,392,411,411,430
1,374,2,374,374,376,376,378,378,380
1,374,3,374,374,377,377,380,380,383
1,374,5,374,374,379,379,384,384,389
1,374,7,374,374,381,381,388,388,395
1,374,11,374,374,385,385,396,396,407
1,374,13,374,374,387,387,400,400,413
1,374,17,374,374,391,391,408,408,425
1,374,19,374,374,393,393,412,412,431
1,375,2,375,375,377,377,379,379,381
1,375,3,375,375,378,378,381,381,384
1,375,5,375,375,380,380,385,385,390
1,375,7,375,375,382,382,389,389,396
1,375,11,375,375,386,386,397,397,408
1,375,13,375,375,388,388,401,401,414
1,375,17,375,375,392,392,409,409,426
1,375,19,375,375,394,394,413,413,432
1,376,2,376,376,378,378,380,380,382
1,376,3,376,376,379,379,382,382,385
1,376,5,376,376,381,381,386,386,391
1,376,7,376,376,383,383,390,390,397
1,376,11,376,376,387,387,398,398,409
1,376,13,376,376,389,389,402,402,415
1,376,17,376,376,393,393,410,410,427
1,376,19,376,376,395,395,414,414,433
1,377,2,377,377,379,379,381,381,383
1,377,3,377,377,380,380,383,383,386
1,377,5,377,377,382,382,387,387,392
1,377,7,377,377,384,384,391,391,398
1,377,11,377,377,388,388,399,399,410
1,377,13,377,377,390,390,403,403,416
1,377,17,377,377,394,394,411,411,428
1,377,19,377,377,396,396,415,415,434
1,378,2,378,378,380,380,382,382,384
1,378,3,378,378,381,381,384,384,387
1,378,5,378,378,383,383,388,388,393
1,378,7,378,378,385,385,392,392,399
1,378,11,378,378,389,389,400,400,411
1,378,13,378,378,391,391,404,404,417
1,378,17,378,378,395,395,412,412,429
1,378,19,378,378,397,397,416,416,435
1,379,2,379,379,381,381,383,383,385
1,379,3,379,379,382,382,385,385,388
1,379,5,379,379,384,384,389,389,394
1,379,7,379,379,386,386,393,393,400
1,379,11,379,379,390,390,401,401,412
1,379,13,379,379,392,392,405,405,418
1,379,17,379,379,396,396,413,413,430
1,379,19,379,379,398,398,417,417,436
1,380,2,380,380,382,382,384,384,386
1,380,3,380,380,383,383,386,386,389
1,380,5,380,380,385,385,390,390,395
1,380,7,380,380,387,387,394,394,401
1,380,11,380,380,391,391,402,402,413
1,380,13,380,380,393,393,406,406,419
1,380,17,380,380,397,397,414,414,431
1,380,19,380,380,399,399,418,418,437
1,381,2,381,381,383,383,385,385,387
1,381,3,381,381,384,384,387,387,390
1,381,5,381,381,386,386,391,391,396
1,381,7,381,381,388,388,395,395,402
1,381,11,381,381,392,392,403,403,414
1,381,13,381,381,394,394,407,407,420
1,381,17,381,381,398,398,415,415,432
1,381,19,381,381,400,400,419,419,438
1,382,2,382,382,384,384,386,386,388
1,382,3,382,382,385,385,388,388,391
1,382,5,382,382,387,387,392,392,397
1,382,7,382,382,389,389,396,396,403
1,382,11,382,382,393,393,404,404,415
1,382,13,382,382,395,395,408,408,421
1,382,17,382,382,399,399,416,416,433
1,382,19,382,382,401,401,420,420,439
1,383,2,383,383,385,385,387,387,389
1,383,3,383,383,386,386,389,389,392
1,383,5,383,383,388,388,393,393,398
1,383,7,383,383,390,390,397,397,404
1,383,11,383,383,394,394,405,405,416
1,383,13,383,383,396,396,409,409,422
1,383,17,383,383,400,400,417,417,434
1,383,19,383,383,402,402,421,421,440
1,384,2,384,384,386,386,388,388,390
1,384,3,384,384,387,387,390,390,393
1,384,5,384,384,389,389,394,394,399
1,384,7,384,384,391,391,398,398,405
1,384,11,384,384,395,395,406,406,417
1,384,13,384,384,397,397,410,410,423
1,384,17,384,384,401,401,418,418,435
1,384,19,384,384,403,403,422,422,441
1,385,2,385,385,387,387,389,389,391
1,385,3,385,385,388,388,391,391,394
1,385,5,385,385,390,390,395,395,400
1,385,7,385,385,392,392,399,399,406
1,385,11,385,385,396,396,407,407,418
1,385,13,385,385,398,398,411,411,424
1,385,17,385,385,402,402,419,419,436
1,385,19,385,385,404,404,423,423,442
1,386,2,386,386,388,388,390,390,392
1,386,3,386,386,389,389,392,392,395
1,386,5,386,386,391,391,396,396,401
1,386,7,386,386,393,393,400,400,407
1,386,11,386,386,397,397,408,408,419
1,386,13,386,386,399,399,412,412,425
1,386,17,386,386,403,403,420,420,437
1,386,19,386,386,405,405,424,424,443
1,387,2,387,387,389,389,391,391,393
1,387,3,387,387,390,390,393,393,396
1,387,5,387,387,392,392,397,397,402
1,387,7,387,387,394,394,401,401,408
1,387,11,387,387,398,398,409,409,420
1,387,13,387,387,400,400,413,413,426
1,387,17,387,387,404,404,421,421,438
1,387,19,387,387,406,406,425,425,444
1,388,2,388,388,390,390,392,392,394
1,388,3,388,388,391,391,394,394,397
1,388,5,388,388,393,393,398,398,403
1,388,7,388,388,395,395,402,402,409
1,388,11,388,388,399,399,410,410,421
1,388,13,388,388,401,401,414,414,427
1,388,17,388,388,405,405,422,422,439
1,388,19,388,388,407,407,426,426,445
1,389,2,389,389,391,391,393,393,395
1,389,3,389,389,392,392,395,395,398
1,389,5,389,389,394,394,399,399,404
1,389,7,389,389,396,396,403,403,410
1,389,11,389,389,400,400,411,411,422
1,389,13,389,389,402,402,415,415,428
1,389,17,389,389,406,406,423,423,440
1,389,19,389,389,408,408,427,427,446
1,390,2,390,390,392,392,394,394,396
1,390,3,390,390,393,393,396,396,399
1,390,5,390,390,395,395,400,400,405
1,390,7,390,390,397,397,404,404,411
1,390,11,390,390,401,401,412,412,423
1,390,13,390,390,403,403,416,416,429
1,390,17,390,390,407,407,424,424,441
1,390,19,390,390,409,409,428,428,447
1,391,2,391,391,393,393,395,395,397
1,391,3,391,391,394,394,397,397,400
1,391,5,391,391,396,396,401,401,406
1,391,7,391,391,398,398,405,405,412
1,391,11,391,391,402,402,413,413,424
1,391,13,391,391,404,404,417,417,430
1,391,17,391,391,408,408,425,425,442
1,391,19,391,391,410,410,429,429,448
1,392,2,392,392,394,394,396,396,398
1,392,3,392,392,395,395,398,398,401
1,392,5,392,392,397,397,402,402,407
1,392,7,392,392,399,399,406,406,413
1,392,11,392,392,403,403,414,414,425
1,392,13,392,392,405,405,418,418,431
1,392,17,392,392,409,409,426,426,443
1,392,19,392,392,411,411,430,430,449
1,393,2,393,393,395,395,397,397,399
1,393,3,393,393,396,396,399,399,402
1,393,5,393,393,398,398,403,403,408
1,393,7,393,393,400,400,407,407,414
1,393,11,393,393,404,404,415,415,426
1,393,13,393,393,406,406,419,419,432
1,393,17,393,393,410,410,427,427,444
1,393,19,393,393,412,412,431,431,450
1,394,2,394,394,396,396,398,398,400
1,394,3,394,394,397,397,400,400,403
1,394,5,394,394,399,399,404,404,409
1,394,7,394,394,401,401,408,408,415
1,394,11,394,394,405,405,416,416,427
1,394,13,394,394,407,407,420,420,433
1,394,17,394,394,411,411,428,428,445
1,394,19,394,394,413,413,432,432,451
1,395,2,395,395,397,397,399,399,401
1,395,3,395,395,398,398,401,401,404
1,395,5,395,395,400,400,405,405,410
1,395,7,395,395,402,402,409,409,416
1,395,11,395,395,406,406,417,417,428
1,395,13,395,395,408,408,421,421,434
1,395,17,395,395,412,412,429,429,446
1,395,19,395,395,414,414,433,433,452
1,396,2,396,396,398,398,400,400,402
1,396,3,396,396,399,399,402,402,405
1,396,5,396,396,401,401,406,406,411
1,396,7,396,396,403,403,410,410,417
1,396,11,396,396,407,407,418,418,429
1,396,13,396,396,409,409,422,422,435
1,396,17,396,396,413,413,430,430,447
1,396,19,396,396,415,415,434,434,453
1,397,2,397,397,399,399,401,401,403
1,397,3,397,397,400,400,403,403,406
1,397,5,397,397,402,402,407,407,412
1,397,7,397,397,404,404,411,411,418
1,397,11,397,397,408,408,419,419,430
1,397,13,397,397,410,410,423,423,436
1,397,17,397,397,414,414,431,431,448
1,397,19,397,397,416,416,435,435,454
1,398,2,398,398,400,400,402,402,404
1,398,3,398,398,401,401,404,404,407
1,398,5,398,398,403,403,408,408,413
1,398,7,398,398,405,405,412,412,419
1,398,11,398,398,409,409,420,420,431
1,398,13,398,398,411,411,424,424,437
1,398,17,398,398,415,415,432,432,449
1,398,19,398,398,417,417,436,436,455
1,399,2,399,399,401,401,403,403,405
1,399,3,399,399,402,402,405,405,408
1,399,5,399,399,404,404,409,409,414
1,399,7,399,399,406,406,413,413,420
1,399,11,399,399,410,410,421,421,432
1,399,13,399,399,412,412,425,425,438
1,399,17,399,399,416,416,433,433,450
1,399,19,399,399,418,418,437,437,456
1,400,2,400,400,402,402,404,404,406
1,400,3,400,400,403,403,406,406,409
1,400,5,400,400,405,405,410,410,415
1,400,7,400,400,407,407,414,414,421
1,400,11,400,400,411,411,422,422,433
1,400,13,400,400,413,413,426,426,439
1,400,17,400,400,417,417,434,434,451
1,400,19,400,400,419,419,438,438,457
1,401,2,401,401,403,403,405,405,407
1,401,3,401,401,404,404,407,407,410
1,401,5,401,401,406,406,411,411,416
1,401,7,401,401,408,408,415,415,422
1,401,11,401,401,412,412,423,423,434
1,401,13,401,401,414,414,427,427,440
1,401,17,401,401,418,418,435,435,452
1,401,19,401,401,420,420,439,439,458
1,402,2,402,402,404,404,406,406,408
1,402,3,402,402,405,405,408,408,411
1,402,5,402,402,407,407,412,412,417
1,402,7,402,402,409,409,416,416,423
1,402,11,402,402,413,413,424,424,435
1,402,13,402,402,415,415,428,428,441
1,402,17,402,402,419,419,436,436,453
1,402,19,402,402,421,421,440,440,459
1,403,2,403,403,405,405,407,407,409
1,403,3,403,403,406,406,409,409,412
1,403,5,403,403,408,408,413,413,418
1,403,7,403,403,410,410,417,417,424
1,403,11,403,403,414,414,425,425,436
1,403,13,403,403,416,416,429,429,442
1,403,17,403,403,420,420,437,437,454
1,403,19,403,403,422,422,441,441,460
1,404,2,404,404,406,406,408,408,410
1,404,3,404,404,407,407,410,410,413
1,404,5,404,404,409,409,414,414,419
1,404,7,404,404,411,411,418,418,425
1,404,11,404,404,415,415,426,426,437
1,404,13,404,404,417,417,430,430,443
1,404,17,404,404,421,421,438,438,455
1,404,19,404,404,423,423,442,442,461
1,405,2,405,405,407,407,409,409,411
1,405,3,405,405,408,408,411,411,414
1,405,5,405,405,410,410,415,415,420
1,405,7,405,405,412,412,419,419,426
1,405,11,405,405,416,416,427,427,438
1,405,13,405,405,418,418,431,431,444
1,405,17,405,405,422,422,439,439,456
1,405,19,405,405,424,424,443,443,462
1,406,2,406,406,408,408,410,410,412
1,406,3,406,406,409,409,412,412,415
1,406,5,406,406,411,411,416,416,421
1,406,7,406,406,413,413,420,420,427
1,406,11,406,406,417,417,428,428,439
1,406,13,406,406,419,419,432,432,445
1,406,17,406,406,423,423,440,440,457
1,406,19,406,406,425,425,444,444,463
1,407,2,407,407,409,409,411,411,413
1,407,3,407,407,410,410,413,413,416
1,407,5,407,407,412,412,417,417,422
1,407,7,407,407,414,414,421,421,428
1,407,11,407,407,418,418,429,429,440
1,407,13,407,407,420,420,433,433,446
1,407,17,407,407,424,424,441,441,458
1,407,19,407,407,426,426,445,445,464
1,408,2,408,408,410,410,412,412,414
1,408,3,408,408,411,411,414,414,417
1,408,5,408,408,413,413,418,418,423
1,408,7,408,408,415,415,422,422,429
1,408,11,408,408,419,419,430,430,441
1,408,13,408,408,421,421,434,434,447
1,408,17,408,408,425,425,442,442,459
1,408,19,408,408,427,427,446,446,465
1,409,2,409,409,411,411,413,413,415
1,409,3,409,409,412,412,415,415,418
1,409,5,409,409,414,414,419,419,424
1,409,7,409,409,416,416,423,423,430
1,409,11,409,409,420,420,431,431,442
1,409,13,409,409,422,422,435,435,448
1,409,17,409,409,426,426,443,443,460
1,409,19,409,409,428,428,447,447,466
1,410,2,410,410,412,412,414,414,416
1,410,3,410,410,413,413,416,416,419
1,410,5,410,410,415,415,420,420,425
1,410,7,410,410,417,417,424,424,431
1,410,11,410,410,421,421,432,432,443
1,410,13,410,410,423,423,436,436,449
1,410,17,410,410,427,427,444,444,461
1,410,19,410,410,429,429,448,448,467
1,411,2,411,411,413,413,415,415,417
1,411,3,411,411,414,414,417,417,420
1,411,5,411,411,416,416,421,421,426
1,411,7,411,411,418,418,425,425,432
1,411,11,411,411,422,422,433,433,444
1,411,13,411,411,424,424,437,437,450
1,411,17,411,411,428,428,445,445,462
1,411,19,411,411,430,430,449,449,468
1,412,2,412,412,414,414,416,416,418
1,412,3,412,412,415,415,418,418,421
1,412,5,412,412,417,417,422,422,427
1,412,7,412,412,419,419,426,426,433
1,412,11,412,412,423,423,434,434,445
1,412,13,412,412,425,425,438,438,451
1,412,17,412,412,429,429,446,446,463
1,412,19,412,412,431,431,450,450,469
1,413,2,413,413,415,415,417,417,419
1,413,3,413,413,416,416,419,419,422
1,413,5,413,413,418,418,423,423,428
1,413,7,413,413,420,420,427,427,434
1,413,11,413,413,424,424,435,435,446
1,413,13,413,413,426,426,439,439,452
1,413,17,413,413,430,430,447,447,464
1,413,19,413,413,432,432,451,451,470
1,414,2,414,414,416,416,418,418,420
1,414,3,414,414,417,417,420,420,423
1,414,5,414,414,419,419,424,424,429
1,414,7,414,414,421,421,428,428,435
1,414,11,414,414,425,425,436,436,447
1,414,13,414,414,427,427,440,440,453
1,414,17,414,414,431,431,448,448,465
1,414,19,414,414,433,433,452,452,471
1,415,2,415,415,417,417,419,419,421
1,415,3,415,415,418,418,421,421,424
1,415,5,415,415,420,420,425,425,430
1,415,7,415,415,422,422,429,429,436
1,415,11,415,415,426,426,437,437,448
1,415,13,415,415,428,428,441,441,454
1,415,17,415,415,432,432,449,449,466
1,415,19,415,415,434,434,453,453,472
1,416,2,416,416,418,418,420,420,422
1,416,3,416,416,419,419,422,422,425
1,416,5,416,416,421,421,426,426,431
1,416,7,416,416,423,423,430,430,437
1,416,11,416,416,427,427,438,438,449
1,416,13,416,416,429,429,442,442,455
1,416,17,416,416,433,433,450,450,467
1,416,19,416,416,435,435,454,454,473
1,417,2,417,417,419,419,421,421,423
1,417,3,417,417,420,420,423,423,426
1,417,5,417,417,422,422,427,427,432
1,417,7,417,417,424,424,431,431,438
1,417,11,417,417,428,428,439,439,450
1,417,13,417,417,430,430,443,443,456
1,417,17,417,417,434,434,451,451,468
1,417,19,417,417,436,436,455,455,474
1,418,2,418,418,420,420,422,422,424
1,418,3,418,418,421,421,424,424,427
1,418,5,418,418,423,423,428,428,433
1,418,7,418,418,425,425,432,432,439
1,418,11,418,418,429,429,440,440,451
1,418,13,418,418,431,431,444,444,457
1,418,17,418,418,435,435,452,452,469
1,418,19,418,418,437,437,456,456,475
1,419,2,419,419,421,421,423,423,425
1,419,3,419,419,422,422,425,425,428
1,419,5,419,419,424,424,429,429,434
1,419,7,419,419,426,426,433,433,440
1,419,11,419,419,430,430,441,441,452
1,419,13,419,419,432,432,445,445,458
1,419,17,419,419,436,436,453,453,470
1,419,19,419,419,438,438,457,457,476
1,420,2,420,420,422,422,424,424,426
1,420,3,420,420,423,423,426,426,429
1,420,5,420,420,425,425,430,430,435
1,420,7,420,420,427,427,434,434,441
1,420,11,420,420,431,431,442,442,453
1,420,13,420,420,433,433,446,446,459
1,420,17,420,420,437,437,454,454,471
1,420,19,420,420,439,439,458,458,477
1,421,2,421,421,423,423,425,425,427
1,421,3,421,421,424,424,427,427,430
1,421,5,421,421,426,426,431,431,436
1,421,7,421,421,428,428,435,435,442
1,421,11,421,421,432,432,443,443,454
1,421,13,421,421,434,434,447,447,460
1,421,17,421,421,438,438,455,455,472
1,421,19,421,421,440,440,459,459,478
1,422,2,422,422,424,424,426,426,428
1,422,3,422,422,425,425,428,428,431
1,422,5,422,422,427,427,432,432,437
1,422,7,422,422,429,429,436,436,443
1,422,11,422,422,433,433,444,444,455
1,422,13,422,422,435,435,448,448,461
1,422,17,422,422,439,439,456,456,473
1,422,19,422,422,441,441,460,460,479
1,423,2,423,423,425,425,427,427,429
1,423,3,423,423,426,426,429,429,432
1,423,5,423,423,428,428,433,433,438
1,423,7,423,423,430,430,437,437,444
1,423,11,423,423,434,434,445,445,456
1,423,13,423,423,436,436,449,449,462
1,423,17,423,423,440,440,457,457,474
1,423,19,423,423,442,442,461,461,480
1,424,2,424,424,426,426,428,428,430
1,424,3,424,424,427,427,430,430,433
1,424,5,424,424,429,429,434,434,439
1,424,7,424,424,431,431,438,438,445
1,424,11,424,424,435,435,446,446,457
1,424,13,424,424,437,437,450,450,463
1,424,17,424,424,441,441,458,458,475
1,424,19,424,424,443,443,462,462,481
1,425,2,425,425,427,427,429,429,431
1,425,3,425,425,428,428,431,431,434
1,425,5,425,425,430,430,435,435,440
1,425,7,425,425,432,432,439,439,446
1,425,11,425,425,436,436,447,447,458
1,425,13,425,425,438,438,451,451,464
1,425,17,425,425,442,442,459,459,476
1,425,19,425,425,444,444,463,463,482
1,426,2,426,426,428,428,430,430,432
1,426,3,426,426,429,429,432,432,435
1,426,5,426,426,431,431,436,436,441
1,426,7,426,426,433,433,440,440,447
1,426,11,426,426,437,437,448,448,459
1,426,13,426,426,439,439,452,452,465
1,426,17,426,426,443,443,460,460,477
1,426,19,426,426,445,445,464,464,483
1,427,2,427,427,429,429,431,431,433
1,427,3,427,427,430,430,433,433,436
1,427,5,427,427,432,432,437,437,442
1,427,7,427,427,434,434,441,441,448
1,427,11,427,427,438,438,449,449,460
1,427,13,427,427,440,440,453,453,466
1,427,17,427,427,444,444,461,461,478
1,427,19,427,427,446,446,465,465,484
1,428,2,428,428,430,430,432,432,434
1,428,3,428,428,431,431,434,434,437
1,428,5,428,428,433,433,438,438,443
1,428,7,428,428,435,435,442,442,449
1,428,11,428,428,439,439,450,450,461
1,428,13,428,428,441,441,454,454,467
1,428,17,428,428,445,445,462,462,479
1,428,19,428,428,447,447,466,466,485
1,429,2,429,429,431,431,433,433,435
1,429,3,429,429,432,432,435,435,438
1,429,5,429,429,434,434,439,439,444
1,429,7,429,429,436,436,443,443,450
1,429,11,429,429,440,440,451,451,462
1,429,13,429,429,442,442,455,455,468
1,429,17,429,429,446,446,463,463,480
1,429,19,429,429,448,448,467,467,486
1,430,2,430,430,432,432,434,434,436
1,430,3,430,430,433,433,436,436,439
1,430,5,430,430,435,435,440,440,445
1,430,7,430,430,437,437,444,444,451
1,430,11,430,430,441,441,452,452,463
1,430,13,430,430,443,443,456,456,469
1,430,17,430,430,447,447,464,464,481
1,430,19,430,430,449,449,468,468,487
1,431,2,431,431,433,433,435,435,437
1,431,3,431,431,434,434,437,437,440
1,431,5,431,431,436,436,441,441,446
1,431,7,431,431,438,438,445,445,452
1,431,11,431,431,442,442,453,453,464
1,431,13,431,431,444,444,457,457,470
1,431,17,431,431,448,448,465,465,482
1,431,19,431,431,450,450,469,469,488
1,432,2,432,432,434,434,436,436,438
1,432,3,432,432,435,435,438,438,441
1,432,5,432,432,437,437,442,442,447
1,432,7,432,432,439,439,446,446,453
1,432,11,432,432,443,443,454,454,465
1,432,13,432,432,445,445,458,458,471
1,432,17,432,432,449,449,466,466,483
1,432,19,432,432,451,451,470,470,489
1,433,2,433,433,435,435,437,437,439
1,433,3,433,433,436,436,439,439,442
1,433,5,433,433,438,438,443,443,448
1,433,7,433,433,440,440,447,447,454
1,433,11,433,433,444,444,455,455,466
1,433,13,433,433,446,446,459,459,472
1,433,17,433,433,450,450,467,467,484
1,433,19,433,433,452,452,471,471,490
1,434,2,434,434,436,436,438,438,440
1,434,3,434,434,437,437,440,440,443
1,434,5,434,434,439,439,444,444,449
1,434,7,434,434,441,441,448,448,455
1,434,11,434,434,445,445,456,456,467
1,434,13,434,434,447,447,460,460,473
1,434,17,434,434,451,451,468,468,485
1,434,19,434,434,453,453,472,472,491
1,435,2,435,435,437,437,439,439,441
1,435,3,435,435,438,438,441,441,444
1,435,5,435,435,440,440,445,445,450
1,435,7,435,435,442,442,449,449,456
1,435,11,435,435,446,446,457,457,468
1,435,13,435,435,448,448,461,461,474
1,435,17,435,435,452,452,469,469,486
1,435,19,435,435,454,454,473,473,492
1,436,2,436,436,438,438,440,440,442
1,436,3,436,436,439,439,442,442,445
1,436,5,436,436,441,441,446,446,451
1,436,7,436,436,443,443,450,450,457
1,436,11,436,436,447,447,458,458,469
1,436,13,436,436,449,449,462,462,475
1,436,17,436,436,453,453,470,470,487
1,436,19,436,436,455,455,474,474,493
1,437,2,437,437,439,439,441,441,443
1,437,3,437,437,440,440,443,443,446
1,437,5,437,437,442,442,447,447,452
1,437,7,437,437,444,444,451,451,458
1,437,11,437,437,448,448,459,459,470
1,437,13,437,437,450,450,463,463,476
1,437,17,437,437,454,454,471,471,488
1,437,19,437,437,456,456,475,475,494
1,438,2,438,438,440,440,442,442,444
1,438,3,438,438,441,441,444,444,447
1,438,5,438,438,443,443,448,448,453
1,438,7,438,438,445,445,452,452,459
1,438,11,438,438,449,449,460,460,471
1,438,13,438,438,451,451,464,464,477
1,438,17,438,438,455,455,472,472,489
1,438,19,438,438,457,457,476,476,495
1,439,2,439,439,441,441,443,443,445
1,439,3,439,439,442,442,445,445,448
1,439,5,439,439,444,444,449,449,454
1,439,7,439,439,446,446,453,453,460
1,439,11,439,439,450,450,461,461,472
1,439,13,439,439,452,452,465,465,478
1,439,17,439,439,456,456,473,473,490
1,439,19,439,439,458,458,477,477,496
1,440,2,440,440,442,442,444,444,446
1,440,3,440,440,443,443,446,446,449
1,440,5,440,440,445,445,450,450,455
1,440,7,440,440,447,447,454,454,461
1,440,11,440,440,451,451,462,462,473
1,440,13,440,440,453,453,466,466,479
1,440,17,440,440,457,457,474,474,491
1,440,19,440,440,459,459,478,478,497
1,441,2,441,441,443,443,445,445,447
1,441,3,441,441,444,444,447,447,450
1,441,5,441,441,446,446,451,451,456
1,441,7,441,441,448,448,455,455,462
1,441,11,441,441,452,452,463,463,474
1,441,13,441,441,454,454,467,467,480
1,441,17,441,441,458,458,475,475,492
1,441,19,441,441,460,460,479,479,498
1,442,2,442,442,444,444,446,446,448
1,442,3,442,442,445,445,448,448,451
1,442,5,442,442,447,447,452,452,457
1,442,7,442,442,449,449,456,456,463
1,442,11,442,442,453,453,464,464,475
1,442,13,442,442,455,455,468,468,481
1,442,17,442,442,459,459,476,476,493
1,442,19,442,442,461,461,480,480,499
1,443,2,443,443,445,445,447,447,449
1,443,3,443,443,446,446,449,449,452
1,443,5,443,443,448,448,453,453,458
1,443,7,443,443,450,450,457,457,464
1,443,11,443,443,454,454,465,465,476
1,443,13,443,443,456,456,469,469,482
1,443,17,443,443,460,460,477,477,494
1,443,19,443,443,462,462,481,481,500
1,444,2,444,444,446,446,448,448,450
1,444,3,444,444,447,447,450,450,453
1,444,5,444,444,449,449,454,454,459
1,444,7,444,444,451,451,458,458,465
1,444,11,444,444,455,455,466,466,477
1,444,13,444,444,457,457,470,470,483
1,444,17,444,444,461,461,478,478,495
1,444,19,444,444,463,463,482,482,501
1,445,2,445,445,447,447,449,449,451
1,445,3,445,445,448,448,451,451,454
1,445,5,445,445,450,450,455,455,460
1,445,7,445,445,452,452,459,459,466
1,445,11,445,445,456,456,467,467,478
1,445,13,445,445,458,458,471,471,484
1,445,17,445,445,462,462,479,479,496
1,445,19,445,445,464,464,483,483,502
1,446,2,446,446,448,448,450,450,452
1,446,3,446,446,449,449,452,452,455
1,446,5,446,446,451,451,456,456,461
1,446,7,446,446,453,453,460,460,467
1,446,11,446,446,457,457,468,468,479
1,446,13,446,446,459,459,472,472,485
1,446,17,446,446,463,463,480,480,497
1,446,19,446,446,465,465,484,484,503
1,447,2,447,447,449,449,451,451,453
1,447,3,447,447,450,450,453,453,456
1,447,5,447,447,452,452,457,457,462
1,447,7,447,447,454,454,461,461,468
1,447,11,447,447,458,458,469,469,480
1,447,13,447,447,460,460,473,473,486
1,447,17,447,447,464,464,481,481,498
1,447,19,447,447,466,466,485,485,504
1,448,2,448,448,450,450,452,452,454
1,448,3,448,448,451,451,454,454,457
1,448,5,448,448,453,453,458,458,463
1,448,7,448,448,455,455,462,462,469
1,448,11,448,448,459,459,470,470,481
1,448,13,448,448,461,461,474,474,487
1,448,17,448,448,465,465,482,482,499
1,448,19,448,448,467,467,486,486,505
1,449,2,449,449,451,451,453,453,455
1,449,3,449,449,452,452,455,455,458
1,449,5,449,449,454,454,459,459,464
1,449,7,449,449,456,456,463,463,470
1,449,11,449,449,460,460,471,471,482
1,449,13,449,449,462,462,475,475,488
1,449,17,449,449,466,466,483,483,500
1,449,19,449,449,468,468,487,487,506
1,450,2,450,450,452,452,454,454,456
1,450,3,450,450,453,453,456,456,459
1,450,5,450,450,455,455,460,460,465
1,450,7,450,450,457,457,464,464,471
1,450,11,450,450,461,461,472,472,483
1,450,13,450,450,463,463,476,476,489
1,450,17,450,450,467,467,484,484,501
1,450,19,450,450,469,469,488,488,507
1,451,2,451,451,453,453,455,455,457
1,451,3,451,451,454,454,457,457,460
1,451,5,451,451,456,456,461,461,466
1,451,7,451,451,458,458,465,465,472
1,451,11,451,451,462,462,473,473,484
1,451,13,451,451,464,464,477,477,490
1,451,17,451,451,468,468,485,485,502
1,451,19,451,451,470,470,489,489,508
1,452,2,452,452,454,454,456,456,458
1,452,3,452,452,455,455,458,458,461
1,452,5,452,452,457,457,462,462,467
1,452,7,452,452,459,459,466,466,473
1,452,11,452,452,463,463,474,474,485
1,452,13,452,452,465,465,478,478,491
1,452,17,452,452,469,469,486,486,503
1,452,19,452,452,471,471,490,490,509
1,453,2,453,453,455,455,457,457,459
1,453,3,453,453,456,456,459,459,462
1,453,5,453,453,458,458,463,463,468
1,453,7,453,453,460,460,467,467,474
1,453,11,453,453,464,464,475,475,486
1,453,13,453,453,466,466,479,479,492
1,453,17,453,453,470,470,487,487,504
1,453,19,453,453,472,472,491,491,510
1,454,2,454,454,456,456,458,458,460
1,454,3,454,454,457,457,460,460,463
1,454,5,454,454,459,459,464,464,469
1,454,7,454,454,461,461,468,468,475
1,454,11,454,454,465,465,476,476,487
1,454,13,454,454,467,467,480,480,493
1,454,17,454,454,471,471,488,488,505
1,454,19,454,454,473,473,492,492,511
1,455,2,455,455,457,457,459,459,461
1,455,3,455,455,458,458,461,461,464
1,455,5,455,455,460,460,465,465,470
1,455,7,455,455,462,462,469,469,476
1,455,11,455,455,466,466,477,477,488
1,455,13,455,455,468,468,481,481,494
1,455,17,455,455,472,472,489,489,506
1,455,19,455,455,474,474,493,493,512
1,456,2,456,456,458,458,460,460,462
1,456,3,456,456,459,459,462,462,465
1,456,5,456,456,461,461,466,466,471
1,456,7,456,456,463,463,470,470,477
1,456,11,456,456,467,467,478,478,489
1,456,13,456,456,469,469,482,482,495
1,456,17,456,456,473,473,490,490,507
1,456,19,456,456,475,475,494,494,513
1,457,2,457,457,459,459,461,461,463
1,457,3,457,457,460,460,463,463,466
1,457,5,457,457,462,462,467,467,472
1,457,7,457,457,464,464,471,471,478
1,457,11,457,457,468,468,479,479,490
1,457,13,457,457,470,470,483,483,496
1,457,17,457,457,474,474,491,491,508
1,457,19,457,457,476,476,495,495,514
1,458,2,458,458,460,460,462,462,464
1,458,3,458,458,461,461,464,464,467
1,458,5,458,458,463,463,468,468,473
1,458,7,458,458,465,465,472,472,479
1,458,11,458,458,469,469,480,480,491
1,458,13,458,458,471,471,484,484,497
1,458,17,458,458,475,475,492,492,509
1,458,19,458,458,477,477,496,496,515
1,459,2,459,459,461,461,463,463,465
1,459,3,459,459,462,462,465,465,468
1,459,5,459,459,464,464,469,469,474
1,459,7,459,459,466,466,473,473,480
1,459,11,459,459,470,470,481,481,492
1,459,13,459,459,472,472,485,485,498
1,459,17,459,459,476,476,493,493,510
1,459,19,459,459,478,478,497,497,516
1,460,2,460,460,462,462,464,464,466
1,460,3,460,460,463,463,466,466,469
1,460,5,460,460,465,465,470,470,475
1,460,7,460,460,467,467,474,474,481
1,460,11,460,460,471,471,482,482,493
1,460,13,460,460,473,473,486,486,499
1,460,17,460,460,477,477,494,494,511
1,460,19,460,460,479,479,498,498,517
1,461,2,461,461,463,463,465,465,467
1,461,3,461,461,464,464,467,467,470
1,461,5,461,461,466,466,471,471,476
1,461,7,461,461,468,468,475,475,482
1,461,11,461,461,472,472,483,483,494
1,461,13,461,461,474,474,487,487,500
1,461,17,461,461,478,478,495,495,512
1,461,19,461,461,480,480,499,499,518
1,462,2,462,462,464,464,466,466,468
1,462,3,462,462,465,465,468,468,471
1,462,5,462,462,467,467,472,472,477
1,462,7,462,462,469,469,476,476,483
1,462,11,462,462,473,473,484,484,495
1,462,13,462,462,475,475,488,488,501
1,462,17,462,462,479,479,496,496,513
1,462,19,462,462,481,481,500,500,519
1,463,2,463,463,465,465,467,467,469
1,463,3,463,463,466,466,469,469,472
1,463,5,463,463,468,468,473,473,478
1,463,7,463,463,470,470,477,477,484
1,463,11,463,463,474,474,485,485,496
1,463,13,463,463,476,476,489,489,502
1,463,17,463,463,480,480,497,497,514
1,463,19,463,463,482,482,501,501,520
1,464,2,464,464,466,466,468,468,470
1,464,3,464,464,467,467,470,470,473
1,464,5,464,464,469,469,474,474,479
1,464,7,464,464,471,471,478,478,485
1,464,11,464,464,475,475,486,486,497
1,464,13,464,464,477,477,490,490,503
1,464,17,464,464,481,481,498,498,515
1,464,19,464,464,483,483,502,502,521
1,465,2,465,465,467,467,469,469,471
1,465,3,465,465,468,468,471,471,474
1,465,5,465,465,470,470,475,475,480
1,465,7,465,465,472,472,479,479,486
1,465,11,465,465,476,476,487,487,498
1,465,13,465,465,478,478,491,491,504
1,465,17,465,465,482,482,499,499,516
1,465,19,465,465,484,484,503,503,522
1,466,2,466,466,468,468,470,470,472
1,466,3,466,466,469,469,472,472,475
1,466,5,466,466,471,471,476,476,481
1,466,7,466,466,473,473,480,480,487
1,466,11,466,466,477,477,488,488,499
1,466,13,466,466,479,479,492,492,505
1,466,17,466,466,483,483,500,500,517
1,466,19,466,466,485,485,504,504,523
1,467,2,467,467,469,469,471,471,473
1,467,3,467,467,470,470,473,473,476
1,467,5,467,467,472,472,477,477,482
1,467,7,467,467,474,474,481,481,488
1,467,11,467,467,478,478,489,489,500
1,467,13,467,467,480,480,493,493,506
1,467,17,467,467,484,484,501,501,518
1,467,19,467,467,486,486,505,505,524
1,468,2,468,468,470,470,472,472,474
1,468,3,468,468,471,471,474,474,477
1,468,5,468,468,473,473,478,478,483
1,468,7,468,468,475,475,482,482,489
1,468,11,468,468,479,479,490,490,501
1,468,13,468,468,481,481,494,494,507
1,468,17,468,468,485,485,502,502,519
1,468,19,468,468,487,487,506,506,525
1,469,2,469,469,471,471,473,473,475
1,469,3,469,469,472,472,475,475,478
1,469,5,469,469,474,474,479,479,484
1,469,7,469,469,476,476,483,483,490
1,469,11,469,469,480,480,491,491,502
1,469,13,469,469,482,482,495,495,508
1,469,17,469,469,486,486,503,503,520
1,469,19,469,469,488,488,507,507,526
1,470,2,470,470,472,472,474,474,476
1,470,3,470,470,473,473,476,476,479
1,470,5,470,470,475,475,480,480,485
1,470,7,470,470,477,477,484,484,491
1,470,11,470,470,481,481,492,492,503
1,470,13,470,470,483,483,496,496,509
1,470,17,470,470,487,487,504,504,521
1,470,19,470,470,489,489,508,508,527
1,471,2,471,471,473,473,475,475,477
1,471,3,471,471,474,474,477,477,480
1,471,5,471,471,476,476,481,481,486
1,471,7,471,471,478,478,485,485,492
1,471,11,471,471,482,482,493,493,504
1,471,13,471,471,484,484,497,497,510
1,471,17,471,471,488,488,505,505,522
1,471,19,471,471,490,490,509,509,528
1,472,2,472,472,474,474,476,476,478
1,472,3,472,472,475,475,478,478,481
1,472,5,472,472,477,477,482,482,487
1,472,7,472,472,479,479,486,486,493
1,472,11,472,472,483,483,494,494,505
1,472,13,472,472,485,485,498,498,511
1,472,17,472,472,489,489,506,506,523
1,472,19,472,472,491,491,510,510,529
1,473,2,473,473,475,475,477,477,479
1,473,3,473,473,476,476,479,479,482
1,473,5,473,473,478,478,483,483,488
1,473,7,473,473,480,480,487,487,494
1,473,11,473,473,484,484,495,495,506
1,473,13,473,473,486,486,499,499,512
1,473,17,473,473,490,490,507,507,524
1,473,19,473,473,492,492,511,511,530
1,474,2,474,474,476,476,478,478,480
1,474,3,474,474,477,477,480,480,483
1,474,5,474,474,479,479,484,484,489
1,474,7,474,474,481,481,488,488,495
1,474,11,474,474,485,485,496,496,507
1,474,13,474,474,487,487,500,500,513
1,474,17,474,474,491,491,508,508,525
1,474,19,474,474,493,493,512,512,531
1,475,2,475,475,477,477,479,479,481
1,475,3,475,475,478,478,481,481,484
1,475,5,475,475,480,480,485,485,490
1,475,7,475,475,482,482,489,489,496
1,475,11,475,475,486,486,497,497,508
1,475,13,475,475,488,488,501,501,514
1,475,17,475,475,492,492,509,509,526
1,475,19,475,475,494,494,513,513,532
1,476,2,476,476,478,478,480,480,482
1,476,3,476,476,479,479,482,482,485
1,476,5,476,476,481,481,486,486,491
1,476,7,476,476,483,483,490,490,497
1,476,11,476,476,487,487,498,498,509
1,476,13,476,476,489,489,502,502,515
1,476,17,476,476,493,493,510,510,527
1,476,19,476,476,495,495,514,514,533
1,477,2,477,477,479,479,481,481,483
1,477,3,477,477,480,480,483,483,486
1,477,5,477,477,482,482,487,487,492
1,477,7,477,477,484,484,491,491,498
1,477,11,477,477,488,488,499,499,510
1,477,13,477,477,490,490,503,503,516
1,477,17,477,477,494,494,511,511,528
1,477,19,477,477,496,496,515,515,534
1,478,2,478,478,480,480,482,482,484
1,478,3,478,478,481,481,484,484,487
1,478,5,478,478,483,483,488,488,493
1,478,7,478,478,485,485,492,492,499
1,478,11,478,478,489,489,500,500,511
1,478,13,478,478,491,491,504,504,517
1,478,17,478,478,495,495,512,512,529
1,478,19,478,478,497,497,516,516,535
1,479,2,479,479,481,481,483,483,485
1,479,3,479,479,482,482,485,485,488
1,479,5,479,479,484,484,489,489,494
1,479,7,479,479,486,486,493,493,500
1,479,11,479,479,490,490,501,501,512
1,479,13,479,479,492,492,505,505,518
1,479,17,479,479,496,496,513,513,530
1,479,19,479,479,498,498,517,517,536
1,480,2,480,480,482,482,484,484,486
1,480,3,480,480,483,483,486,486,489
1,480,5,480,480,485,485,490,490,495
1,480,7,480,480,487,487,494,494,501
1,480,11,480,480,491,491,502,502,513
1,480,13,480,480,493,493,506,506,519
1,480,17,480,480,497,497,514,514,531
1,480,19,480,480,499,499,518,518,537
1,481,2,481,481,483,483,485,485,487
1,481,3,481,481,484,484,487,487,490
1,481,5,481,481,486,486,491,491,496
1,481,7,481,481,488,488,495,495,502
1,481,11,481,481,492,492,503,503,514
1,481,13,481,481,494,494,507,507,520
1,481,17,481,481,498,498,515,515,532
1,481,19,481,481,500,500,519,519,538
1,482,2,482,482,484,484,486,486,488
1,482,3,482,482,485,485,488,488,491
1,482,5,482,482,487,487,492,492,497
1,482,7,482,482,489,489,496,496,503
1,482,11,482,482,493,493,504,504,515
1,482,13,482,482,495,495,508,508,521
1,482,17,482,482,499,499,516,516,533
1,482,19,482,482,501,501,520,520,539
1,483,2,483,483,485,485,487,487,489
1,483,3,483,483,486,486,489,489,492
1,483,5,483,483,488,488,493,493,498
1,483,7,483,483,490,490,497,497,504
1,483,11,483,483,494,494,505,505,516
1,483,13,483,483,496,496,509,509,522
1,483,17,483,483,500,500,517,517,534
1,483,19,483,483,502,502,521,521,540
1,484,2,484,484,486,486,488,488,490
1,484,3,484,484,487,487,490,490,493
1,484,5,484,484,489,489,494,494,499
1,484,7,484,484,491,491,498,498,505
1,484,11,484,484,495,495,506,506,517
1,484,13,484,484,497,497,510,510,523
1,484,17,484,484,501,501,518,518,535
1,484,19,484,484,503,503,522,522,541
1,485,2,485,485,487,487,489,489,491
1,485,3,485,485,488,488,491,491,494
1,485,5,485,485,490,490,495,495,500
1,485,7,485,485,492,492,499,499,506
1,485,11,485,485,496,496,507,507,518
1,485,13,485,485,498,498,511,511,524
1,485,17,485,485,502,502,519,519,536
1,485,19,485,485,504,504,523,523,542
1,486,2,486,486,488,488,490,490,492
1,486,3,486,486,489,489,492,492,495
1,486,5,486,486,491,491,496,496,501
1,486,7,486,486,493,493,500,500,507
1,486,11,486,486,497,497,508,508,519
1,486,13,486,486,499,499,512,512,525
1,486,17,486,486,503,503,520,520,537
1,486,19,486,486,505,505,524,524,543
1,487,2,487,487,489,489,491,491,493
1,487,3,487,487,490,490,493,493,496
1,487,5,487,487,492,492,497,497,502
1,487,7,487,487,494,494,501,501,508
1,487,11,487,487,498,498,509,509,520
1,487,13,487,487,500,500,513,513,526
1,487,17,487,487,504,504,521,521,538
1,487,19,487,487,506,506,525,525,544
1,488,2,488,488,490,490,492,492,494
1,488,3,488,488,491,491,494,494,497
1,488,5,488,488,493,493,498,498,503
1,488,7,488,488,495,495,502,502,509
1,488,11,488,488,499,499,510,510,521
1,488,13,488,488,501,501,514,514,527
1,488,17,488,488,505,505,522,522,539
1,488,19,488,488,507,507,526,526,545
1,489,2,489,489,491,491,493,493,495
1,489,3,489,489,492,492,495,495,498
1,489,5,489,489,494,494,499,499,504
1,489,7,489,489,496,496,503,503,510
1,489,11,489,489,500,500,511,511,522
1,489,13,489,489,502,502,515,515,528
1,489,17,489,489,506,506,523,523,540
1,489,19,489,489,508,508,527,527,546
1,490,2,490,490,492,492,494,494,496
1,490,3,490,490,493,493,496,496,499
1,490,5,490,490,495,495,500,500,505
1,490,7,490,490,497,497,504,504,511
1,490,11,490,490,501,501,512,512,523
1,490,13,490,490,503,503,516,516,529
1,490,17,490,490,507,507,524,524,541
1,490,19,490,490,509,509,528,528,547
1,491,2,491,491,493,493,495,495,497
1,491,3,491,491,494,494,497,497,500
1,491,5,491,491,496,496,501,501,506
1,491,7,491,491,498,498,505,505,512
1,491,11,491,491,502,502,513,513,524
1,491,13,491,491,504,504,517,517,530
1,491,17,491,491,508,508,525,525,542
1,491,19,491,491,510,510,529,529,548
1,492,2,492,492,494,494,496,496,498
1,492,3,492,492,495,495,498,498,501
1,492,5,492,492,497,497,502,502,507
1,492,7,492,492,499,499,506,506,513
1,492,11,492,492,503,503,514,514,525
1,492,13,492,492,505,505,518,518,531
1,492,17,492,492,509,509,526,526,543
1,492,19,492,492,511,511,530,530,549
1,493,2,493,493,495,495,497,497,499
1,493,3,493,493,496,496,499,499,502
1,493,5,493,493,498,498,503,503,508
1,493,7,493,493,500,500,507,507,514
1,493,11,493,493,504,504,515,515,526
1,493,13,493,493,506,506,519,519,532
1,493,17,493,493,510,510,527,527,544
1,493,19,493,493,512,512,531,531,550
1,494,2,494,494,496,496,498,498,500
1,494,3,494,494,497,497,500,500,503
1,494,5,494,494,499,499,504,504,509
1,494,7,494,494,501,501,508,508,515
1,494,11,494,494,505,505,516,516,527
1,494,13,494,494,507,507,520,520,533
1,494,17,494,494,511,511,528,528,545
1,494,19,494,494,513,513,532,532,551
1,495,2,495,495,497,497,499,499,501
1,495,3,495,495,498,498,501,501,504
1,495,5,495,495,500,500,505,505,510
1,495,7,495,495,502,502,509,509,516
1,495,11,495,495,506,506,517,517,528
1,495,13,495,495,508,508,521,521,534
1,495,17,495,495,512,512,529,529,546
1,495,19,495,495,514,514,533,533,552
1,496,2,496,496,498,498,500,500,502
1,496,3,496,496,499,499,502,502,505
1,496,5,496,496,501,501,506,506,511
1,496,7,496,496,503,503,510,510,517
1,496,11,496,496,507,507,518,518,529
1,496,13,496,496,509,509,522,522,535
1,496,17,496,496,513,513,530,530,547
1,496,19,496,496,515,515,534,534,553
1,497,2,497,497,499,499,501,501,503
1,497,3,497,497,500,500,503,503,506
1,497,5,497,497,502,502,507,507,512
1,497,7,497,497,504,504,511,511,518
1,497,11,497,497,508,508,519,519,530
1,497,13,497,497,510,510,523,523,536
1,497,17,497,497,514,514,531,531,548
1,497,19,497,497,516,516,535,535,554
1,498,2,498,498,500,500,502,502,504
1,498,3,498,498,501,501,504,504,507
1,498,5,498,498,503,503,508,508,513
1,498,7,498,498,505,505,512,512,519
1,498,11,498,498,509,509,520,520,531
1,498,13,498,498,511,511,524,524,537
1,498,17,498,498,515,515,532,532,549
1,498,19,498,498,517,517,536,536,555
1,499,2,499,499,501,501,503,503,505
1,499,3,499,499,502,502,505,505,508
1,499,5,499,499,504,504,509,509,514
1,499,7,499,499,506,506,513,513,520
1,499,11,499,499,510,510,521,521,532
1,499,13,499,499,512,512,525,525,538
1,499,17,499,499,516,516,533,533,550
1,499,19,499,499,518,518,537,537,556
1,500,2,500,500,502,502,504,504,506
1,500,3,500,500,503,503,506,506,509
1,500,5,500,500,505,505,510,510,515
1,500,7,500,500,507,507,514,514,521
1,500,11,500,500,511,511,522,522,533
1,500,13,500,500,513,513,526,526,539
1,500,17,500,500,517,517,534,534,551
1,500,19,500,500,519,519,538,538,557
2,601,2,601,601,603,603,605,605,607
2,601,3,601,601,604,604,607,607,610
2,601,5,601,601,606,606,611,611,616
2,601,7,601,601,608,608,615,615,622
2,601,11,601,601,612,612,623,623,634
2,601,13,601,601,614,614,627,627,640
2,601,17,601,601,618,618,635,635,652
2,601,19,601,601,620,620,639,639,658
2,602,2,602,602,604,604,606,606,608
2,602,3,602,602,605,605,608,608,611
2,602,5,602,602,607,607,612,612,617
2,602,7,602,602,609,609,616,616,623
2,602,11,602,602,613,613,624,624,635
2,602,13,602,602,615,615,628,628,641
2,602,17,602,602,619,619,636,636,653
2,602,19,602,602,621,621,640,640,659
2,603,2,603,603,605,605,607,607,609
2,603,3,603,603,606,606,609,609,612
2,603,5,603,603,608,608,613,613,618
2,603,7,603,603,610,610,617,617,624
2,603,11,603,603,614,614,625,625,636
2,603,13,603,603,616,616,629,629,642
2,603,17,603,603,620,620,637,637,654
2,603,19,603,603,622,622,641,641,660
2,604,2,604,604,606,606,608,608,610
2,604,3,604,604,607,607,610,610,613
2,604,5,604,604,609,609,614,614,619
2,604,7,604,604,611,611,618,618,625
2,604,11,604,604,615,615,626,626,637
2,604,13,604,604,617,617,630,630,643
2,604,17,604,604,621,621,638,638,655
2,604,19,604,604,623,623,642,642,661
2,605,2,605,605,607,607,609,609,611
2,605,3,605,605,608,608,611,611,614
2,605,5,605,605,610,610,615,615,620
2,605,7,605,605,612,612,619,619,626
2,605,11,605,605,616,616,627,627,638
2,605,13,605,605,618,618,631,631,644
2,605,17,605,605,622,622,639,639,656
2,605,19,605,605,624,624,643,643,662
2,606,2,606,606,608,608,610,610,612
2,606,3,606,606,609,609,612,612,615
2,606,5,606,606,611,611,616,616,621
2,606,7,606,606,613,613,620,620,627
2,606,11,606,606,617,617,628,628,639
2,606,13,606,606,619,619,632,632,645
2,606,17,606,606,623,623,640,640,657
2,606,19,606,606,625,625,644,644,663
2,607,2,607,607,609,609,611,611,613
2,607,3,607,607,610,610,613,613,616
2,607,5,607,607,612,612,617,617,622
2,607,7,607,607,614,614,621,621,628
2,607,11,607,607,618,618,629,629,640
2,607,13,607,607,620,620,633,633,646
2,607,17,607,607,624,624,641,641,658
2,607,19,607,607,626,626,645,645,664
2,608,2,608,608,610,610,612,612,614
2,608,3,608,608,611,611,614,614,617
2,608,5,608,608,613,613,618,618,623
2,608,7,608,608,615,615,622,622,629
2,608,11,608,608,619,619,630,630,641
2,608,13,608,608,621,621,634,634,647
2,608,17,608,608,625,625,642,642,659
2,608,19,608,608,627,627,646,646,665
2,609,2,609,609,611,611,613,613,615
2,609,3,609,609,612,612,615,615,618
2,609,5,609,609,614,614,619,619,624
2,609,7,609,609,616,616,623,623,630
2,609,11,609,609,620,620,631,631,642
2,609,13,609,609,622,622,635,635,648
2,609,17,609,609,626,626,643,643,660
2,609,19,609,609,628,628,647,647,666
2,610,2,610,610,612,612,614,614,616
2,610,3,610,610,613,613,616,616,619
2,610,5,610,610,615,615,620,620,625
2,610,7,610,610,617,617,624,624,631
2,610,11,610,610,621,621,632,632,643
2,610,13,610,610,623,623,636,636,649
2,610,17,610,610,627,627,644,644,661
2,610,19,610,610,629,629,648,648,667
2,611,2,611,611,613,613,615,615,617
2,611,3,611,611,614,614,617,617,620
2,611,5,611,611,616,616,621,621,626
2,611,7,611,611,618,618,625,625,632
2,611,11,611,611,622,622,633,633,644
2,611,13,611,611,624,624,637,637,650
2,611,17,611,611,628,628,645,645,662
2,611,19,611,611,630,630,649,649,668
2,612,2,612,612,614,614,616,616,618
2,612,3,612,612,615,615,618,618,621
2,612,5,612,612,617,617,622,622,627
2,612,7,612,612,619,619,626,626,633
2,612,11,612,612,623,623,634,634,645
2,612,13,612,612,625,625,638,638,651
2,612,17,612,612,629,629,646,646,663
2,612,19,612,612,631,631,650,650,669
2,613,2,613,613,615,615,617,617,619
2,613,3,613,613,616,616,619,619,622
2,613,5,613,613,618,618,623,623,628
2,613,7,613,613,620,620,627,627,634
2,613,11,613,613,624,624,635,635,646
2,613,13,613,613,626,626,639,639,652
2,613,17,613,613,630,630,647,647,664
2,613,19,613,613,632,632,651,651,670
2,614,2,614,614,616,616,618,618,620
2,614,3,614,614,617,617,620,620,623
2,614,5,614,614,619,619,624,624,629
2,614,7,614,614,621,621,628,628,635
2,614,11,614,614,625,625,636,636,647
2,614,13,614,614,627,627,640,640,653
2,614,17,614,614,631,631,648,648,665
2,614,19,614,614,633,633,652,652,671
2,615,2,615,615,617,617,619,619,621
2,615,3,615,615,618,618,621,621,624
2,615,5,615,615,620,620,625,625,630
2,615,7,615,615,622,622,629,629,636
2,615,11,615,615,626,626,637,637,648
2,615,13,615,615,628,628,641,641,654
2,615,17,615,615,632,632,649,649,666
2,615,19,615,615,634,634,653,653,672
2,616,2,616,616,618,618,620,620,622
2,616,3,616,616,619,619,622,622,625
2,616,5,616,616,621,621,626,626,631
2,616,7,616,616,623,623,630,630,637
2,616,11,616,616,627,627,638,638,649
2,616,13,616,616,629,629,642,642,655
2,616,17,616,616,633,633,650,650,667
2,616,19,616,616,635,635,654,654,673
2,617,2,617,617,619,619,621,621,623
2,617,3,617,617,620,620,623,623,626
2,617,5,617,617,622,622,627,627,632
2,617,7,617,617,624,624,631,631,638
2,617,11,617,617,628,628,639,639,650
2,617,13,617,617,630,630,643,643,656
2,617,17,617,617,634,634,651,651,668
2,617,19,617,617,636,636,655,655,674
2,618,2,618,618,620,620,622,622,624
2,618,3,618,618,621,621,624,624,627
2,618,5,618,618,623,623,628,628,633
2,618,7,618,618,625,625,632,632,639
2,618,11,618,618,629,629,640,640,651
2,618,13,618,618,631,631,644,644,657
2,618,17,618,618,635,635,652,652,669
2,618,19,618,618,637,637,656,656,675
2,619,2,619,619,621,621,623,623,625
2,619,3,619,619,622,622,625,625,628
2,619,5,619,619,624,624,629,629,634
2,619,7,619,619,626,626,633,633,640
2,619,11,619,619,630,630,641,641,652
2,619,13,619,619,632,632,645,645,658
2,619,17,619,619,636,636,653,653,670
2,619,19,619,619,638,638,657,657,676
2,620,2,620,620,622,622,624,624,626
2,620,3,620,620,623,623,626,626,629
2,620,5,620,620,625,625,630,630,635
2,620,7,620,620,627,627,634,634,641
2,620,11,620,620,631,631,642,642,653
2,620,13,620,620,633,633,646,646,659
2,620,17,620,620,637,637,654,654,671
2,620,19,620,620,639,639,658,658,677
2,621,2,621,621,623,623,625,625,627
2,621,3,621,621,624,624,627,627,630
2,621,5,621,621,626,626,631,631,636
2,621,7,621,621,628,628,635,635,642
2,621,11,621,621,632,632,643,643,654
2,621,13,621,621,634,634,647,647,660
2,621,17,621,621,638,638,655,655,672
2,621,19,621,621,640,640,659,659,678
2,622,2,622,622,624,624,626,626,628
2,622,3,622,622,625,625,628,628,631
2,622,5,622,622,627,627,632,632,637
2,622,7,622,622,629,629,636,636,643
2,622,11,622,622,633,633,644,644,655
2,622,13,622,622,635,635,648,648,661
2,622,17,622,622,639,639,656,656,673
2,622,19,622,622,641,641,660,660,679
2,623,2,623,623,625,625,627,627,629
2,623,3,623,623,626,626,629,629,632
2,623,5,623,623,628,628,633,633,638
2,623,7,623,623,630,630,637,637,644
2,623,11,623,623,634,634,645,645,656
2,623,13,623,623,636,636,649,649,662
2,623,17,623,623,640,640,657,657,674
2,623,19,623,623,642,642,661,661,680
2,624,2,624,624,626,626,628,628,630
2,624,3,624,624,627,627,630,630,633
2,624,5,624,624,629,629,634,634,639
2,624,7,624,624,631,631,638,638,645
2,624,11,624,624,635,635,646,646,657
2,624,13,624,624,637,637,650,650,663
2,624,17,624,624,641,641,658,658,675
2,624,19,624,624,643,643,662,662,681
2,625,2,625,625,627,627,629,629,631
2,625,3,625,625,628,628,631,631,634
2,625,5,625,625,630,630,635,635,640
2,625,7,625,625,632,632,639,639,646
2,625,11,625,625,636,636,647,647,658
2,625,13,625,625,638,638,651,651,664
2,625,17,625,625,642,642,659,659,676
2,625,19,625,625,644,644,663,663,682
2,626,2,626,626,628,628,630,630,632
2,626,3,626,626,629,629,632,632,635
2,626,5,626,626,631,631,636,636,641
2,626,7,626,626,633,633,640,640,647
2,626,11,626,626,637,637,648,648,659
2,626,13,626,626,639,639,652,652,665
2,626,17,626,626,643,643,660,660,677
2,626,19,626,626,645,645,664,664,683
2,627,2,627,627,629,629,631,631,633
2,627,3,627,627,630,630,633,633,636
2,627,5,627,627,632,632,637,637,642
2,627,7,627,627,634,634,641,641,648
2,627,11,627,627,638,638,649,649,660
2,627,13,627,627,640,640,653,653,666
2,627,17,627,627,644,644,661,661,678
2,627,19,627,627,646,646,665,665,684
2,628,2,628,628,630,630,632,632,634
2,628,3,628,628,631,631,634,634,637
2,628,5,628,628,633,633,638,638,643
2,628,7,628,628,635,635,642,642,649
2,628,11,628,628,639,639,650,650,661
2,628,13,628,628,641,641,654,654,667
2,628,17,628,628,645,645,662,662,679
2,628,19,628,628,647,647,666,666,685
2,629,2,629,629,631,631,633,633,635
2,629,3,629,629,632,632,635,635,638
2,629,5,629,629,634,634,639,639,644
2,629,7,629,629,636,636,643,643,650
2,629,11,629,629,640,640,651,651,662
2,629,13,629,629,642,642,655,655,668
2,629,17,629,629,646,646,663,663,680
2,629,19,629,629,648,648,667,667,686
2,630,2,630,630,632,632,634,634,636
2,630,3,630,630,633,633,636,636,639
2,630,5,630,630,635,635,640,640,645
2,630,7,630,630,637,637,644,644,651
2,630,11,630,630,641,641,652,652,663
2,630,13,630,630,643,643,656,656,669
2,630,17,630,630,647,647,664,664,681
2,630,19,630,630,649,649,668,668,687
2,631,2,631,631,633,633,635,635,637
2,631,3,631,631,634,634,637,637,640
2,631,5,631,631,636,636,641,641,646
2,631,7,631,631,638,638,645,645,652
2,631,11,631,631,642,642,653,653,664
2,631,13,631,631,644,644,657,657,670
2,631,17,631,631,648,648,665,665,682
2,631,19,631,631,650,650,669,669,688
2,632,2,632,632,634,634,636,636,638
2,632,3,632,632,635,635,638,638,641
2,632,5,632,632,637,637,642,642,647
2,632,7,632,632,639,639,646,646,653
2,632,11,632,632,643,643,654,654,665
2,632,13,632,632,645,645,658,658,671
2,632,17,632,632,649,649,666,666,683
2,632,19,632,632,651,651,670,670,689
2,633,2,633,633,635,635,637,637,639
2,633,3,633,633,636,636,639,639,642
2,633,5,633,633,638,638,643,643,648
2,633,7,633,633,640,640,647,647,654
2,633,11,633,633,644,644,655,655,666
2,633,13,633,633,646,646,659,659,672
2,633,17,633,633,650,650,667,667,684
2,633,19,633,633,652,652,671,671,690
2,634,2,634,634,636,636,638,638,640
2,634,3,634,634,637,637,640,640,643
2,634,5,634,634,639,639,644,644,649
2,634,7,634,634,641,641,648,648,655
2,634,11,634,634,645,645,656,656,667
2,634,13,634,634,647,647,660,660,673
2,634,17,634,634,651,651,668,668,685
2,634,19,634,634,653,653,672,672,691
2,635,2,635,635,637,637,639,639,641
2,635,3,635,635,638,638,641,641,644
2,635,5,635,635,640,640,645,645,650
2,635,7,635,635,642,642,649,649,656
2,635,11,635,635,646,646,657,657,668
2,635,13,635,635,648,648,661,661,674
2,635,17,635,635,652,652,669,669,686
2,635,19,635,635,654,654,673,673,692
2,636,2,636,636,638,638,640,640,642
2,636,3,636,636,639,639,642,642,645
2,636,5,636,636,641,641,646,646,651
2,636,7,636,636,643,643,650,650,657
2,636,11,636,636,647,647,658,658,669
2,636,13,636,636,649,649,662,662,675
2,636,17,636,636,653,653,670,670,687
2,636,19,636,636,655,655,674,674,693
2,637,2,637,637,639,639,641,641,643
2,637,3,637,637,640,640,643,643,646
2,637,5,637,637,642,642,647,647,652
2,637,7,637,637,644,644,651,651,658
2,637,11,637,637,648,648,659,659,670
2,637,13,637,637,650,650,663,663,676
2,637,17,637,637,654,654,671,671,688
2,637,19,637,637,656,656,675,675,694
2,638,2,638,638,640,640,642,642,644
2,638,3,638,638,641,641,644,644,647
2,638,5,638,638,643,643,648,648,653
2,638,7,638,638,645,645,652,652,659
2,638,11,638,638,649,649,660,660,671
2,638,13,638,638,651,651,664,664,677
2,638,17,638,638,655,655,672,672,689
2,638,19,638,638,657,657,676,676,695
2,639,2,639,639,641,641,643,643,645
2,639,3,639,639,642,642,645,645,648
2,639,5,639,639,644,644,649,649,654
2,639,7,639,639,646,646,653,653,660
2,639,11,639,639,650,650,661,661,672
2,639,13,639,639,652,652,665,665,678
2,639,17,639,639,656,656,673,673,690
2,639,19,639,639,658,658,677,677,696
2,640,2,640,640,642,642,644,644,646
2,640,3,640,640,643,643,646,646,649
2,640,5,640,640,645,645,650,650,655
2,640,7,640,640,647,647,654,654,661
2,640,11,640,640,651,651,662,662,673
2,640,13,640,640,653,653,666,666,679
2,640,17,640,640,657,657,674,674,691
2,640,19,640,640,659,659,678,678,697
2,641,2,641,641,643,643,645,645,647
2,641,3,641,641,644,644,647,647,650
2,641,5,641,641,646,646,651,651,656
2,641,7,641,641,648,648,655,655,662
2,641,11,641,641,652,652,663,663,674
2,641,13,641,641,654,654,667,667,680
2,641,17,641,641,658,658,675,675,692
2,641,19,641,641,660,660,679,679,698
2,642,2,642,642,644,644,646,646,648
2,642,3,642,642,645,645,648,648,651
2,642,5,642,642,647,647,652,652,657
2,642,7,642,642,649,649,656,656,663
2,642,11,642,642,653,653,664,664,675
2,642,13,642,642,655,655,668,668,681
2,642,17,642,642,659,659,676,676,693
2,642,19,642,642,661,661,680,680,699
2,643,2,643,643,645,645,647,647,649
2,643,3,643,643,646,646,649,649,652
2,643,5,643,643,648,648,653,653,658
2,643,7,643,643,650,650,657,657,664
2,643,11,643,643,654,654,665,665,676
2,643,13,643,643,656,656,669,669,682
2,643,17,643,643,660,660,677,677,694
2,643,19,643,643,662,662,681,681,700
2,644,2,644,644,646,646,648,648,650
2,644,3,644,644,647,647,650,650,653
2,644,5,644,644,649,649,654,654,659
2,644,7,644,644,651,651,658,658,665
2,644,11,644,644,655,655,666,666,677
2,644,13,644,644,657,657,670,670,683
2,644,17,644,644,661,661,678,678,695
2,644,19,644,644,663,663,682,682,701
2,645,2,645,645,647,647,649,649,651
2,645,3,645,645,648,648,651,651,654
2,645,5,645,645,650,650,655,655,660
2,645,7,645,645,652,652,659,659,666
2,645,11,645,645,656,656,667,667,678
2,645,13,645,645,658,658,671,671,684
2,645,17,645,645,662,662,679,679,696
2,645,19,645,645,664,664,683,683,702
2,646,2,646,646,648,648,650,650,652
2,646,3,646,646,649,649,652,652,655
2,646,5,646,646,651,651,656,656,661
2,646,7,646,646,653,653,660,660,667
2,646,11,646,646,657,657,668,668,679
2,646,13,646,646,659,659,672,672,685
2,646,17,646,646,663,663,680,680,697
2,646,19,646,646,665,665,684,684,703
2,647,2,647,647,649,649,651,651,653
2,647,3,647,647,650,650,653,653,656
2,647,5,647,647,652,652,657,657,662
2,647,7,647,647,654,654,661,661,668
2,647,11,647,647,658,658,669,669,680
2,647,13,647,647,660,660,673,673,686
2,647,17,647,647,664,664,681,681,698
2,647,19,647,647,666,666,685,685,704
2,648,2,648,648,650,650,652,652,654
2,648,3,648,648,651,651,654,654,657
2,648,5,648,648,653,653,658,658,663
2,648,7,648,648,655,655,662,662,669
2,648,11,648,648,659,659,670,670,681
2,648,13,648,648,661,661,674,674,687
2,648,17,648,648,665,665,682,682,699
2,648,19,648,648,667,667,686,686,705
2,649,2,649,649,651,651,653,653,655
2,649,3,649,649,652,652,655,655,658
2,649,5,649,649,654,654,659,659,664
2,649,7,649,649,656,656,663,663,670
2,649,11,649,649,660,660,671,671,682
2,649,13,649,649,662,662,675,675,688
2,649,17,649,649,666,666,683,683,700
2,649,19,649,649,668,668,687,687,706
2,650,2,650,650,652,652,654,654,656
2,650,3,650,650,653,653,656,656,659
2,650,5,650,650,655,655,660,660,665
2,650,7,650,650,657,657,664,664,671
2,650,11,650,650,661,661,672,672,683
2,650,13,650,650,663,663,676,676,689
2,650,17,650,650,667,667,684,684,701
2,650,19,650,650,669,669,688,688,707
2,651,2,651,651,653,653,655,655,657
2,651,3,651,651,654,654,657,657,660
2,651,5,651,651,656,656,661,661,666
2,651,7,651,651,658,658,665,665,672
2,651,11,651,651,662,662,673,673,684
2,651,13,651,651,664,664,677,677,690
2,651,17,651,651,668,668,685,685,702
2,651,19,651,651,670,670,689,689,708
2,652,2,652,652,654,654,656,656,658
2,652,3,652,652,655,655,658,658,661
2,652,5,652,652,657,657,662,662,667
2,652,7,652,652,659,659,666,666,673
2,652,11,652,652,663,663,674,674,685
2,652,13,652,652,665,665,678,678,691
2,652,17,652,652,669,669,686,686,703
2,652,19,652,652,671,671,690,690,709
2,653,2,653,653,655,655,657,657,659
2,653,3,653,653,656,656,659,659,662
2,653,5,653,653,658,658,663,663,668
2,653,7,653,653,660,660,667,667,674
2,653,11,653,653,664,664,675,675,686
2,653,13,653,653,666,666,679,679,692
2,653,17,653,653,670,670,687,687,704
2,653,19,653,653,672,672,691,691,710
2,654,2,654,654,656,656,658,658,660
2,654,3,654,654,657,657,660,660,663
2,654,5,654,654,659,659,664,664,669
2,654,7,654,654,661,661,668,668,675
2,654,11,654,654,665,665,676,676,687
2,654,13,654,654,667,667,680,680,693
2,654,17,654,654,671,671,688,688,705
2,654,19,654,654,673,673,692,692,711
2,655,2,655,655,657,657,659,659,661
2,655,3,655,655,658,658,661,661,664
2,655,5,655,655,660,660,665,665,670
2,655,7,655,655,662,662,669,669,676
2,655,11,655,655,666,666,677,677,688
2,655,13,655,655,668,668,681,681,694
2,655,17,655,655,672,672,689,689,706
2,655,19,655,655,674,674,693,693,712
2,656,2,656,656,658,658,660,660,662
2,656,3,656,656,659,659,662,662,665
2,656,5,656,656,661,661,666,666,671
2,656,7,656,656,663,663,670,670,677
2,656,11,656,656,667,667,678,678,689
2,656,13,656,656,669,669,682,682,695
2,656,17,656,656,673,673,690,690,707
2,656,19,656,656,675,675,694,694,713
2,657,2,657,657,659,659,661,661,663
2,657,3,657,657,660,660,663,663,666
2,657,5,657,657,662,662,667,667,672
2,657,7,657,657,664,664,671,671,678
2,657,11,657,657,668,668,679,679,690
2,657,13,657,657,670,670,683,683,696
2,657,17,657,657,674,674,691,691,708
2,657,19,657,657,676,676,695,695,714
2,658,2,658,658,660,660,662,662,664
2,658,3,658,658,661,661,664,664,667
2,658,5,658,658,663,663,668,668,673
2,658,7,658,658,665,665,672,672,679
2,658,11,658,658,669,669,680,680,691
2,658,13,658,658,671,671,684,684,697
2,658,17,658,658,675,675,692,692,709
2,658,19,658,658,677,677,696,696,715
2,659,2,659,659,661,661,663,663,665
2,659,3,659,659,662,662,665,665,668
2,659,5,659,659,664,664,669,669,674
2,659,7,659,659,666,666,673,673,680
2,659,11,659,659,670,670,681,681,692
2,659,13,659,659,672,672,685,685,698
2,659,17,659,659,676,676,693,693,710
2,659,19,659,659,678,678,697,697,716
2,660,2,660,660,662,662,664,664,666
2,660,3,660,660,663,663,666,666,669
2,660,5,660,660,665,665,670,670,675
2,660,7,660,660,667,667,674,674,681
2,660,11,660,660,671,671,682,682,693
2,660,13,660,660,673,673,686,686,699
2,660,17,660,660,677,677,694,694,711
2,660,19,660,660,679,679,698,698,717
2,661,2,661,661,663,663,665,665,667
2,661,3,661,661,664,664,667,667,670
2,661,5,661,661,666,666,671,671,676
2,661,7,661,661,668,668,675,675,682
2,661,11,661,661,672,672,683,683,694
2,661,13,661,661,674,674,687,687,700
2,661,17,661,661,678,678,695,695,712
2,661,19,661,661,680,680,699,699,718
2,662,2,662,662,664,664,666,666,668
2,662,3,662,662,665,665,668,668,671
2,662,5,662,662,667,667,672,672,677
2,662,7,662,662,669,669,676,676,683
2,662,11,662,662,673,673,684,684,695
2,662,13,662,662,675,675,688,688,701
2,662,17,662,662,679,679,696,696,713
2,662,19,662,662,681,681,700,700,719
2,663,2,663,663,665,665,667,667,669
2,663,3,663,663,666,666,669,669,672
2,663,5,663,663,668,668,673,673,678
2,663,7,663,663,670,670,677,677,684
2,663,11,663,663,674,674,685,685,696
2,663,13,663,663,676,676,689,689,702
2,663,17,663,663,680,680,697,697,714
2,663,19,663,663,682,682,701,701,720
2,664,2,664,664,666,666,668,668,670
2,664,3,664,664,667,667,670,670,673
2,664,5,664,664,669,669,674,674,679
2,664,7,664,664,671,671,678,678,685
2,664,11,664,664,675,675,686,686,697
2,664,13,664,664,677,677,690,690,703
2,664,17,664,664,681,681,698,698,715
2,664,19,664,664,683,683,702,702,721
2,665,2,665,665,667,667,669,669,671
2,665,3,665,665,668,668,671,671,674
2,665,5,665,665,670,670,675,675,680
2,665,7,665,665,672,672,679,679,686
2,665,11,665,665,676,676,687,687,698
2,665,13,665,665,678,678,691,691,704
2,665,17,665,665,682,682,699,699,716
2,665,19,665,665,684,684,703,703,722
2,666,2,666,666,668,668,670,670,672
2,666,3,666,666,669,669,672,672,675
2,666,5,666,666,671,671,676,676,681
2,666,7,666,666,673,673,680,680,687
2,666,11,666,666,677,677,688,688,699
2,666,13,666,666,679,679,692,692,705
2,666,17,666,666,683,683,700,700,717
2,666,19,666,666,685,685,704,704,723
2,667,2,667,667,669,669,671,671,673
2,667,3,667,667,670,670,673,673,676
2,667,5,667,667,672,672,677,677,682
2,667,7,667,667,674,674,681,681,688
2,667,11,667,667,678,678,689,689,700
2,667,13,667,667,680,680,693,693,706
2,667,17,667,667,684,684,701,701,718
2,667,19,667,667,686,686,705,705,724
2,668,2,668,668,670,670,672,672,674
2,668,3,668,668,671,671,674,674,677
2,668,5,668,668,673,673,678,678,683
2,668,7,668,668,675,675,682,682,689
2,668,11,668,668,679,679,690,690,701
2,668,13,668,668,681,681,694,694,707
2,668,17,668,668,685,685,702,702,719
2,668,19,668,668,687,687,706,706,725
2,669,2,669,669,671,671,673,673,675
2,669,3,669,669,672,672,675,675,678
2,669,5,669,669,674,674,679,679,684
2,669,7,669,669,676,676,683,683,690
2,669,11,669,669,680,680,691,691,702
2,669,13,669,669,682,682,695,695,708
2,669,17,669,669,686,686,703,703,720
2,669,19,669,669,688,688,707,707,726
2,670,2,670,670,672,672,674,674,676
2,670,3,670,670,673,673,676,676,679
2,670,5,670,670,675,675,680,680,685
2,670,7,670,670,677,677,684,684,691
2,670,11,670,670,681,681,692,692,703
2,670,13,670,670,683,683,696,696,709
2,670,17,670,670,687,687,704,704,721
2,670,19,670,670,689,689,708,708,727
2,671,2,671,671,673,673,675,675,677
2,671,3,671,671,674,674,677,677,680
2,671,5,671,671,676,676,681,681,686
2,671,7,671,671,678,678,685,685,692
2,671,11,671,671,682,682,693,693,704
2,671,13,671,671,684,684,697,697,710
2,671,17,671,671,688,688,705,705,722
2,671,19,671,671,690,690,709,709,728
2,672,2,672,672,674,674,676,676,678
2,672,3,672,672,675,675,678,678,681
2,672,5,672,672,677,677,682,682,687
2,672,7,672,672,679,679,686,686,693
2,672,11,672,672,683,683,694,694,705
2,672,13,672,672,685,685,698,698,711
2,672,17,672,672,689,689,706,706,723
2,672,19,672,672,691,691,710,710,729
2,673,2,673,673,675,675,677,677,679
2,673,3,673,673,676,676,679,679,682
2,673,5,673,673,678,678,683,683,688
2,673,7,673,673,680,680,687,687,694
2,673,11,673,673,684,684,695,695,706
2,673,13,673,673,686,686,699,699,712
2,673,17,673,673,690,690,707,707,724
2,673,19,673,673,692,692,711,711,730
2,674,2,674,674,676,676,678,678,680
2,674,3,674,674,677,677,680,680,683
2,674,5,674,674,679,679,684,684,689
2,674,7,674,674,681,681,688,688,695
2,674,11,674,674,685,685,696,696,707
2,674,13,674,674,687,687,700,700,713
2,674,17,674,674,691,691,708,708,725
2,674,19,674,674,693,693,712,712,731
2,675,2,675,675,677,677,679,679,681
2,675,3,675,675,678,678,681,681,684
2,675,5,675,675,680,680,685,685,690
2,675,7,675,675,682,682,689,689,696
2,675,11,675,675,686,686,697,697,708
2,675,13,675,675,688,688,701,701,714
2,675,17,675,675,692,692,709,709,726
2,675,19,675,675,694,694,713,713,732
2,676,2,676,676,678,678,680,680,682
2,676,3,676,676,679,679,682,682,685
2,676,5,676,676,681,681,686,686,691
2,676,7,676,676,683,683,690,690,697
2,676,11,676,676,687,687,698,698,709
2,676,13,676,676,689,689,702,702,715
2,676,17,676,676,693,693,710,710,727
2,676,19,676,676,695,695,714,714,733
2,677,2,677,677,679,679,681,681,683
2,677,3,677,677,680,680,683,683,686
2,677,5,677,677,682,682,687,687,692
2,677,7,677,677,684,684,691,691,698
2,677,11,677,677,688,688,699,699,710
2,677,13,677,677,690,690,703,703,716
2,677,17,677,677,694,694,711,711,728
2,677,19,677,677,696,696,715,715,734
2,678,2,678,678,680,680,682,682,684
2,678,3,678,678,681,681,684,684,687
2,678,5,678,678,683,683,688,688,693
2,678,7,678,678,685,685,692,692,699
2,678,11,678,678,689,689,700,700,711
2,678,13,678,678,691,691,704,704,717
2,678,17,678,678,695,695,712,712,729
2,678,19,678,678,697,697,716,716,735
2,679,2,679,679,681,681,683,683,685
2,679,3,679,679,682,682,685,685,688
2,679,5,679,679,684,684,689,689,694
2,679,7,679,679,686,686,693,693,700
2,679,11,679,679,690,690,701,701,712
2,679,13,679,679,692,692,705,705,718
2,679,17,679,679,696,696,713,713,730
2,679,19,679,679,698,698,717,717,736
2,680,2,680,680,682,682,684,684,686
2,680,3,680,680,683,683,686,686,689
2,680,5,680,680,685,685,690,690,695
2,680,7,680,680,687,687,694,694,701
2,680,11,680,680,691,691,702,702,713
2,680,13,680,680,693,693,706,706,719
2,680,17,680,680,697,697,714,714,731
2,680,19,680,680,699,699,718,718,737
2,681,2,681,681,683,683,685,685,687
2,681,3,681,681,684,684,687,687,690
2,681,5,681,681,686,686,691,691,696
2,681,7,681,681,688,688,695,695,702
2,681,11,681,681,692,692,703,703,714
2,681,13,681,681,694,694,707,707,720
2,681,17,681,681,698,698,715,715,732
2,681,19,681,681,700,700,719,719,738
2,682,2,682,682,684,684,686,686,688
2,682,3,682,682,685,685,688,688,691
2,682,5,682,682,687,687,692,692,697
2,682,7,682,682,689,689,696,696,703
2,682,11,682,682,693,693,704,704,715
2,682,13,682,682,695,695,708,708,721
2,682,17,682,682,699,699,716,716,733
2,682,19,682,682,701,701,720,720,739
2,683,2,683,683,685,685,687,687,689
2,683,3,683,683,686,686,689,689,692
2,683,5,683,683,688,688,693,693,698
2,683,7,683,683,690,690,697,697,704
2,683,11,683,683,694,694,705,705,716
2,683,13,683,683,696,696,709,709,722
2,683,17,683,683,700,700,717,717,734
2,683,19,683,683,702,702,721,721,740
2,684,2,684,684,686,686,688,688,690
2,684,3,684,684,687,687,690,690,693
2,684,5,684,684,689,689,694,694,699
2,684,7,684,684,691,691,698,698,705
2,684,11,684,684,695,695,706,706,717
2,684,13,684,684,697,697,710,710,723
2,684,17,684,684,701,701,718,718,735
2,684,19,684,684,703,703,722,722,741
2,685,2,685,685,687,687,689,689,691
2,685,3,685,685,688,688,691,691,694
2,685,5,685,685,690,690,695,695,700
2,685,7,685,685,692,692,699,699,706
2,685,11,685,685,696,696,707,707,718
2,685,13,685,685,698,698,711,711,724
2,685,17,685,685,702,702,719,719,736
2,685,19,685,685,704,704,723,723,742
2,686,2,686,686,688,688,690,690,692
2,686,3,686,686,689,689,692,692,695
2,686,5,686,686,691,691,696,696,701
2,686,7,686,686,693,693,700,700,707
2,686,11,686,686,697,697,708,708,719
2,686,13,686,686,699,699,712,712,725
2,686,17,686,686,703,703,720,720,737
2,686,19,686,686,705,705,724,724,743
2,687,2,687,687,689,689,691,691,693
2,687,3,687,687,690,690,693,693,696
2,687,5,687,687,692,692,697,697,702
2,687,7,687,687,694,694,701,701,708
2,687,11,687,687,698,698,709,709,720
2,687,13,687,687,700,700,713,713,726
2,687,17,687,687,704,704,721,721,738
2,687,19,687,687,706,706,725,725,744
2,688,2,688,688,690,690,692,692,694
2,688,3,688,688,691,691,694,694,697
2,688,5,688,688,693,693,698,698,703
2,688,7,688,688,695,695,702,702,709
2,688,11,688,688,699,699,710,710,721
2,688,13,688,688,701,701,714,714,727
2,688,17,688,688,705,705,722,722,739
2,688,19,688,688,707,707,726,726,745
2,689,2,689,689,691,691,693,693,695
2,689,3,689,689,692,692,695,695,698
2,689,5,689,689,694,694,699,699,704
2,689,7,689,689,696,696,703,703,710
2,689,11,689,689,700,700,711,711,722
2,689,13,689,689,702,702,715,715,728
2,689,17,689,689,706,706,723,723,740
2,689,19,689,689,708,708,727,727,746
2,690,2,690,690,692,692,694,694,696
2,690,3,690,690,693,693,696,696,699
2,690,5,690,690,695,695,700,700,705
2,690,7,690,690,697,697,704,704,711
2,690,11,690,690,701,701,712,712,723
2,690,13,690,690,703,703,716,716,729
2,690,17,690,690,707,707,724,724,741
2,690,19,690,690,709,709,728,728,747
2,691,2,691,691,693,693,695,695,697
2,691,3,691,691,694,694,697,697,700
2,691,5,691,691,696,696,701,701,706
2,691,7,691,691,698,698,705,705,712
2,691,11,691,691,702,702,713,713,724
2,691,13,691,691,704,704,717,717,730
2,691,17,691,691,708,708,725,725,742
2,691,19,691,691,710,710,729,729,748
2,692,2,692,692,694,694,696,696,698
2,692,3,692,692,695,695,698,698,701
2,692,5,692,692,697,697,702,702,707
2,692,7,692,692,699,699,706,706,713
2,692,11,692,692,703,703,714,714,725
2,692,13,692,692,705,705,718,718,731
2,692,17,692,692,709,709,726,726,743
2,692,19,692,692,711,711,730,730,749
2,693,2,693,693,695,695,697,697,699
2,693,3,693,693,696,696,699,699,702
2,693,5,693,693,698,698,703,703,708
2,693,7,693,693,700,700,707,707,714
2,693,11,693,693,704,704,715,715,726
2,693,13,693,693,706,706,719,719,732
2,693,17,693,693,710,710,727,727,744
2,693,19,693,693,712,712,731,731,750
2,694,2,694,694,696,696,698,698,700
2,694,3,694,694,697,697,700,700,703
2,694,5,694,694,699,699,704,704,709
2,694,7,694,694,701,701,708,708,715
2,694,11,694,694,705,705,716,716,727
2,694,13,694,694,707,707,720,720,733
2,694,17,694,694,711,711,728,728,745
2,694,19,694,694,713,713,732,732,751
2,695,2,695,695,697,697,699,699,701
2,695,3,695,695,698,698,701,701,704
2,695,5,695,695,700,700,705,705,710
2,695,7,695,695,702,702,709,709,716
2,695,11,695,695,706,706,717,717,728
2,695,13,695,695,708,708,721,721,734
2,695,17,695,695,712,712,729,729,746
2,695,19,695,695,714,714,733,733,752
2,696,2,696,696,698,698,700,700,702
2,696,3,696,696,699,699,702,702,705
2,696,5,696,696,701,701,706,706,711
2,696,7,696,696,703,703,710,710,717
2,696,11,696,696,707,707,718,718,729
2,696,13,696,696,709,709,722,722,735
2,696,17,696,696,713,713,730,730,747
2,696,19,696,696,715,715,734,734,753
2,697,2,697,697,699,699,701,701,703
2,697,3,697,697,700,700,703,703,706
2,697,5,697,697,702,702,707,707,712
2,697,7,697,697,704,704,711,711,718
2,697,11,697,697,708,708,719,719,730
2,697,13,697,697,710,710,723,723,736
2,697,17,697,697,714,714,731,731,748
2,697,19,697,697,716,716,735,735,754
2,698,2,698,698,700,700,702,702,704
2,698,3,698,698,701,701,704,704,707
2,698,5,698,698,703,703,708,708,713
2,698,7,698,698,705,705,712,712,719
2,698,11,698,698,709,709,720,720,731
2,698,13,698,698,711,711,724,724,737
2,698,17,698,698,715,715,732,732,749
2,698,19,698,698,717,717,736,736,755
2,699,2,699,699,701,701,703,703,705
2,699,3,699,699,702,702,705,705,708
2,699,5,699,699,704,704,709,709,714
2,699,7,699,699,706,706,713,713,720
2,699,11,699,699,710,710,721,721,732
2,699,13,699,699,712,712,725,725,738
2,699,17,699,699,716,716,733,733,750
2,699,19,699,699,718,718,737,737,756
2,700,2,700,700,702,702,704,704,706
2,700,3,700,700,703,703,706,706,709
2,700,5,700,700,705,705,710,710,715
2,700,7,700,700,707,707,714,714,721
2,700,11,700,700,711,711,722,722,733
2,700,13,700,700,713,713,726,726,739
2,700,17,700,700,717,717,734,734,751
2,700,19,700,700,719,719,738,738,757
2,701,2,701,701,703,703,705,705,707
2,701,3,701,701,704,704,707,707,710
2,701,5,701,701,706,706,711,711,716
2,701,7,701,701,708,708,715,715,722
2,701,11,701,701,712,712,723,723,734
2,701,13,701,701,714,714,727,727,740
2,701,17,701,701,718,718,735,735,752
2,701,19,701,701,720,720,739,739,758
2,702,2,702,702,704,704,706,706,708
2,702,3,702,702,705,705,708,708,711
2,702,5,702,702,707,707,712,712,717
2,702,7,702,702,709,709,716,716,723
2,702,11,702,702,713,713,724,724,735
2,702,13,702,702,715,715,728,728,741
2,702,17,702,702,719,719,736,736,753
2,702,19,702,702,721,721,740,740,759
2,703,2,703,703,705,705,707,707,709
2,703,3,703,703,706,706,709,709,712
2,703,5,703,703,708,708,713,713,718
2,703,7,703,703,710,710,717,717,724
2,703,11,703,703,714,714,725,725,736
2,703,13,703,703,716,716,729,729,742
2,703,17,703,703,720,720,737,737,754
2,703,19,703,703,722,722,741,741,760
2,704,2,704,704,706,706,708,708,710
2,704,3,704,704,707,707,710,710,713
2,704,5,704,704,709,709,714,714,719
2,704,7,704,704,711,711,718,718,725
2,704,11,704,704,715,715,726,726,737
2,704,13,704,704,717,717,730,730,743
2,704,17,704,704,721,721,738,738,755
2,704,19,704,704,723,723,742,742,761
2,705,2,705,705,707,707,709,709,711
2,705,3,705,705,708,708,711,711,714
2,705,5,705,705,710,710,715,715,720
2,705,7,705,705,712,712,719,719,726
2,705,11,705,705,716,716,727,727,738
2,705,13,705,705,718,718,731,731,744
2,705,17,705,705,722,722,739,739,756
2,705,19,705,705,724,724,743,743,762
2,706,2,706,706,708,708,710,710,712
2,706,3,706,706,709,709,712,712,715
2,706,5,706,706,711,711,716,716,721
2,706,7,706,706,713,713,720,720,727
2,706,11,706,706,717,717,728,728,739
2,706,13,706,706,719,719,732,732,745
2,706,17,706,706,723,723,740,740,757
2,706,19,706,706,725,725,744,744,763
2,707,2,707,707,709,709,711,711,713
2,707,3,707,707,710,710,713,713,716
2,707,5,707,707,712,712,717,717,722
2,707,7,707,707,714,714,721,721,728
2,707,11,707,707,718,718,729,729,740
2,707,13,707,707,720,720,733,733,746
2,707,17,707,707,724,724,741,741,758
2,707,19,707,707,726,726,745,745,764
2,708,2,708,708,710,710,712,712,714
2,708,3,708,708,711,711,714,714,717
2,708,5,708,708,713,713,718,718,723
2,708,7,708,708,715,715,722,722,729
2,708,11,708,708,719,719,730,730,741
2,708,13,708,708,721,721,734,734,747
2,708,17,708,708,725,725,742,742,759
2,708,19,708,708,727,727,746,746,765
2,709,2,709,709,711,711,713,713,715
2,709,3,709,709,712,712,715,715,718
2,709,5,709,709,714,714,719,719,724
2,709,7,709,709,716,716,723,723,730
2,709,11,709,709,720,720,731,731,742
2,709,13,709,709,722,722,735,735,748
2,709,17,709,709,726,726,743,743,760
2,709,19,709,709,728,728,747,747,766
2,710,2,710,710,712,712,714,714,716
2,710,3,710,710,713,713,716,716,719
2,710,5,710,710,715,715,720,720,725
2,710,7,710,710,717,717,724,724,731
2,710,11,710,710,721,721,732,732,743
2,710,13,710,710,723,723,736,736,749
2,710,17,710,710,727,727,744,744,761
2,710,19,710,710,729,729,748,748,767
2,711,2,711,711,713,713,715,715,717
2,711,3,711,711,714,714,717,717,720
2,711,5,711,711,716,716,721,721,726
2,711,7,711,711,718,718,725,725,732
2,711,11,711,711,722,722,733,733,744
2,711,13,711,711,724,724,737,737,750
2,711,17,711,711,728,728,745,745,762
2,711,19,711,711,730,730,749,749,768
2,712,2,712,712,714,714,716,716,718
2,712,3,712,712,715,715,718,718,721
2,712,5,712,712,717,717,722,722,727
2,712,7,712,712,719,719,726,726,733
2,712,11,712,712,723,723,734,734,745
2,712,13,712,712,725,725,738,738,751
2,712,17,712,712,729,729,746,746,763
2,712,19,712,712,731,731,750,750,769
2,713,2,713,713,715,715,717,717,719
2,713,3,713,713,716,716,719,719,722
2,713,5,713,713,718,718,723,723,728
2,713,7,713,713,720,720,727,727,734
2,713,11,713,713,724,724,735,735,746
2,713,13,713,713,726,726,739,739,752
2,713,17,713,713,730,730,747,747,764
2,713,19,713,713,732,732,751,751,770
2,714,2,714,714,716,716,718,718,720
2,714,3,714,714,717,717,720,720,723
2,714,5,714,714,719,719,724,724,729
2,714,7,714,714,721,721,728,728,735
2,714,11,714,714,725,725,736,736,747
2,714,13,714,714,727,727,740,740,753
2,714,17,714,714,731,731,748,748,765
2,714,19,714,714,733,733,752,752,771
2,715,2,715,715,717,717,719,719,721
2,715,3,715,715,718,718,721,721,724
2,715,5,715,715,720,720,725,725,730
2,715,7,715,715,722,722,729,729,736
2,715,11,715,715,726,726,737,737,748
2,715,13,715,715,728,728,741,741,754
2,715,17,715,715,732,732,749,749,766
2,715,19,715,715,734,734,753,753,772
2,716,2,716,716,718,718,720,720,722
2,716,3,716,716,719,719,722,722,725
2,716,5,716,716,721,721,726,726,731
2,716,7,716,716,723,723,730,730,737
2,716,11,716,716,727,727,738,738,749
2,716,13,716,716,729,729,742,742,755
2,716,17,716,716,733,733,750,750,767
2,716,19,716,716,735,735,754,754,773
2,717,2,717,717,719,719,721,721,723
2,717,3,717,717,720,720,723,723,726
2,717,5,717,717,722,722,727,727,732
2,717,7,717,717,724,724,731,731,738
2,717,11,717,717,728,728,739,739,750
2,717,13,717,717,730,730,743,743,756
2,717,17,717,717,734,734,751,751,768
2,717,19,717,717,736,736,755,755,774
2,718,2,718,718,720,720,722,722,724
2,718,3,718,718,721,721,724,724,727
2,718,5,718,718,723,723,728,728,733
2,718,7,718,718,725,725,732,732,739
2,718,11,718,718,729,729,740,740,751
2,718,13,718,718,731,731,744,744,757
2,718,17,718,718,735,735,752,752,769
2,718,19,718,718,737,737,756,756,775
2,719,2,719,719,721,721,723,723,725
2,719,3,719,719,722,722,725,725,728
2,719,5,719,719,724,724,729,729,734
2,719,7,719,719,726,726,733,733,740
2,719,11,719,719,730,730,741,741,752
2,719,13,719,719,732,732,745,745,758
2,719,17,719,719,736,736,753,753,770
2,719,19,719,719,738,738,757,757,776
2,720,2,720,720,722,722,724,724,726
2,720,3,720,720,723,723,726,726,729
2,720,5,720,720,725,725,730,730,735
2,720,7,720,720,727,727,734,734,741
2,720,11,720,720,731,731,742,742,753
2,720,13,720,720,733,733,746,746,759
2,720,17,720,720,737,737,754,754,771
2,720,19,720,720,739,739,758,758,777
2,721,2,721,721,723,723,725,725,727
2,721,3,721,721,724,724,727,727,730
2,721,5,721,721,726,726,731,731,736
2,721,7,721,721,728,728,735,735,742
2,721,11,721,721,732,732,743,743,754
2,721,13,721,721,734,734,747,747,760
2,721,17,721,721,738,738,755,755,772
2,721,19,721,721,740,740,759,759,778
2,722,2,722,722,724,724,726,726,728
2,722,3,722,722,725,725,728,728,731
2,722,5,722,722,727,727,732,732,737
2,722,7,722,722,729,729,736,736,743
2,722,11,722,722,733,733,744,744,755
2,722,13,722,722,735,735,748,748,761
2,722,17,722,722,739,739,756,756,773
2,722,19,722,722,741,741,760,760,779
2,723,2,723,723,725,725,727,727,729
2,723,3,723,723,726,726,729,729,732
2,723,5,723,723,728,728,733,733,738
2,723,7,723,723,730,730,737,737,744
2,723,11,723,723,734,734,745,745,756
2,723,13,723,723,736,736,749,749,762
2,723,17,723,723,740,740,757,757,774
2,723,19,723,723,742,742,761,761,780
2,724,2,724,724,726,726,728,728,730
2,724,3,724,724,727,727,730,730,733
2,724,5,724,724,729,729,734,734,739
2,724,7,724,724,731,731,738,738,745
2,724,11,724,724,735,735,746,746,757
2,724,13,724,724,737,737,750,750,763
2,724,17,724,724,741,741,758,758,775
2,724,19,724,724,743,743,762,762,781
2,725,2,725,725,727,727,729,729,731
2,725,3,725,725,728,728,731,731,734
2,725,5,725,725,730,730,735,735,740
2,725,7,725,725,732,732,739,739,746
2,725,11,725,725,736,736,747,747,758
2,725,13,725,725,738,738,751,751,764
2,725,17,725,725,742,742,759,759,776
2,725,19,725,725,744,744,763,763,782
2,726,2,726,726,728,728,730,730,732
2,726,3,726,726,729,729,732,732,735
2,726,5,726,726,731,731,736,736,741
2,726,7,726,726,733,733,740,740,747
2,726,11,726,726,737,737,748,748,759
2,726,13,726,726,739,739,752,752,765
2,726,17,726,726,743,743,760,760,777
2,726,19,726,726,745,745,764,764,783
2,727,2,727,727,729,729,731,731,733
2,727,3,727,727,730,730,733,733,736
2,727,5,727,727,732,732,737,737,742
2,727,7,727,727,734,734,741,741,748
2,727,11,727,727,738,738,749,749,760
2,727,13,727,727,740,740,753,753,766
2,727,17,727,727,744,744,761,761,778
2,727,19,727,727,746,746,765,765,784
2,728,2,728,728,730,730,732,732,734
2,728,3,728,728,731,731,734,734,737
2,728,5,728,728,733,733,738,738,743
2,728,7,728,728,735,735,742,742,749
2,728,11,728,728,739,739,750,750,761
2,728,13,728,728,741,741,754,754,767
2,728,17,728,728,745,745,762,762,779
2,728,19,728,728,747,747,766,766,785
2,729,2,729,729,731,731,733,733,735
2,729,3,729,729,732,732,735,735,738
2,729,5,729,729,734,734,739,739,744
2,729,7,729,729,736,736,743,743,750
2,729,11,729,729,740,740,751,751,762
2,729,13,729,729,742,742,755,755,768
2,729,17,729,729,746,746,763,763,780
2,729,19,729,729,748,748,767,767,786
2,730,2,730,730,732,732,734,734,736
2,730,3,730,730,733,733,736,736,739
2,730,5,730,730,735,735,740,740,745
2,730,7,730,730,737,737,744,744,751
2,730,11,730,730,741,741,752,752,763
2,730,13,730,730,743,743,756,756,769
2,730,17,730,730,747,747,764,764,781
2,730,19,730,730,749,749,768,768,787
2,731,2,731,731,733,733,735,735,737
2,731,3,731,731,734,734,737,737,740
2,731,5,731,731,736,736,741,741,746
2,731,7,731,731,738,738,745,745,752
2,731,11,731,731,742,742,753,753,764
2,731,13,731,731,744,744,757,757,770
2,731,17,731,731,748,748,765,765,782
2,731,19,731,731,750,750,769,769,788
2,732,2,732,732,734,734,736,736,738
2,732,3,732,732,735,735,738,738,741
2,732,5,732,732,737,737,742,742,747
2,732,7,732,732,739,739,746,746,753
2,732,11,732,732,743,743,754,754,765
2,732,13,732,732,745,745,758,758,771
2,732,17,732,732,749,749,766,766,783
2,732,19,732,732,751,751,770,770,789
2,733,2,733,733,735,735,737,737,739
2,733,3,733,733,736,736,739,739,742
2,733,5,733,733,738,738,743,743,748
2,733,7,733,733,740,740,747,747,754
2,733,11,733,733,744,744,755,755,766
2,733,13,733,733,746,746,759,759,772
2,733,17,733,733,750,750,767,767,784
2,733,19,733,733,752,752,771,771,790
2,734,2,734,734,736,736,738,738,740
2,734,3,734,734,737,737,740,740,743
2,734,5,734,734,739,739,744,744,749
2,734,7,734,734,741,741,748,748,755
2,734,11,734,734,745,745,756,756,767
2,734,13,734,734,747,747,760,760,773
2,734,17,734,734,751,751,768,768,785
2,734,19,734,734,753,753,772,772,791
2,735,2,735,735,737,737,739,739,741
2,735,3,735,735,738,738,741,741,744
2,735,5,735,735,740,740,745,745,750
2,735,7,735,735,742,742,749,749,756
2,735,11,735,735,746,746,757,757,768
2,735,13,735,735,748,748,761,761,774
2,735,17,735,735,752,752,769,769,786
2,735,19,735,735,754,754,773,773,792
2,736,2,736,736,738,738,740,740,742
2,736,3,736,736,739,739,742,742,745
2,736,5,736,736,741,741,746,746,751
2,736,7,736,736,743,743,750,750,757
2,736,11,736,736,747,747,758,758,769
2,736,13,736,736,749,749,762,762,775
2,736,17,736,736,753,753,770,770,787
2,736,19,736,736,755,755,774,774,793
2,737,2,737,737,739,739,741,741,743
2,737,3,737,737,740,740,743,743,746
2,737,5,737,737,742,742,747,747,752
2,737,7,737,737,744,744,751,751,758
2,737,11,737,737,748,748,759,759,770
2,737,13,737,737,750,750,763,763,776
2,737,17,737,737,754,754,771,771,788
2,737,19,737,737,756,756,775,775,794
2,738,2,738,738,740,740,742,742,744
2,738,3,738,738,741,741,744,744,747
2,738,5,738,738,743,743,748,748,753
2,738,7,738,738,745,745,752,752,759
2,738,11,738,738,749,749,760,760,771
2,738,13,738,738,751,751,764,764,777
2,738,17,738,738,755,755,772,772,789
2,738,19,738,738,757,757,776,776,795
2,739,2,739,739,741,741,743,743,745
2,739,3,739,739,742,742,745,745,748
2,739,5,739,739,744,744,749,749,754
2,739,7,739,739,746,746,753,753,760
2,739,11,739,739,750,750,761,761,772
2,739,13,739,739,752,752,765,765,778
2,739,17,739,739,756,756,773,773,790
2,739,19,739,739,758,758,777,777,796
2,740,2,740,740,742,742,744,744,746
2,740,3,740,740,743,743,746,746,749
2,740,5,740,740,745,745,750,750,755
2,740,7,740,740,747,747,754,754,761
2,740,11,740,740,751,751,762,762,773
2,740,13,740,740,753,753,766,766,779
2,740,17,740,740,757,757,774,774,791
2,740,19,740,740,759,759,778,778,797
2,741,2,741,741,743,743,745,745,747
2,741,3,741,741,744,744,747,747,750
2,741,5,741,741,746,746,751,751,756
2,741,7,741,741,748,748,755,755,762
2,741,11,741,741,752,752,763,763,774
2,741,13,741,741,754,754,767,767,780
2,741,17,741,741,758,758,775,775,792
2,741,19,741,741,760,760,779,779,798
2,742,2,742,742,744,744,746,746,748
2,742,3,742,742,745,745,748,748,751
2,742,5,742,742,747,747,752,752,757
2,742,7,742,742,749,749,756,756,763
2,742,11,742,742,753,753,764,764,775
2,742,13,742,742,755,755,768,768,781
2,742,17,742,742,759,759,776,776,793
2,742,19,742,742,761,761,780,780,799
2,743,2,743,743,745,745,747,747,749
2,743,3,743,743,746,746,749,749,752
2,743,5,743,743,748,748,753,753,758
2,743,7,743,743,750,750,757,757,764
2,743,11,743,743,754,754,765,765,776
2,743,13,743,743,756,756,769,769,782
2,743,17,743,743,760,760,777,777,794
2,743,19,743,743,762,762,781,781,800
2,744,2,744,744,746,746,748,748,750
2,744,3,744,744,747,747,750,750,753
2,744,5,744,744,749,749,754,754,759
2,744,7,744,744,751,751,758,758,765
2,744,11,744,744,755,755,766,766,777
2,744,13,744,744,757,757,770,770,783
2,744,17,744,744,761,761,778,778,795
2,744,19,744,744,763,763,782,782,801
2,745,2,745,745,747,747,749,749,751
2,745,3,745,745,748,748,751,751,754
2,745,5,745,745,750,750,755,755,760
2,745,7,745,745,752,752,759,759,766
2,745,11,745,745,756,756,767,767,778
2,745,13,745,745,758,758,771,771,784
2,745,17,745,745,762,762,779,779,796
2,745,19,745,745,764,764,783,783,802
2,746,2,746,746,748,748,750,750,752
2,746,3,746,746,749,749,752,752,755
2,746,5,746,746,751,751,756,756,761
2,746,7,746,746,753,753,760,760,767
2,746,11,746,746,757,757,768,768,779
2,746,13,746,746,759,759,772,772,785
2,746,17,746,746,763,763,780,780,797
2,746,19,746,746,765,765,784,784,803
2,747,2,747,747,749,749,751,751,753
2,747,3,747,747,750,750,753,753,756
2,747,5,747,747,752,752,757,757,762
2,747,7,747,747,754,754,761,761,768
2,747,11,747,747,758,758,769,769,780
2,747,13,747,747,760,760,773,773,786
2,747,17,747,747,764,764,781,781,798
2,747,19,747,747,766,766,785,785,804
2,748,2,748,748,750,750,752,752,754
2,748,3,748,748,751,751,754,754,757
2,748,5,748,748,753,753,758,758,763
2,748,7,748,748,755,755,762,762,769
2,748,11,748,748,759,759,770,770,781
2,748,13,748,748,761,761,774,774,787
2,748,17,748,748,765,765,782,782,799
2,748,19,748,748,767,767,786,786,805
2,749,2,749,749,751,751,753,753,755
2,749,3,749,749,752,752,755,755,758
2,749,5,749,749,754,754,759,759,764
2,749,7,749,749,756,756,763,763,770
2,749,11,749,749,760,760,771,771,782
2,749,13,749,749,762,762,775,775,788
2,749,17,749,749,766,766,783,783,800
2,749,19,749,749,768,768,787,787,806
2,750,2,750,750,752,752,754,754,756
2,750,3,750,750,753,753,756,756,759
2,750,5,750,750,755,755,760,760,765
2,750,7,750,750,757,757,764,764,771
2,750,11,750,750,761,761,772,772,783
2,750,13,750,750,763,763,776,776,789
2,750,17,750,750,767,767,784,784,801
2,750,19,750,750,769,769,788,788,807
2,751,2,751,751,753,753,755,755,757
2,751,3,751,751,754,754,757,757,760
2,751,5,751,751,756,756,761,761,766
2,751,7,751,751,758,758,765,765,772
2,751,11,751,751,762,762,773,773,784
2,751,13,751,751,764,764,777,777,790
2,751,17,751,751,768,768,785,785,802
2,751,19,751,751,770,770,789,789,808
2,752,2,752,752,754,754,756,756,758
2,752,3,752,752,755,755,758,758,761
2,752,5,752,752,757,757,762,762,767
2,752,7,752,752,759,759,766,766,773
2,752,11,752,752,763,763,774,774,785
2,752,13,752,752,765,765,778,778,791
2,752,17,752,752,769,769,786,786,803
2,752,19,752,752,771,771,790,790,809
2,753,2,753,753,755,755,757,757,759
2,753,3,753,753,756,756,759,759,762
2,753,5,753,753,758,758,763,763,768
2,753,7,753,753,760,760,767,767,774
2,753,11,753,753,764,764,775,775,786
2,753,13,753,753,766,766,779,779,792
2,753,17,753,753,770,770,787,787,804
2,753,19,753,753,772,772,791,791,810
2,754,2,754,754,756,756,758,758,760
2,754,3,754,754,757,757,760,760,763
2,754,5,754,754,759,759,764,764,769
2,754,7,754,754,761,761,768,768,775
2,754,11,754,754,765,765,776,776,787
2,754,13,754,754,767,767,780,780,793
2,754,17,754,754,771,771,788,788,805
2,754,19,754,754,773,773,792,792,811
2,755,2,755,755,757,757,759,759,761
2,755,3,755,755,758,758,761,761,764
2,755,5,755,755,760,760,765,765,770
2,755,7,755,755,762,762,769,769,776
2,755,11,755,755,766,766,777,777,788
2,755,13,755,755,768,768,781,781,794
2,755,17,755,755,772,772,789,789,806
2,755,19,755,755,774,774,793,793,812
2,756,2,756,756,758,758,760,760,762
2,756,3,756,756,759,759,762,762,765
2,756,5,756,756,761,761,766,766,771
2,756,7,756,756,763,763,770,770,777
2,756,11,756,756,767,767,778,778,789
2,756,13,756,756,769,769,782,782,795
2,756,17,756,756,773,773,790,790,807
2,756,19,756,756,775,775,794,794,813
2,757,2,757,757,759,759,761,761,763
2,757,3,757,757,760,760,763,763,766
2,757,5,757,757,762,762,767,767,772
2,757,7,757,757,764,764,771,771,778
2,757,11,757,757,768,768,779,779,790
2,757,13,757,757,770,770,783,783,796
2,757,17,757,757,774,774,791,791,808
2,757,19,757,757,776,776,795,795,814
2,758,2,758,758,760,760,762,762,764
2,758,3,758,758,761,761,764,764,767
2,758,5,758,758,763,763,768,768,773
2,758,7,758,758,765,765,772,772,779
2,758,11,758,758,769,769,780,780,791
2,758,13,758,758,771,771,784,784,797
2,758,17,758,758,775,775,792,792,809
2,758,19,758,758,777,777,796,796,815
2,759,2,759,759,761,761,763,763,765
2,759,3,759,759,762,762,765,765,768
2,759,5,759,759,764,764,769,769,774
2,759,7,759,759,766,766,773,773,780
2,759,11,759,759,770,770,781,781,792
2,759,13,759,759,772,772,785,785,798
2,759,17,759,759,776,776,793,793,810
2,759,19,759,759,778,778,797,797,816
2,760,2,760,760,762,762,764,764,766
2,760,3,760,760,763,763,766,766,769
2,760,5,760,760,765,765,770,770,775
2,760,7,760,760,767,767,774,774,781
2,760,11,760,760,771,771,782,782,793
2,760,13,760,760,773,773,786,786,799
2,760,17,760,760,777,777,794,794,811
2,760,19,760,760,779,779,798,798,817
2,761,2,761,761,763,763,765,765,767
2,761,3,761,761,764,764,767,767,770
2,761,5,761,761,766,766,771,771,776
2,761,7,761,761,768,768,775,775,782
2,761,11,761,761,772,772,783,783,794
2,761,13,761,761,774,774,787,787,800
2,761,17,761,761,778,778,795,795,812
2,761,19,761,761,780,780,799,799,818
2,762,2,762,762,764,764,766,766,768
2,762,3,762,762,765,765,768,768,771
2,762,5,762,762,767,767,772,772,777
2,762,7,762,762,769,769,776,776,783
2,762,11,762,762,773,773,784,784,795
2,762,13,762,762,775,775,788,788,801
2,762,17,762,762,779,779,796,796,813
2,762,19,762,762,781,781,800,800,819
2,763,2,763,763,765,765,767,767,769
2,763,3,763,763,766,766,769,769,772
2,763,5,763,763,768,768,773,773,778
2,763,7,763,763,770,770,777,777,784
2,763,11,763,763,774,774,785,785,796
2,763,13,763,763,776,776,789,789,802
2,763,17,763,763,780,780,797,797,814
2,763,19,763,763,782,782,801,801,820
2,764,2,764,764,766,766,768,768,770
2,764,3,764,764,767,767,770,770,773
2,764,5,764,764,769,769,774,774,779
2,764,7,764,764,771,771,778,778,785
2,764,11,764,764,775,775,786,786,797
2,764,13,764,764,777,777,790,790,803
2,764,17,764,764,781,781,798,798,815
2,764,19,764,764,783,783,802,802,821
2,765,2,765,765,767,767,769,769,771
2,765,3,765,765,768,768,771,771,774
2,765,5,765,765,770,770,775,775,780
2,765,7,765,765,772,772,779,779,786
2,765,11,765,765,776,776,787,787,798
2,765,13,765,765,778,778,791,791,804
2,765,17,765,765,782,782,799,799,816
2,765,19,765,765,784,784,803,803,822
2,766,2,766,766,768,768,770,770,772
2,766,3,766,766,769,769,772,772,775
2,766,5,766,766,771,771,776,776,781
2,766,7,766,766,773,773,780,780,787
2,766,11,766,766,777,777,788,788,799
2,766,13,766,766,779,779,792,792,805
2,766,17,766,766,783,783,800,800,817
2,766,19,766,766,785,785,804,804,823
2,767,2,767,767,769,769,771,771,773
2,767,3,767,767,770,770,773,773,776
2,767,5,767,767,772,772,777,777,782
2,767,7,767,767,774,774,781,781,788
2,767,11,767,767,778,778,789,789,800
2,767,13,767,767,780,780,793,793,806
2,767,17,767,767,784,784,801,801,818
2,767,19,767,767,786,786,805,805,824
2,768,2,768,768,770,770,772,772,774
2,768,3,768,768,771,771,774,774,777
2,768,5,768,768,773,773,778,778,783
2,768,7,768,768,775,775,782,782,789
2,768,11,768,768,779,779,790,790,801
2,768,13,768,768,781,781,794,794,807
2,768,17,768,768,785,785,802,802,819
2,768,19,768,768,787,787,806,806,825
2,769,2,769,769,771,771,773,773,775
2,769,3,769,769,772,772,775,775,778
2,769,5,769,769,774,774,779,779,784
2,769,7,769,769,776,776,783,783,790
2,769,11,769,769,780,780,791,791,802
2,769,13,769,769,782,782,795,795,808
2,769,17,769,769,786,786,803,803,820
2,769,19,769,769,788,788,807,807,826
2,770,2,770,770,772,772,774,774,776
2,770,3,770,770,773,773,776,776,779
2,770,5,770,770,775,775,780,780,785
2,770,7,770,770,777,777,784,784,791
2,770,11,770,770,781,781,792,792,803
2,770,13,770,770,783,783,796,796,809
2,770,17,770,770,787,787,804,804,821
2,770,19,770,770,789,789,808,808,827
2,771,2,771,771,773,773,775,775,777
2,771,3,771,771,774,774,777,777,780
2,771,5,771,771,776,776,781,781,786
2,771,7,771,771,778,778,785,785,792
2,771,11,771,771,782,782,793,793,804
2,771,13,771,771,784,784,797,797,810
2,771,17,771,771,788,788,805,805,822
2,771,19,771,771,790,790,809,809,828
2,772,2,772,772,774,774,776,776,778
2,772,3,772,772,775,775,778,778,781
2,772,5,772,772,777,777,782,782,787
2,772,7,772,772,779,779,786,786,793
2,772,11,772,772,783,783,794,794,805
2,772,13,772,772,785,785,798,798,811
2,772,17,772,772,789,789,806,806,823
2,772,19,772,772,791,791,810,810,829
2,773,2,773,773,775,775,777,777,779
2,773,3,773,773,776,776,779,779,782
2,773,5,773,773,778,778,783,783,788
2,773,7,773,773,780,780,787,787,794
2,773,11,773,773,784,784,795,795,806
2,773,13,773,773,786,786,799,799,812
2,773,17,773,773,790,790,807,807,824
2,773,19,773,773,792,792,811,811,830
2,774,2,774,774,776,776,778,778,780
2,774,3,774,774,777,777,780,780,783
2,774,5,774,774,779,779,784,784,789
2,774,7,774,774,781,781,788,788,795
2,774,11,774,774,785,785,796,796,807
2,774,13,774,774,787,787,800,800,813
2,774,17,774,774,791,791,808,808,825
2,774,19,774,774,793,793,812,812,831
2,775,2,775,775,777,777,779,779,781
2,775,3,775,775,778,778,781,781,784
2,775,5,775,775,780,780,785,785,790
2,775,7,775,775,782,782,789,789,796
2,775,11,775,775,786,786,797,797,808
2,775,13,775,775,788,788,801,801,814
2,775,17,775,775,792,792,809,809,826
2,775,19,775,775,794,794,813,813,832
2,776,2,776,776,778,778,780,780,782
2,776,3,776,776,779,779,782,782,785
2,776,5,776,776,781,781,786,786,791
2,776,7,776,776,783,783,790,790,797
2,776,11,776,776,787,787,798,798,809
2,776,13,776,776,789,789,802,802,815
2,776,17,776,776,793,793,810,810,827
2,776,19,776,776,795,795,814,814,833
2,777,2,777,777,779,779,781,781,783
2,777,3,777,777,780,780,783,783,786
2,777,5,777,777,782,782,787,787,792
2,777,7,777,777,784,784,791,791,798
2,777,11,777,777,788,788,799,799,810
2,777,13,777,777,790,790,803,803,816
2,777,17,777,777,794,794,811,811,828
2,777,19,777,777,796,796,815,815,834
2,778,2,778,778,780,780,782,782,784
2,778,3,778,778,781,781,784,784,787
2,778,5,778,778,783,783,788,788,793
2,778,7,778,778,785,785,792,792,799
2,778,11,778,778,789,789,800,800,811
2,778,13,778,778,791,791,804,804,817
2,778,17,778,778,795,795,812,812,829
2,778,19,778,778,797,797,816,816,835
2,779,2,779,779,781,781,783,783,785
2,779,3,779,779,782,782,785,785,788
2,779,5,779,779,784,784,789,789,794
2,779,7,779,779,786,786,793,793,800
2,779,11,779,779,790,790,801,801,812
2,779,13,779,779,792,792,805,805,818
2,779,17,779,779,796,796,813,813,830
2,779,19,779,779,798,798,817,817,836
2,780,2,780,780,782,782,784,784,786
2,780,3,780,780,783,783,786,786,789
2,780,5,780,780,785,785,790,790,795
2,780,7,780,780,787,787,794,794,801
2,780,11,780,780,791,791,802,802,813
2,780,13,780,780,793,793,806,806,819
2,780,17,780,780,797,797,814,814,831
2,780,19,780,780,799,799,818,818,837
2,781,2,781,781,783,783,785,785,787
2,781,3,781,781,784,784,787,787,790
2,781,5,781,781,786,786,791,791,796
2,781,7,781,781,788,788,795,795,802
2,781,11,781,781,792,792,803,803,814
2,781,13,781,781,794,794,807,807,820
2,781,17,781,781,798,798,815,815,832
2,781,19,781,781,800,800,819,819,838
2,782,2,782,782,784,784,786,786,788
2,782,3,782,782,785,785,788,788,791
2,782,5,782,782,787,787,792,792,797
2,782,7,782,782,789,789,796,796,803
2,782,11,782,782,793,793,804,804,815
2,782,13,782,782,795,795,808,808,821
2,782,17,782,782,799,799,816,816,833
2,782,19,782,782,801,801,820,820,839
2,783,2,783,783,785,785,787,787,789
2,783,3,783,783,786,786,789,789,792
2,783,5,783,783,788,788,793,793,798
2,783,7,783,783,790,790,797,797,804
2,783,11,783,783,794,794,805,805,816
2,783,13,783,783,796,796,809,809,822
2,783,17,783,783,800,800,817,817,834
2,783,19,783,783,802,802,821,821,840
2,784,2,784,784,786,786,788,788,790
2,784,3,784,784,787,787,790,790,793
2,784,5,784,784,789,789,794,794,799
2,784,7,784,784,791,791,798,798,805
2,784,11,784,784,795,795,806,806,817
2,784,13,784,784,797,797,810,810,823
2,784,17,784,784,801,801,818,818,835
2,784,19,784,784,803,803,822,822,841
2,785,2,785,785,787,787,789,789,791
2,785,3,785,785,788,788,791,791,794
2,785,5,785,785,790,790,795,795,800
2,785,7,785,785,792,792,799,799,806
2,785,11,785,785,796,796,807,807,818
2,785,13,785,785,798,798,811,811,824
2,785,17,785,785,802,802,819,819,836
2,785,19,785,785,804,804,823,823,842
2,786,2,786,786,788,788,790,790,792
2,786,3,786,786,789,789,792,792,795
2,786,5,786,786,791,791,796,796,801
2,786,7,786,786,793,793,800,800,807
2,786,11,786,786,797,797,808,808,819
2,786,13,786,786,799,799,812,812,825
2,786,17,786,786,803,803,820,820,837
2,786,19,786,786,805,805,824,824,843
2,787,2,787,787,789,789,791,791,793
2,787,3,787,787,790,790,793,793,796
2,787,5,787,787,792,792,797,797,802
2,787,7,787,787,794,794,801,801,808
2,787,11,787,787,798,798,809,809,820
2,787,13,787,787,800,800,813,813,826
2,787,17,787,787,804,804,821,821,838
2,787,19,787,787,806,806,825,825,844
2,788,2,788,788,790,790,792,792,794
2,788,3,788,788,791,791,794,794,797
2,788,5,788,788,793,793,798,798,803
2,788,7,788,788,795,795,802,802,809
2,788,11,788,788,799,799,810,810,821
2,788,13,788,788,801,801,814,814,827
2,788,17,788,788,805,805,822,822,839
2,788,19,788,788,807,807,826,826,845
2,789,2,789,789,791,791,793,793,795
2,789,3,789,789,792,792,795,795,798
2,789,5,789,789,794,794,799,799,804
2,789,7,789,789,796,796,803,803,810
2,789,11,789,789,800,800,811,811,822
2,789,13,789,789,802,802,815,815,828
2,789,17,789,789,806,806,823,823,840
2,789,19,789,789,808,808,827,827,846
2,790,2,790,790,792,792,794,794,796
2,790,3,790,790,793,793,796,796,799
2,790,5,790,790,795,795,800,800,805
2,790,7,790,790,797,797,804,804,811
2,790,11,790,790,801,801,812,812,823
2,790,13,790,790,803,803,816,816,829
2,790,17,790,790,807,807,824,824,841
2,790,19,790,790,809,809,828,828,847
2,791,2,791,791,793,793,795,795,797
2,791,3,791,791,794,794,797,797,800
2,791,5,791,791,796,796,801,801,806
2,791,7,791,791,798,798,805,805,812
2,791,11,791,791,802,802,813,813,824
2,791,13,791,791,804,804,817,817,830
2,791,17,791,791,808,808,825,825,842
2,791,19,791,791,810,810,829,829,848
2,792,2,792,792,794,794,796,796,798
2,792,3,792,792,795,795,798,798,801
2,792,5,792,792,797,797,802,802,807
2,792,7,792,792,799,799,806,806,813
2,792,11,792,792,803,803,814,814,825
2,792,13,792,792,805,805,818,818,831
2,792,17,792,792,809,809,826,826,843
2,792,19,792,792,811,811,830,830,849
2,793,2,793,793,795,795,797,797,799
2,793,3,793,793,796,796,799,799,802
2,793,5,793,793,798,798,803,803,808
2,793,7,793,793,800,800,807,807,814
2,793,11,793,793,804,804,815,815,826
2,793,13,793,793,806,806,819,819,832
2,793,17,793,793,810,810,827,827,844
2,793,19,793,793,812,812,831,831,850
2,794,2,794,794,796,796,798,798,800
2,794,3,794,794,797,797,800,800,803
2,794,5,794,794,799,799,804,804,809
2,794,7,794,794,801,801,808,808,815
2,794,11,794,794,805,805,816,816,827
2,794,13,794,794,807,807,820,820,833
2,794,17,794,794,811,811,828,828,845
2,794,19,794,794,813,813,832,832,851
2,795,2,795,795,797,797,799,799,801
2,795,3,795,795,798,798,801,801,804
2,795,5,795,795,800,800,805,805,810
2,795,7,795,795,802,802,809,809,816
2,795,11,795,795,806,806,817,817,828
2,795,13,795,795,808,808,821,821,834
2,795,17,795,795,812,812,829,829,846
2,795,19,795,795,814,814,833,833,852
2,796,2,796,796,798,798,800,800,802
2,796,3,796,796,799,799,802,802,805
2,796,5,796,796,801,801,806,806,811
2,796,7,796,796,803,803,810,810,817
2,796,11,796,796,807,807,818,818,829
2,796,13,796,796,809,809,822,822,835
2,796,17,796,796,813,813,830,830,847
2,796,19,796,796,815,815,834,834,853
2,797,2,797,797,799,799,801,801,803
2,797,3,797,797,800,800,803,803,806
2,797,5,797,797,802,802,807,807,812
2,797,7,797,797,804,804,811,811,818
2,797,11,797,797,808,808,819,819,830
2,797,13,797,797,810,810,823,823,836
2,797,17,797,797,814,814,831,831,848
2,797,19,797,797,816,816,835,835,854
2,798,2,798,798,800,800,802,802,804
2,798,3,798,798,801,801,804,804,807
2,798,5,798,798,803,803,808,808,813
2,798,7,798,798,805,805,812,812,819
2,798,11,798,798,809,809,820,820,831
2,798,13,798,798,811,811,824,824,837
2,798,17,798,798,815,815,832,832,849
2,798,19,798,798,817,817,836,836,855
2,799,2,799,799,801,801,803,803,805
2,799,3,799,799,802,802,805,805,808
2,799,5,799,799,804,804,809,809,814
2,799,7,799,799,806,806,813,813,820
2,799,11,799,799,810,810,821,821,832
2,799,13,799,799,812,812,825,825,838
2,799,17,799,799,816,816,833,833,850
2,799,19,799,799,818,818,837,837,856
2,800,2,800,800,802,802,804,804,806
2,800,3,800,800,803,803,806,806,809
2,800,5,800,800,805,805,810,810,815
2,800,7,800,800,807,807,814,814,821
2,800,11,800,800,811,811,822,822,833
2,800,13,800,800,813,813,826,826,839
2,800,17,800,800,817,817,834,834,851
2,800,19,800,800,819,819,838,838,857
3,801,2,801,801,803,803,805,805,807
3,801,3,801,801,804,804,807,807,810
3,801,5,801,801,806,806,811,811,816
3,801,7,801,801,808,808,815,815,822
3,801,11,801,801,812,812,823,823,834
3,801,13,801,801,814,814,827,827,840
3,801,17,801,801,818,818,835,835,852
3,801,19,801,801,820,820,839,839,858
3,802,2,802,802,804,804,806,806,808
3,802,3,802,802,805,805,808,808,811
3,802,5,802,802,807,807,812,812,817
3,802,7,802,802,809,809,816,816,823
3,802,11,802,802,813,813,824,824,835
3,802,13,802,802,815,815,828,828,841
3,802,17,802,802,819,819,836,836,853
3,802,19,802,802,821,821,840,840,859
3,803,2,803,803,805,805,807,807,809
3,803,3,803,803,806,806,809,809,812
3,803,5,803,803,808,808,813,813,818
3,803,7,803,803,810,810,817,817,824
3,803,11,803,803,814,814,825,825,836
3,803,13,803,803,816,816,829,829,842
3,803,17,803,803,820,820,837,837,854
3,803,19,803,803,822,822,841,841,860
3,804,2,804,804,806,806,808,808,810
3,804,3,804,804,807,807,810,810,813
3,804,5,804,804,809,809,814,814,819
3,804,7,804,804,811,811,818,818,825
3,804,11,804,804,815,815,826,826,837
3,804,13,804,804,817,817,830,830,843
3,804,17,804,804,821,821,838,838,855
3,804,19,804,804,823,823,842,842,861
3,805,2,805,805,807,807,809,809,811
3,805,3,805,805,808,808,811,811,814
3,805,5,805,805,810,810,815,815,820
3,805,7,805,805,812,812,819,819,826
3,805,11,805,805,816,816,827,827,838
3,805,13,805,805,818,818,831,831,844
3,805,17,805,805,822,822,839,839,856
3,805,19,805,805,824,824,843,843,862
3,806,2,806,806,808,808,810,810,812
3,806,3,806,806,809,809,812,812,815
3,806,5,806,806,811,811,816,816,821
3,806,7,806,806,813,813,820,820,827
3,806,11,806,806,817,817,828,828,839
3,806,13,806,806,819,819,832,832,845
3,806,17,806,806,823,823,840,840,857
3,806,19,806,806,825,825,844,844,863
3,807,2,807,807,809,809,811,811,813
3,807,3,807,807,810,810,813,813,816
3,807,5,807,807,812,812,817,817,822
3,807,7,807,807,814,814,821,821,828
3,807,11,807,807,818,818,829,829,840
3,807,13,807,807,820,820,833,833,846
3,807,17,807,807,824,824,841,841,858
3,807,19,807,807,826,826,845,845,864
3,808,2,808,808,810,810,812,812,814
3,808,3,808,808,811,811,814,814,817
3,808,5,808,808,813,813,818,818,823
3,808,7,808,808,815,815,822,822,829
3,808,11,808,808,819,819,830,830,841
3,808,13,808,808,821,821,834,834,847
3,808,17,808,808,825,825,842,842,859
3,808,19,808,808,827,827,846,846,865
3,809,2,809,809,811,811,813,813,815
3,809,3,809,809,812,812,815,815,818
3,809,5,809,809,814,814,819,819,824
3,809,7,809,809,816,816,823,823,830
3,809,11,809,809,820,820,831,831,842
3,809,13,809,809,822,822,835,835,848
3,809,17,809,809,826,826,843,843,860
3,809,19,809,809,828,828,847,847,866
3,810,2,810,810,812,812,814,814,816
3,810,3,810,810,813,813,816,816,819
3,810,5,810,810,815,815,820,820,825
3,810,7,810,810,817,817,824,824,831
3,810,11,810,810,821,821,832,832,843
3,810,13,810,810,823,823,836,836,849
3,810,17,810,810,827,827,844,844,861
3,810,19,810,810,829,829,848,848,867
3,811,2,811,811,813,813,815,815,817
3,811,3,811,811,814,814,817,817,820
3,811,5,811,811,816,816,821,821,826
3,811,7,811,811,818,818,825,825,832
3,811,11,811,811,822,822,833,833,844
3,811,13,811,811,824,824,837,837,850
3,811,17,811,811,828,828,845,845,862
3,811,19,811,811,830,830,849,849,868
3,812,2,812,812,814,814,816,816,818
3,812,3,812,812,815,815,818,818,821
3,812,5,812,812,817,817,822,822,827
3,812,7,812,812,819,819,826,826,833
3,812,11,812,812,823,823,834,834,845
3,812,13,812,812,825,825,838,838,851
3,812,17,812,812,829,829,846,846,863
3,812,19,812,812,831,831,850,850,869
3,813,2,813,813,815,815,817,817,819
3,813,3,813,813,816,816,819,819,822
3,813,5,813,813,818,818,823,823,828
3,813,7,813,813,820,820,827,827,834
3,813,11,813,813,824,824,835,835,846
3,813,13,813,813,826,826,839,839,852
3,813,17,813,813,830,830,847,847,864
3,813,19,813,813,832,832,851,851,870
3,814,2,814,814,816,816,818,818,820
3,814,3,814,814,817,817,820,820,823
3,814,5,814,814,819,819,824,824,829
3,814,7,814,814,821,821,828,828,835
3,814,11,814,814,825,825,836,836,847
3,814,13,814,814,827,827,840,840,853
3,814,17,814,814,831,831,848,848,865
3,814,19,814,814,833,833,852,852,871
3,815,2,815,815,817,817,819,819,821
3,815,3,815,815,818,818,821,821,824
3,815,5,815,815,820,820,825,825,830
3,815,7,815,815,822,822,829,829,836
3,815,11,815,815,826,826,837,837,848
3,815,13,815,815,828,828,841,841,854
3,815,17,815,815,832,832,849,849,866
3,815,19,815,815,834,834,853,853,872
3,816,2,816,816,818,818,820,820,822
3,816,3,816,816,819,819,822,822,825
3,816,5,816,816,821,821,826,826,831
3,816,7,816,816,823,823,830,830,837
3,816,11,816,816,827,827,838,838,849
3,816,13,816,816,829,829,842,842,855
3,816,17,816,816,833,833,850,850,867
3,816,19,816,816,835,835,854,854,873
3,817,2,817,817,819,819,821,821,823
3,817,3,817,817,820,820,823,823,826
3,817,5,817,817,822,822,827,827,832
3,817,7,817,817,824,824,831,831,838
3,817,11,817,817,828,828,839,839,850
3,817,13,817,817,830,830,843,843,856
3,817,17,817,817,834,834,851,851,868
3,817,19,817,817,836,836,855,855,874
3,818,2,818,818,820,820,822,822,824
3,818,3,818,818,821,821,824,824,827
3,818,5,818,818,823,823,828,828,833
3,818,7,818,818,825,825,832,832,839
3,818,11,818,818,829,829,840,840,851
3,818,13,818,818,831,831,844,844,857
3,818,17,818,818,835,835,852,852,869
3,818,19,818,818,837,837,856,856,875
3,819,2,819,819,821,821,823,823,825
3,819,3,819,819,822,822,825,825,828
3,819,5,819,819,824,824,829,829,834
3,819,7,819,819,826,826,833,833,840
3,819,11,819,819,830,830,841,841,852
3,819,13,819,819,832,832,845,845,858
3,819,17,819,819,836,836,853,853,870
3,819,19,819,819,838,838,857,857,876
3,820,2,820,820,822,822,824,824,826
3,820,3,820,820,823,823,826,826,829
3,820,5,820,820,825,825,830,830,835
3,820,7,820,820,827,827,834,834,841
3,820,11,820,820,831,831,842,842,853
3,820,13,820,820,833,833,846,846,859
3,820,17,820,820,837,837,854,854,871
3,820,19,820,820,839,839,858,858,877
3,821,2,821,821,823,823,825,825,827
3,821,3,821,821,824,824,827,827,830
3,821,5,821,821,826,826,831,831,836
3,821,7,821,821,828,828,835,835,842
3,821,11,821,821,832,832,843,843,854
3,821,13,821,821,834,834,847,847,860
3,821,17,821,821,838,838,855,855,872
3,821,19,821,821,840,840,859,859,878
3,822,2,822,822,824,824,826,826,828
3,822,3,822,822,825,825,828,828,831
3,822,5,822,822,827,827,832,832,837
3,822,7,822,822,829,829,836,836,843
3,822,11,822,822,833,833,844,844,855
3,822,13,822,822,835,835,848,848,861
3,822,17,822,822,839,839,856,856,873
3,822,19,822,822,841,841,860,860,879
3,823,2,823,823,825,825,827,827,829
3,823,3,823,823,826,826,829,829,832
3,823,5,823,823,828,828,833,833,838
3,823,7,823,823,830,830,837,837,844
3,823,11,823,823,834,834,845,845,856
3,823,13,823,823,836,836,849,849,862
3,823,17,823,823,840,840,857,857,874
3,823,19,823,823,842,842,861,861,880
3,824,2,824,824,826,826,828,828,830
3,824,3,824,824,827,827,830,830,833
3,824,5,824,824,829,829,834,834,839
3,824,7,824,824,831,831,838,838,845
3,824,11,824,824,835,835,846,846,857
3,824,13,824,824,837,837,850,850,863
3,824,17,824,824,841,841,858,858,875
3,824,19,824,824,843,843,862,862,881
3,825,2,825,825,827,827,829,829,831
3,825,3,825,825,828,828,831,831,834
3,825,5,825,825,830,830,835,835,840
3,825,7,825,825,832,832,839,839,846
3,825,11,825,825,836,836,847,847,858
3,825,13,825,825,838,838,851,851,864
3,825,17,825,825,842,842,859,859,876
3,825,19,825,825,844,844,863,863,882
3,826,2,826,826,828,828,830,830,832
3,826,3,826,826,829,829,832,832,835
3,826,5,826,826,831,831,836,836,841
3,826,7,826,826,833,833,840,840,847
3,826,11,826,826,837,837,848,848,859
3,826,13,826,826,839,839,852,852,865
3,826,17,826,826,843,843,860,860,877
3,826,19,826,826,845,845,864,864,883
3,827,2,827,827,829,829,831,831,833
3,827,3,827,827,830,830,833,833,836
3,827,5,827,827,832,832,837,837,842
3,827,7,827,827,834,834,841,841,848
3,827,11,827,827,838,838,849,849,860
3,827,13,827,827,840,840,853,853,866
3,827,17,827,827,844,844,861,861,878
3,827,19,827,827,846,846,865,865,884
3,828,2,828,828,830,830,832,832,834
3,828,3,828,828,831,831,834,834,837
3,828,5,828,828,833,833,838,838,843
3,828,7,828,828,835,835,842,842,849
3,828,11,828,828,839,839,850,850,861
3,828,13,828,828,841,841,854,854,867
3,828,17,828,828,845,845,862,862,879
3,828,19,828,828,847,847,866,866,885
3,829,2,829,829,831,831,833,833,835
3,829,3,829,829,832,832,835,835,838
3,829,5,829,829,834,834,839,839,844
3,829,7,829,829,836,836,843,843,850
3,829,11,829,829,840,840,851,851,862
3,829,13,829,829,842,842,855,855,868
3,829,17,829,829,846,846,863,863,880
3,829,19,829,829,848,848,867,867,886
3,830,2,830,830,832,832,834,834,836
3,830,3,830,830,833,833,836,836,839
3,830,5,830,830,835,835,840,840,845
3,830,7,830,830,837,837,844,844,851
3,830,11,830,830,841,841,852,852,863
3,830,13,830,830,843,843,856,856,869
3,830,17,830,830,847,847,864,864,881
3,830,19,830,830,849,849,868,868,887
3,831,2,831,831,833,833,835,835,837
3,831,3,831,831,834,834,837,837,840
3,831,5,831,831,836,836,841,841,846
3,831,7,831,831,838,838,845,845,852
3,831,11,831,831,842,842,853,853,864
3,831,13,831,831,844,844,857,857,870
3,831,17,831,831,848,848,865,865,882
3,831,19,831,831,850,850,869,869,888
3,832,2,832,832,834,834,836,836,838
3,832,3,832,832,835,835,838,838,841
3,832,5,832,832,837,837,842,842,847
3,832,7,832,832,839,839,846,846,853
3,832,11,832,832,843,843,854,854,865
3,832,13,832,832,845,845,858,858,871
3,832,17,832,832,849,849,866,866,883
3,832,19,832,832,851,851,870,870,889
3,833,2,833,833,835,835,837,837,839
3,833,3,833,833,836,836,839,839,842
3,833,5,833,833,838,838,843,843,848
3,833,7,833,833,840,840,847,847,854
3,833,11,833,833,844,844,855,855,866
3,833,13,833,833,846,846,859,859,872
3,833,17,833,833,850,850,867,867,884
3,833,19,833,833,852,852,871,871,890
3,834,2,834,834,836,836,838,838,840
3,834,3,834,834,837,837,840,840,843
3,834,5,834,834,839,839,844,844,849
3,834,7,834,834,841,841,848,848,855
3,834,11,834,834,845,845,856,856,867
3,834,13,834,834,847,847,860,860,873
3,834,17,834,834,851,851,868,868,885
3,834,19,834,834,853,853,872,872,891
3,835,2,835,835,837,837,839,839,841
3,835,3,835,835,838,838,841,841,844
3,835,5,835,835,840,840,845,845,850
3,835,7,835,835,842,842,849,849,856
3,835,11,835,835,846,846,857,857,868
3,835,13,835,835,848,848,861,861,874
3,835,17,835,835,852,852,869,869,886
3,835,19,835,835,854,854,873,873,892
3,836,2,836,836,838,838,840,840,842
3,836,3,836,836,839,839,842,842,845
3,836,5,836,836,841,841,846,846,851
3,836,7,836,836,843,843,850,850,857
3,836,11,836,836,847,847,858,858,869
3,836,13,836,836,849,849,862,862,875
3,836,17,836,836,853,853,870,870,887
3,836,19,836,836,855,855,874,874,893
3,837,2,837,837,839,839,841,841,843
3,837,3,837,837,840,840,843,843,846
3,837,5,837,837,842,842,847,847,852
3,837,7,837,837,844,844,851,851,858
3,837,11,837,837,848,848,859,859,870
3,837,13,837,837,850,850,863,863,876
3,837,17,837,837,854,854,871,871,888
3,837,19,837,837,856,856,875,875,894
3,838,2,838,838,840,840,842,842,844
3,838,3,838,838,841,841,844,844,847
3,838,5,838,838,843,843,848,848,853
3,838,7,838,838,845,845,852,852,859
3,838,11,838,838,849,849,860,860,871
3,838,13,838,838,851,851,864,864,877
3,838,17,838,838,855,855,872,872,889
3,838,19,838,838,857,857,876,876,895
3,839,2,839,839,841,841,843,843,845
3,839,3,839,839,842,842,845,845,848
3,839,5,839,839,844,844,849,849,854
3,839,7,839,839,846,846,853,853,860
3,839,11,839,839,850,850,861,861,872
3,839,13,839,839,852,852,865,865,878
3,839,17,839,839,856,856,873,873,890
3,839,19,839,839,858,858,877,877,896
3,840,2,840,840,842,842,844,844,846
3,840,3,840,840,843,843,846,846,849
3,840,5,840,840,845,845,850,850,855
3,840,7,840,840,847,847,854,854,861
3,840,11,840,840,851,851,862,862,873
3,840,13,840,840,853,853,866,866,879
3,840,17,840,840,857,857,874,874,891
3,840,19,840,840,859,859,878,878,897
3,841,2,841,841,843,843,845,845,847
3,841,3,841,841,844,844,847,847,850
3,841,5,841,841,846,846,851,851,856
3,841,7,841,841,848,848,855,855,862
3,841,11,841,841,852,852,863,863,874
3,841,13,841,841,854,854,867,867,880
3,841,17,841,841,858,858,875,875,892
3,841,19,841,841,860,860,879,879,898
3,842,2,842,842,844,844,846,846,848
3,842,3,842,842,845,845,848,848,851
3,842,5,842,842,847,847,852,852,857
3,842,7,842,842,849,849,856,856,863
3,842,11,842,842,853,853,864,864,875
3,842,13,842,842,855,855,868,868,881
3,842,17,842,842,859,859,876,876,893
3,842,19,842,842,861,861,880,880,899
3,843,2,843,843,845,845,847,847,849
3,843,3,843,843,846,846,849,849,852
3,843,5,843,843,848,848,853,853,858
3,843,7,843,843,850,850,857,857,864
3,843,11,843,843,854,854,865,865,876
3,843,13,843,843,856,856,869,869,882
3,843,17,843,843,860,860,877,877,894
3,843,19,843,843,862,862,881,881,900
3,844,2,844,844,846,846,848,848,850
3,844,3,844,844,847,847,850,850,853
3,844,5,844,844,849,849,854,854,859
3,844,7,844,844,851,851,858,858,865
3,844,11,844,844,855,855,866,866,877
3,844,13,844,844,857,857,870,870,883
3,844,17,844,844,861,861,878,878,895
3,844,19,844,844,863,863,882,882,901
3,845,2,845,845,847,847,849,849,851
3,845,3,845,845,848,848,851,851,854
3,845,5,845,845,850,850,855,855,860
3,845,7,845,845,852,852,859,859,866
3,845,11,845,845,856,856,867,867,878
3,845,13,845,845,858,858,871,871,884
3,845,17,845,845,862,862,879,879,896
3,845,19,845,845,864,864,883,883,902
3,846,2,846,846,848,848,850,850,852
3,846,3,846,846,849,849,852,852,855
3,846,5,846,846,851,851,856,856,861
3,846,7,846,846,853,853,860,860,867
3,846,11,846,846,857,857,868,868,879
3,846,13,846,846,859,859,872,872,885
3,846,17,846,846,863,863,880,880,897
3,846,19,846,846,865,865,884,884,903
3,847,2,847,847,849,849,851,851,853
3,847,3,847,847,850,850,853,853,856
3,847,5,847,847,852,852,857,857,862
3,847,7,847,847,854,854,861,861,868
3,847,11,847,847,858,858,869,869,880
3,847,13,847,847,860,860,873,873,886
3,847,17,847,847,864,864,881,881,898
3,847,19,847,847,866,866,885,885,904
3,848,2,848,848,850,850,852,852,854
3,848,3,848,848,851,851,854,854,857
3,848,5,848,848,853,853,858,858,863
3,848,7,848,848,855,855,862,862,869
3,848,11,848,848,859,859,870,870,881
3,848,13,848,848,861,861,874,874,887
3,848,17,848,848,865,865,882,882,899
3,848,19,848,848,867,867,886,886,905
3,849,2,849,849,851,851,853,853,855
3,849,3,849,849,852,852,855,855,858
3,849,5,849,849,854,854,859,859,864
3,849,7,849,849,856,856,863,863,870
3,849,11,849,849,860,860,871,871,882
3,849,13,849,849,862,862,875,875,888
3,849,17,849,849,866,866,883,883,900
3,849,19,849,849,868,868,887,887,906
3,850,2,850,850,852,852,854,854,856
3,850,3,850,850,853,853,856,856,859
3,850,5,850,850,855,855,860,860,865
3,850,7,850,850,857,857,864,864,871
3,850,11,850,850,861,861,872,872,883
3,850,13,850,850,863,863,876,876,889
3,850,17,850,850,867,867,884,884,901
3,850,19,850,850,869,869,888,888,907
3,851,2,851,851,853,853,855,855,857
3,851,3,851,851,854,854,857,857,860
3,851,5,851,851,856,856,861,861,866
3,851,7,851,851,858,858,865,865,872
3,851,11,851,851,862,862,873,873,884
3,851,13,851,851,864,864,877,877,890
3,851,17,851,851,868,868,885,885,902
3,851,19,851,851,870,870,889,889,908
3,852,2,852,852,854,854,856,856,858
3,852,3,852,852,855,855,858,858,861
3,852,5,852,852,857,857,862,862,867
3,852,7,852,852,859,859,866,866,873
3,852,11,852,852,863,863,874,874,885
3,852,13,852,852,865,865,878,878,891
3,852,17,852,852,869,869,886,886,903
3,852,19,852,852,871,871,890,890,909
3,853,2,853,853,855,855,857,857,859
3,853,3,853,853,856,856,859,859,862
3,853,5,853,853,858,858,863,863,868
3,853,7,853,853,860,860,867,867,874
3,853,11,853,853,864,864,875,875,886
3,853,13,853,853,866,866,879,879,892
3,853,17,853,853,870,870,887,887,904
3,853,19,853,853,872,872,891,891,910
3,854,2,854,854,856,856,858,858,860
3,854,3,854,854,857,857,860,860,863
3,854,5,854,854,859,859,864,864,869
3,854,7,854,854,861,861,868,868,875
3,854,11,854,854,865,865,876,876,887
3,854,13,854,854,867,867,880,880,893
3,854,17,854,854,871,871,888,888,905
3,854,19,854,854,873,873,892,892,911
3,855,2,855,855,857,857,859,859,861
3,855,3,855,855,858,858,861,861,864
3,855,5,855,855,860,860,865,865,870
3,855,7,855,855,862,862,869,869,876
3,855,11,855,855,866,866,877,877,888
3,855,13,855,855,868,868,881,881,894
3,855,17,855,855,872,872,889,889,906
3,855,19,855,855,874,874,893,893,912
3,856,2,856,856,858,858,860,860,862
3,856,3,856,856,859,859,862,862,865
3,856,5,856,856,861,861,866,866,871
3,856,7,856,856,863,863,870,870,877
3,856,11,856,856,867,867,878,878,889
3,856,13,856,856,869,869,882,882,895
3,856,17,856,856,873,873,890,890,907
3,856,19,856,856,875,875,894,894,913
3,857,2,857,857,859,859,861,861,863
3,857,3,857,857,860,860,863,863,866
3,857,5,857,857,862,862,867,867,872
3,857,7,857,857,864,864,871,871,878
3,857,11,857,857,868,868,879,879,890
3,857,13,857,857,870,870,883,883,896
3,857,17,857,857,874,874,891,891,908
3,857,19,857,857,876,876,895,895,914
3,858,2,858,858,860,860,862,862,864
3,858,3,858,858,861,861,864,864,867
3,858,5,858,858,863,863,868,868,873
3,858,7,858,858,865,865,872,872,879
3,858,11,858,858,869,869,880,880,891
3,858,13,858,858,871,871,884,884,897
3,858,17,858,858,875,875,892,892,909
3,858,19,858,858,877,877,896,896,915
3,859,2,859,859,861,861,863,863,865
3,859,3,859,859,862,862,865,865,868
3,859,5,859,859,864,864,869,869,874
3,859,7,859,859,866,866,873,873,880
3,859,11,859,859,870,870,881,881,892
3,859,13,859,859,872,872,885,885,898
3,859,17,859,859,876,876,893,893,910
3,859,19,859,859,878,878,897,897,916
3,860,2,860,860,862,862,864,864,866
3,860,3,860,860,863,863,866,866,869
3,860,5,860,860,865,865,870,870,875
3,860,7,860,860,867,867,874,874,881
3,860,11,860,860,871,871,882,882,893
3,860,13,860,860,873,873,886,886,899
3,860,17,860,860,877,877,894,894,911
3,860,19,860,860,879,879,898,898,917
3,861,2,861,861,863,863,865,865,867
3,861,3,861,861,864,864,867,867,870
3,861,5,861,861,866,866,871,871,876
3,861,7,861,861,868,868,875,875,882
3,861,11,861,861,872,872,883,883,894
3,861,13,861,861,874,874,887,887,900
3,861,17,861,861,878,878,895,895,912
3,861,19,861,861,880,880,899,899,918
3,862,2,862,862,864,864,866,866,868
3,862,3,862,862,865,865,868,868,871
3,862,5,862,862,867,867,872,872,877
3,862,7,862,862,869,869,876,876,883
3,862,11,862,862,873,873,884,884,895
3,862,13,862,862,875,875,888,888,901
3,862,17,862,862,879,879,896,896,913
3,862,19,862,862,881,881,900,900,919
3,863,2,863,863,865,865,867,867,869
3,863,3,863,863,866,866,869,869,872
3,863,5,863,863,868,868,873,873,878
3,863,7,863,863,870,870,877,877,884
3,863,11,863,863,874,874,885,885,896
3,863,13,863,863,876,876,889,889,902
3,863,17,863,863,880,880,897,897,914
3,863,19,863,863,882,882,901,901,920
3,864,2,864,864,866,866,868,868,870
3,864,3,864,864,867,867,870,870,873
3,864,5,864,864,869,869,874,874,879
3,864,7,864,864,871,871,878,878,885
3,864,11,864,864,875,875,886,886,897
3,864,13,864,864,877,877,890,890,903
3,864,17,864,864,881,881,898,898,915
3,864,19,864,864,883,883,902,902,921
3,865,2,865,865,867,867,869,869,871
3,865,3,865,865,868,868,871,871,874
3,865,5,865,865,870,870,875,875,880
3,865,7,865,865,872,872,879,879,886
3,865,11,865,865,876,876,887,887,898
3,865,13,865,865,878,878,891,891,904
3,865,17,865,865,882,882,899,899,916
3,865,19,865,865,884,884,903,903,922
3,866,2,866,866,868,868,870,870,872
3,866,3,866,866,869,869,872,872,875
3,866,5,866,866,871,871,876,876,881
3,866,7,866,866,873,873,880,880,887
3,866,11,866,866,877,877,888,888,899
3,866,13,866,866,879,879,892,892,905
3,866,17,866,866,883,883,900,900,917
3,866,19,866,866,885,885,904,904,923
3,867,2,867,867,869,869,871,871,873
3,867,3,867,867,870,870,873,873,876
3,867,5,867,867,872,872,877,877,882
3,867,7,867,867,874,874,881,881,888
3,867,11,867,867,878,878,889,889,900
3,867,13,867,867,880,880,893,893,906
3,867,17,867,867,884,884,901,901,918
3,867,19,867,867,886,886,905,905,924
3,868,2,868,868,870,870,872,872,874
3,868,3,868,868,871,871,874,874,877
3,868,5,868,868,873,873,878,878,883
3,868,7,868,868,875,875,882,882,889
3,868,11,868,868,879,879,890,890,901
3,868,13,868,868,881,881,894,894,907
3,868,17,868,868,885,885,902,902,919
3,868,19,868,868,887,887,906,906,925
3,869,2,869,869,871,871,873,873,875
3,869,3,869,869,872,872,875,875,878
3,869,5,869,869,874,874,879,879,884
3,869,7,869,869,876,876,883,883,890
3,869,11,869,869,880,880,891,891,902
3,869,13,869,869,882,882,895,895,908
3,869,17,869,869,886,886,903,903,920
3,869,19,869,869,888,888,907,907,926
3,870,2,870,870,872,872,874,874,876
3,870,3,870,870,873,873,876,876,879
3,870,5,870,870,875,875,880,880,885
3,870,7,870,870,877,877,884,884,891
3,870,11,870,870,881,881,892,892,903
3,870,13,870,870,883,883,896,896,909
3,870,17,870,870,887,887,904,904,921
3,870,19,870,870,889,889,908,908,927
3,871,2,871,871,873,873,875,875,877
3,871,3,871,871,874,874,877,877,880
3,871,5,871,871,876,876,881,881,886
3,871,7,871,871,878,878,885,885,892
3,871,11,871,871,882,882,893,893,904
3,871,13,871,871,884,884,897,897,910
3,871,17,871,871,888,888,905,905,922
3,871,19,871,871,890,890,909,909,928
3,872,2,872,872,874,874,876,876,878
3,872,3,872,872,875,875,878,878,881
3,872,5,872,872,877,877,882,882,887
3,872,7,872,872,879,879,886,886,893
3,872,11,872,872,883,883,894,894,905
3,872,13,872,872,885,885,898,898,911
3,872,17,872,872,889,889,906,906,923
3,872,19,872,872,891,891,910,910,929
3,873,2,873,873,875,875,877,877,879
3,873,3,873,873,876,876,879,879,882
3,873,5,873,873,878,878,883,883,888
3,873,7,873,873,880,880,887,887,894
3,873,11,873,873,884,884,895,895,906
3,873,13,873,873,886,886,899,899,912
3,873,17,873,873,890,890,907,907,924
3,873,19,873,873,892,892,911,911,930
3,874,2,874,874,876,876,878,878,880
3,874,3,874,874,877,877,880,880,883
3,874,5,874,874,879,879,884,884,889
3,874,7,874,874,881,881,888,888,895
3,874,11,874,874,885,885,896,896,907
3,874,13,874,874,887,887,900,900,913
3,874,17,874,874,891,891,908,908,925
3,874,19,874,874,893,893,912,912,931
3,875,2,875,875,877,877,879,879,881
3,875,3,875,875,878,878,881,881,884
3,875,5,875,875,880,880,885,885,890
3,875,7,875,875,882,882,889,889,896
3,875,11,875,875,886,886,897,897,908
3,875,13,875,875,888,888,901,901,914
3,875,17,875,875,892,892,909,909,926
3,875,19,875,875,894,894,913,913,932
3,876,2,876,876,878,878,880,880,882
3,876,3,876,876,879,879,882,882,885
3,876,5,876,876,881,881,886,886,891
3,876,7,876,876,883,883,890,890,897
3,876,11,876,876,887,887,898,898,909
3,876,13,876,876,889,889,902,902,915
3,876,17,876,876,893,893,910,910,927
3,876,19,876,876,895,895,914,914,933
3,877,2,877,877,879,879,881,881,883
3,877,3,877,877,880,880,883,883,886
3,877,5,877,877,882,882,887,887,892
3,877,7,877,877,884,884,891,891,898
3,877,11,877,877,888,888,899,899,910
3,877,13,877,877,890,890,903,903,916
3,877,17,877,877,894,894,911,911,928
3,877,19,877,877,896,896,915,915,934
3,878,2,878,878,880,880,882,882,884
3,878,3,878,878,881,881,884,884,887
3,878,5,878,878,883,883,888,888,893
3,878,7,878,878,885,885,892,892,899
3,878,11,878,878,889,889,900,900,911
3,878,13,878,878,891,891,904,904,917
3,878,17,878,878,895,895,912,912,929
3,878,19,878,878,897,897,916,916,935
3,879,2,879,879,881,881,883,883,885
3,879,3,879,879,882,882,885,885,888
3,879,5,879,879,884,884,889,889,894
3,879,7,879,879,886,886,893,893,900
3,879,11,879,879,890,890,901,901,912
3,879,13,879,879,892,892,905,905,918
3,879,17,879,879,896,896,913,913,930
3,879,19,879,879,898,898,917,917,936
3,880,2,880,880,882,882,884,884,886
3,880,3,880,880,883,883,886,886,889
3,880,5,880,880,885,885,890,890,895
3,880,7,880,880,887,887,894,894,901
3,880,11,880,880,891,891,902,902,913
3,880,13,880,880,893,893,906,906,919
3,880,17,880,880,897,897,914,914,931
3,880,19,880,880,899,899,918,918,937
3,881,2,881,881,883,883,885,885,887
3,881,3,881,881,884,884,887,887,890
3,881,5,881,881,886,886,891,891,896
3,881,7,881,881,888,888,895,895,902
3,881,11,881,881,892,892,903,903,914
3,881,13,881,881,894,894,907,907,920
3,881,17,881,881,898,898,915,915,932
3,881,19,881,881,900,900,919,919,938
3,882,2,882,882,884,884,886,886,888
3,882,3,882,882,885,885,888,888,891
3,882,5,882,882,887,887,892,892,897
3,882,7,882,882,889,889,896,896,903
3,882,11,882,882,893,893,904,904,915
3,882,13,882,882,895,895,908,908,921
3,882,17,882,882,899,899,916,916,933
3,882,19,882,882,901,901,920,920,939
3,883,2,883,883,885,885,887,887,889
3,883,3,883,883,886,886,889,889,892
3,883,5,883,883,888,888,893,893,898
3,883,7,883,883,890,890,897,897,904
3,883,11,883,883,894,894,905,905,916
3,883,13,883,883,896,896,909,909,922
3,883,17,883,883,900,900,917,917,934
3,883,19,883,883,902,902,921,921,940
3,884,2,884,884,886,886,888,888,890
3,884,3,884,884,887,887,890,890,893
3,884,5,884,884,889,889,894,894,899
3,884,7,884,884,891,891,898,898,905
3,884,11,884,884,895,895,906,906,917
3,884,13,884,884,897,897,910,910,923
3,884,17,884,884,901,901,918,918,935
3,884,19,884,884,903,903,922,922,941
3,885,2,885,885,887,887,889,889,891
3,885,3,885,885,888,888,891,891,894
3,885,5,885,885,890,890,895,895,900
3,885,7,885,885,892,892,899,899,906
3,885,11,885,885,896,896,907,907,918
3,885,13,885,885,898,898,911,911,924
3,885,17,885,885,902,902,919,919,936
3,885,19,885,885,904,904,923,923,942
3,886,2,886,886,888,888,890,890,892
3,886,3,886,886,889,889,892,892,895
3,886,5,886,886,891,891,896,896,901
3,886,7,886,886,893,893,900,900,907
3,886,11,886,886,897,897,908,908,919
3,886,13,886,886,899,899,912,912,925
3,886,17,886,886,903,903,920,920,937
3,886,19,886,886,905,905,924,924,943
3,887,2,887,887,889,889,891,891,893
3,887,3,887,887,890,890,893,893,896
3,887,5,887,887,892,892,897,897,902
3,887,7,887,887,894,894,901,901,908
3,887,11,887,887,898,898,909,909,920
3,887,13,887,887,900,900,913,913,926
3,887,17,887,887,904,904,921,921,938
3,887,19,887,887,906,906,925,925,944
3,888,2,888,888,890,890,892,892,894
3,888,3,888,888,891,891,894,894,897
3,888,5,888,888,893,893,898,898,903
3,888,7,888,888,895,895,902,902,909
3,888,11,888,888,899,899,910,910,921
3,888,13,888,888,901,901,914,914,927
3,888,17,888,888,905,905,922,922,939
3,888,19,888,888,907,907,926,926,945
3,889,2,889,889,891,891,893,893,895
3,889,3,889,889,892,892,895,895,898
3,889,5,889,889,894,894,899,899,904
3,889,7,889,889,896,896,903,903,910
3,889,11,889,889,900,900,911,911,922
3,889,13,889,889,902,902,915,915,928
3,889,17,889,889,906,906,923,923,940
3,889,19,889,889,908,908,927,927,946
3,890,2,890,890,892,892,894,894,896
3,890,3,890,890,893,893,896,896,899
3,890,5,890,890,895,895,900,900,905
3,890,7,890,890,897,897,904,904,911
3,890,11,890,890,901,901,912,912,923
3,890,13,890,890,903,903,916,916,929
3,890,17,890,890,907,907,924,924,941
3,890,19,890,890,909,909,928,928,947
3,891,2,891,891,893,893,895,895,897
3,891,3,891,891,894,894,897,897,900
3,891,5,891,891,896,896,901,901,906
3,891,7,891,891,898,898,905,905,912
3,891,11,891,891,902,902,913,913,924
3,891,13,891,891,904,904,917,917,930
3,891,17,891,891,908,908,925,925,942
3,891,19,891,891,910,910,929,929,948
3,892,2,892,892,894,894,896,896,898
3,892,3,892,892,895,895,898,898,901
3,892,5,892,892,897,897,902,902,907
3,892,7,892,892,899,899,906,906,913
3,892,11,892,892,903,903,914,914,925
3,892,13,892,892,905,905,918,918,931
3,892,17,892,892,909,909,926,926,943
3,892,19,892,892,911,911,930,930,949
3,893,2,893,893,895,895,897,897,899
3,893,3,893,893,896,896,899,899,902
3,893,5,893,893,898,898,903,903,908
3,893,7,893,893,900,900,907,907,914
3,893,11,893,893,904,904,915,915,926
3,893,13,893,893,906,906,919,919,932
3,893,17,893,893,910,910,927,927,944
3,893,19,893,893,912,912,931,931,950
3,894,2,894,894,896,896,898,898,900
3,894,3,894,894,897,897,900,900,903
3,894,5,894,894,899,899,904,904,909
3,894,7,894,894,901,901,908,908,915
3,894,11,894,894,905,905,916,916,927
3,894,13,894,894,907,907,920,920,933
3,894,17,894,894,911,911,928,928,945
3,894,19,894,894,913,913,932,932,951
3,895,2,895,895,897,897,899,899,901
3,895,3,895,895,898,898,901,901,904
3,895,5,895,895,900,900,905,905,910
3,895,7,895,895,902,902,909,909,916
3,895,11,895,895,906,906,917,917,928
3,895,13,895,895,908,908,921,921,934
3,895,17,895,895,912,912,929,929,946
3,895,19,895,895,914,914,933,933,952
3,896,2,896,896,898,898,900,900,902
3,896,3,896,896,899,899,902,902,905
3,896,5,896,896,901,901,906,906,911
3,896,7,896,896,903,903,910,910,917
3,896,11,896,896,907,907,918,918,929
3,896,13,896,896,909,909,922,922,935
3,896,17,896,896,913,913,930,930,947
3,896,19,896,896,915,915,934,934,953
3,897,2,897,897,899,899,901,901,903
3,897,3,897,897,900,900,903,903,906
3,897,5,897,897,902,902,907,907,912
3,897,7,897,897,904,904,911,911,918
3,897,11,897,897,908,908,919,919,930
3,897,13,897,897,910,910,923,923,936
3,897,17,897,897,914,914,931,931,948
3,897,19,897,897,916,916,935,935,954
3,898,2,898,898,900,900,902,902,904
3,898,3,898,898,901,901,904,904,907
3,898,5,898,898,903,903,908,908,913
3,898,7,898,898,905,905,912,912,919
3,898,11,898,898,909,909,920,920,931
3,898,13,898,898,911,911,924,924,937
3,898,17,898,898,915,915,932,932,949
3,898,19,898,898,917,917,936,936,955
3,899,2,899,899,901,901,903,903,905
3,899,3,899,899,902,902,905,905,908
3,899,5,899,899,904,904,909,909,914
3,899,7,899,899,906,906,913,913,920
3,899,11,899,899,910,910,921,921,932
3,899,13,899,899,912,912,925,925,938
3,899,17,899,899,916,916,933,933,950
3,899,19,899,899,918,918,937,937,956
3,900,2,900,900,902,902,904,904,906
3,900,3,900,900,903,903,906,906,909
3,900,5,900,900,905,905,910,910,915
3,900,7,900,900,907,907,914,914,921
3,900,11,900,900,911,911,922,922,933
3,900,13,900,900,913,913,926,926,939
3,900,17,900,900,917,917,934,934,951
3,900,19,900,900,919,919,938,938,957
3,901,2,901,901,903,903,905,905,907
3,901,3,901,901,904,904,907,907,910
3,901,5,901,901,906,906,911,911,916
3,901,7,901,901,908,908,915,915,922
3,901,11,901,901,912,912,923,923,934
3,901,13,901,901,914,914,927,927,940
3,901,17,901,901,918,918,935,935,952
3,901,19,901,901,920,920,939,939,958
3,902,2,902,902,904,904,906,906,908
3,902,3,902,902,905,905,908,908,911
3,902,5,902,902,907,907,912,912,917
3,902,7,902,902,909,909,916,916,923
3,902,11,902,902,913,913,924,924,935
3,902,13,902,902,915,915,928,928,941
3,902,17,902,902,919,919,936,936,953
3,902,19,902,902,921,921,940,940,959
3,903,2,903,903,905,905,907,907,909
3,903,3,903,903,906,906,909,909,912
3,903,5,903,903,908,908,913,913,918
3,903,7,903,903,910,910,917,917,924
3,903,11,903,903,914,914,925,925,936
3,903,13,903,903,916,916,929,929,942
3,903,17,903,903,920,920,937,937,954
3,903,19,903,903,922,922,941,941,960
3,904,2,904,904,906,906,908,908,910
3,904,3,904,904,907,907,910,910,913
3,904,5,904,904,909,909,914,914,919
3,904,7,904,904,911,911,918,918,925
3,904,11,904,904,915,915,926,926,937
3,904,13,904,904,917,917,930,930,943
3,904,17,904,904,921,921,938,938,955
3,904,19,904,904,923,923,942,942,961
3,905,2,905,905,907,907,909,909,911
3,905,3,905,905,908,908,911,911,914
3,905,5,905,905,910,910,915,915,920
3,905,7,905,905,912,912,919,919,926
3,905,11,905,905,916,916,927,927,938
3,905,13,905,905,918,918,931,931,944
3,905,17,905,905,922,922,939,939,956
3,905,19,905,905,924,924,943,943,962
3,906,2,906,906,908,908,910,910,912
3,906,3,906,906,909,909,912,912,915
3,906,5,906,906,911,911,916,916,921
3,906,7,906,906,913,913,920,920,927
3,906,11,906,906,917,917,928,928,939
3,906,13,906,906,919,919,932,932,945
3,906,17,906,906,923,923,940,940,957
3,906,19,906,906,925,925,944,944,963
3,907,2,907,907,909,909,911,911,913
3,907,3,907,907,910,910,913,913,916
3,907,5,907,907,912,912,917,917,922
3,907,7,907,907,914,914,921,921,928
3,907,11,907,907,918,918,929,929,940
3,907,13,907,907,920,920,933,933,946
3,907,17,907,907,924,924,941,941,958
3,907,19,907,907,926,926,945,945,964
3,908,2,908,908,910,910,912,912,914
3,908,3,908,908,911,911,914,914,917
3,908,5,908,908,913,913,918,918,923
3,908,7,908,908,915,915,922,922,929
3,908,11,908,908,919,919,930,930,941
3,908,13,908,908,921,921,934,934,947
3,908,17,908,908,925,925,942,942,959
3,908,19,908,908,927,927,946,946,965
3,909,2,909,909,911,911,913,913,915
3,909,3,909,909,912,912,915,915,918
3,909,5,909,909,914,914,919,919,924
3,909,7,909,909,916,916,923,923,930
3,909,11,909,909,920,920,931,931,942
3,909,13,909,909,922,922,935,935,948
3,909,17,909,909,926,926,943,943,960
3,909,19,909,909,928,928,947,947,966
3,910,2,910,910,912,912,914,914,916
3,910,3,910,910,913,913,916,916,919
3,910,5,910,910,915,915,920,920,925
3,910,7,910,910,917,917,924,924,931
3,910,11,910,910,921,921,932,932,943
3,910,13,910,910,923,923,936,936,949
3,910,17,910,910,927,927,944,944,961
3,910,19,910,910,929,929,948,948,967
3,911,2,911,911,913,913,915,915,917
3,911,3,911,911,914,914,917,917,920
3,911,5,911,911,916,916,921,921,926
3,911,7,911,911,918,918,925,925,932
3,911,11,911,911,922,922,933,933,944
3,911,13,911,911,924,924,937,937,950
3,911,17,911,911,928,928,945,945,962
3,911,19,911,911,930,930,949,949,968
3,912,2,912,912,914,914,916,916,918
3,912,3,912,912,915,915,918,918,921
3,912,5,912,912,917,917,922,922,927
3,912,7,912,912,919,919,926,926,933
3,912,11,912,912,923,923,934,934,945
3,912,13,912,912,925,925,938,938,951
3,912,17,912,912,929,929,946,946,963
3,912,19,912,912,931,931,950,950,969
3,913,2,913,913,915,915,917,917,919
3,913,3,913,913,916,916,919,919,922
3,913,5,913,913,918,918,923,923,928
3,913,7,913,913,920,920,927,927,934
3,913,11,913,913,924,924,935,935,946
3,913,13,913,913,926,926,939,939,952
3,913,17,913,913,930,930,947,947,964
3,913,19,913,913,932,932,951,951,970
3,914,2,914,914,916,916,918,918,920
3,914,3,914,914,917,917,920,920,923
3,914,5,914,914,919,919,924,924,929
3,914,7,914,914,921,921,928,928,935
3,914,11,914,914,925,925,936,936,947
3,914,13,914,914,927,927,940,940,953
3,914,17,914,914,931,931,948,948,965
3,914,19,914,914,933,933,952,952,971
3,915,2,915,915,917,917,919,919,921
3,915,3,915,915,918,918,921,921,924
3,915,5,915,915,920,920,925,925,930
3,915,7,915,915,922,922,929,929,936
3,915,11,915,915,926,926,937,937,948
3,915,13,915,915,928,928,941,941,954
3,915,17,915,915,932,932,949,949,966
3,915,19,915,915,934,934,953,953,972
3,916,2,916,916,918,918,920,920,922
3,916,3,916,916,919,919,922,922,925
3,916,5,916,916,921,921,926,926,931
3,916,7,916,916,923,923,930,930,937
3,916,11,916,916,927,927,938,938,949
3,916,13,916,916,929,929,942,942,955
3,916,17,916,916,933,933,950,950,967
3,916,19,916,916,935,935,954,954,973
3,917,2,917,917,919,919,921,921,923
3,917,3,917,917,920,920,923,923,926
3,917,5,917,917,922,922,927,927,932
3,917,7,917,917,924,924,931,931,938
3,917,11,917,917,928,928,939,939,950
3,917,13,917,917,930,930,943,943,956
3,917,17,917,917,934,934,951,951,968
3,917,19,917,917,936,936,955,955,974
3,918,2,918,918,920,920,922,922,924
3,918,3,918,918,921,921,924,924,927
3,918,5,918,918,923,923,928,928,933
3,918,7,918,918,925,925,932,932,939
3,918,11,918,918,929,929,940,940,951
3,918,13,918,918,931,931,944,944,957
3,918,17,918,918,935,935,952,952,969
3,918,19,918,918,937,937,956,956,975
3,919,2,919,919,921,921,923,923,925
3,919,3,919,919,922,922,925,925,928
3,919,5,919,919,924,924,929,929,934
3,919,7,919,919,926,926,933,933,940
3,919,11,919,919,930,930,941,941,952
3,919,13,919,919,932,932,945,945,958
3,919,17,919,919,936,936,953,953,970
3,919,19,919,919,938,938,957,957,976
3,920,2,920,920,922,922,924,924,926
3,920,3,920,920,923,923,926,926,929
3,920,5,920,920,925,925,930,930,935
3,920,7,920,920,927,927,934,934,941
3,920,11,920,920,931,931,942,942,953
3,920,13,920,920,933,933,946,946,959
3,920,17,920,920,937,937,954,954,971
3,920,19,920,920,939,939,958,958,977
3,921,2,921,921,923,923,925,925,927
3,921,3,921,921,924,924,927,927,930
3,921,5,921,921,926,926,931,931,936
3,921,7,921,921,928,928,935,935,942
3,921,11,921,921,932,932,943,943,954
3,921,13,921,921,934,934,947,947,960
3,921,17,921,921,938,938,955,955,972
3,921,19,921,921,940,940,959,959,978
3,922,2,922,922,924,924,926,926,928
3,922,3,922,922,925,925,928,928,931
3,922,5,922,922,927,927,932,932,937
3,922,7,922,922,929,929,936,936,943
3,922,11,922,922,933,933,944,944,955
3,922,13,922,922,935,935,948,948,961
3,922,17,922,922,939,939,956,956,973
3,922,19,922,922,941,941,960,960,979
3,923,2,923,923,925,925,927,927,929
3,923,3,923,923,926,926,929,929,932
3,923,5,923,923,928,928,933,933,938
3,923,7,923,923,930,930,937,937,944
3,923,11,923,923,934,934,945,945,956
3,923,13,923,923,936,936,949,949,962
3,923,17,923,923,940,940,957,957,974
3,923,19,923,923,942,942,961,961,980
3,924,2,924,924,926,926,928,928,930
3,924,3,924,924,927,927,930,930,933
3,924,5,924,924,929,929,934,934,939
3,924,7,924,924,931,931,938,938,945
3,924,11,924,924,935,935,946,946,957
3,924,13,924,924,937,937,950,950,963
3,924,17,924,924,941,941,958,958,975
3,924,19,924,924,943,943,962,962,981
3,925,2,925,925,927,927,929,929,931
3,925,3,925,925,928,928,931,931,934
3,925,5,925,925,930,930,935,935,940
3,925,7,925,925,932,932,939,939,946
3,925,11,925,925,936,936,947,947,958
3,925,13,925,925,938,938,951,951,964
3,925,17,925,925,942,942,959,959,976
3,925,19,925,925,944,944,963,963,982
3,926,2,926,926,928,928,930,930,932
3,926,3,926,926,929,929,932,932,935
3,926,5,926,926,931,931,936,936,941
3,926,7,926,926,933,933,940,940,947
3,926,11,926,926,937,937,948,948,959
3,926,13,926,926,939,939,952,952,965
3,926,17,926,926,943,943,960,960,977
3,926,19,926,926,945,945,964,964,983
3,927,2,927,927,929,929,931,931,933
3,927,3,927,927,930,930,933,933,936
3,927,5,927,927,932,932,937,937,942
3,927,7,927,927,934,934,941,941,948
3,927,11,927,927,938,938,949,949,960
3,927,13,927,927,940,940,953,953,966
3,927,17,927,927,944,944,961,961,978
3,927,19,927,927,946,946,965,965,984
3,928,2,928,928,930,930,932,932,934
3,928,3,928,928,931,931,934,934,937
3,928,5,928,928,933,933,938,938,943
3,928,7,928,928,935,935,942,942,949
3,928,11,928,928,939,939,950,950,961
3,928,13,928,928,941,941,954,954,967
3,928,17,928,928,945,945,962,962,979
3,928,19,928,928,947,947,966,966,985
3,929,2,929,929,931,931,933,933,935
3,929,3,929,929,932,932,935,935,938
3,929,5,929,929,934,934,939,939,944
3,929,7,929,929,936,936,943,943,950
3,929,11,929,929,940,940,951,951,962
3,929,13,929,929,942,942,955,955,968
3,929,17,929,929,946,946,963,963,980
3,929,19,929,929,948,948,967,967,986
3,930,2,930,930,932,932,934,934,936
3,930,3,930,930,933,933,936,936,939
3,930,5,930,930,935,935,940,940,945
3,930,7,930,930,937,937,944,944,951
3,930,11,930,930,941,941,952,952,963
3,930,13,930,930,943,943,956,956,969
3,930,17,930,930,947,947,964,964,981
3,930,19,930,930,949,949,968,968,987
3,931,2,931,931,933,933,935,935,937
3,931,3,931,931,934,934,937,937,940
3,931,5,931,931,936,936,941,941,946
3,931,7,931,931,938,938,945,945,952
3,931,11,931,931,942,942,953,953,964
3,931,13,931,931,944,944,957,957,970
3,931,17,931,931,948,948,965,965,982
3,931,19,931,931,950,950,969,969,988
3,932,2,932,932,934,934,936,936,938
3,932,3,932,932,935,935,938,938,941
3,932,5,932,932,937,937,942,942,947
3,932,7,932,932,939,939,946,946,953
3,932,11,932,932,943,943,954,954,965
3,932,13,932,932,945,945,958,958,971
3,932,17,932,932,949,949,966,966,983
3,932,19,932,932,951,951,970,970,989
3,933,2,933,933,935,935,937,937,939
3,933,3,933,933,936,936,939,939,942
3,933,5,933,933,938,938,943,943,948
3,933,7,933,933,940,940,947,947,954
3,933,11,933,933,944,944,955,955,966
3,933,13,933,933,946,946,959,959,972
3,933,17,933,933,950,950,967,967,984
3,933,19,933,933,952,952,971,971,990
3,934,2,934,934,936,936,938,938,940
3,934,3,934,934,937,937,940,940,943
3,934,5,934,934,939,939,944,944,949
3,934,7,934,934,941,941,948,948,955
3,934,11,934,934,945,945,956,956,967
3,934,13,934,934,947,947,960,960,973
3,934,17,934,934,951,951,968,968,985
3,934,19,934,934,953,953,972,972,991
3,935,2,935,935,937,937,939,939,941
3,935,3,935,935,938,938,941,941,944
3,935,5,935,935,940,940,945,945,950
3,935,7,935,935,942,942,949,949,956
3,935,11,935,935,946,946,957,957,968
3,935,13,935,935,948,948,961,961,974
3,935,17,935,935,952,952,969,969,986
3,935,19,935,935,954,954,973,973,992
3,936,2,936,936,938,938,940,940,942
3,936,3,936,936,939,939,942,942,945
3,936,5,936,936,941,941,946,946,951
3,936,7,936,936,943,943,950,950,957
3,936,11,936,936,947,947,958,958,969
3,936,13,936,936,949,949,962,962,975
3,936,17,936,936,953,953,970,970,987
3,936,19,936,936,955,955,974,974,993
3,937,2,937,937,939,939,941,941,943
3,937,3,937,937,940,940,943,943,946
3,937,5,937,937,942,942,947,947,952
3,937,7,937,937,944,944,951,951,958
3,937,11,937,937,948,948,959,959,970
3,937,13,937,937,950,950,963,963,976
3,937,17,937,937,954,954,971,971,988
3,937,19,937,937,956,956,975,975,994
3,938,2,938,938,940,940,942,942,944
3,938,3,938,938,941,941,944,944,947
3,938,5,938,938,943,943,948,948,953
3,938,7,938,938,945,945,952,952,959
3,938,11,938,938,949,949,960,960,971
3,938,13,938,938,951,951,964,964,977
3,938,17,938,938,955,955,972,972,989
3,938,19,938,938,957,957,976,976,995
3,939,2,939,939,941,941,943,943,945
3,939,3,939,939,942,942,945,945,948
3,939,5,939,939,944,944,949,949,954
3,939,7,939,939,946,946,953,953,960
3,939,11,939,939,950,950,961,961,972
3,939,13,939,939,952,952,965,965,978
3,939,17,939,939,956,956,973,973,990
3,939,19,939,939,958,958,977,977,996
3,940,2,940,940,942,942,944,944,946
3,940,3,940,940,943,943,946,946,949
3,940,5,940,940,945,945,950,950,955
3,940,7,940,940,947,947,954,954,961
3,940,11,940,940,951,951,962,962,973
3,940,13,940,940,953,953,966,966,979
3,940,17,940,940,957,957,974,974,991
3,940,19,940,940,959,959,978,978,997
3,941,2,941,941,943,943,945,945,947
3,941,3,941,941,944,944,947,947,950
3,941,5,941,941,946,946,951,951,956
3,941,7,941,941,948,948,955,955,962
3,941,11,941,941,952,952,963,963,974
3,941,13,941,941,954,954,967,967,980
3,941,17,941,941,958,958,975,975,992
3,941,19,941,941,960,960,979,979,998
3,942,2,942,942,944,944,946,946,948
3,942,3,942,942,945,945,948,948,951
3,942,5,942,942,947,947,952,952,957
3,942,7,942,942,949,949,956,956,963
3,942,11,942,942,953,953,964,964,975
3,942,13,942,942,955,955,968,968,981
3,942,17,942,942,959,959,976,976,993
3,942,19,942,942,961,961,980,980,999
3,943,2,943,943,945,945,947,947,949
3,943,3,943,943,946,946,949,949,952
3,943,5,943,943,948,948,953,953,958
3,943,7,943,943,950,950,957,957,964
3,943,11,943,943,954,954,965,965,976
3,943,13,943,943,956,956,969,969,982
3,943,17,943,943,960,960,977,977,994
3,943,19,943,943,962,962,981,981,1000
3,944,2,944,944,946,946,948,948,950
3,944,3,944,944,947,947,950,950,953
3,944,5,944,944,949,949,954,954,959
3,944,7,944,944,951,951,958,958,965
3,944,11,944,944,955,955,966,966,977
3,944,13,944,944,957,957,970,970,983
3,944,17,944,944,961,961,978,978,995
3,944,19,944,944,963,963,982,982,1001
3,945,2,945,945,947,947,949,949,951
3,945,3,945,945,948,948,951,951,954
3,945,5,945,945,950,950,955,955,960
3,945,7,945,945,952,952,959,959,966
3,945,11,945,945,956,956,967,967,978
3,945,13,945,945,958,958,971,971,984
3,945,17,945,945,962,962,979,979,996
3,945,19,945,945,964,964,983,983,1002
3,946,2,946,946,948,948,950,950,952
3,946,3,946,946,949,949,952,952,955
3,946,5,946,946,951,951,956,956,961
3,946,7,946,946,953,953,960,960,967
3,946,11,946,946,957,957,968,968,979
3,946,13,946,946,959,959,972,972,985
3,946,17,946,946,963,963,980,980,997
3,946,19,946,946,965,965,984,984,1003
3,947,2,947,947,949,949,951,951,953
3,947,3,947,947,950,950,953,953,956
3,947,5,947,947,952,952,957,957,962
3,947,7,947,947,954,954,961,961,968
3,947,11,947,947,958,958,969,969,980
3,947,13,947,947,960,960,973,973,986
3,947,17,947,947,964,964,981,981,998
3,947,19,947,947,966,966,985,985,1004
3,948,2,948,948,950,950,952,952,954
3,948,3,948,948,951,951,954,954,957
3,948,5,948,948,953,953,958,958,963
3,948,7,948,948,955,955,962,962,969
3,948,11,948,948,959,959,970,970,981
3,948,13,948,948,961,961,974,974,987
3,948,17,948,948,965,965,982,982,999
3,948,19,948,948,967,967,986,986,1005
3,949,2,949,949,951,951,953,953,955
3,949,3,949,949,952,952,955,955,958
3,949,5,949,949,954,954,959,959,964
3,949,7,949,949,956,956,963,963,970
3,949,11,949,949,960,960,971,971,982
3,949,13,949,949,962,962,975,975,988
3,949,17,949,949,966,966,983,983,1000
3,949,19,949,949,968,968,987,987,1006
3,950,2,950,950,952,952,954,954,956
3,950,3,950,950,953,953,956,956,959
3,950,5,950,950,955,955,960,960,965
3,950,7,950,950,957,957,964,964,971
3,950,11,950,950,961,961,972,972,983
3,950,13,950,950,963,963,976,976,989
3,950,17,950,950,967,967,984,984,1001
3,950,19,950,950,969,969,988,988,1007
3,951,2,951,951,953,953,955,955,957
3,951,3,951,951,954,954,957,957,960
3,951,5,951,951,956,956,961,961,966
3,951,7,951,951,958,958,965,965,972
3,951,11,951,951,962,962,973,973,984
3,951,13,951,951,964,964,977,977,990
3,951,17,951,951,968,968,985,985,1002
3,951,19,951,951,970,970,989,989,1008
3,952,2,952,952,954,954,956,956,958
3,952,3,952,952,955,955,958,958,961
3,952,5,952,952,957,957,962,962,967
3,952,7,952,952,959,959,966,966,973
3,952,11,952,952,963,963,974,974,985
3,952,13,952,952,965,965,978,978,991
3,952,17,952,952,969,969,986,986,1003
3,952,19,952,952,971,971,990,990,1009
3,953,2,953,953,955,955,957,957,959
3,953,3,953,953,956,956,959,959,962
3,953,5,953,953,958,958,963,963,968
3,953,7,953,953,960,960,967,967,974
3,953,11,953,953,964,964,975,975,986
3,953,13,953,953,966,966,979,979,992
3,953,17,953,953,970,970,987,987,1004
3,953,19,953,953,972,972,991,991,1010
3,954,2,954,954,956,956,958,958,960
3,954,3,954,954,957,957,960,960,963
3,954,5,954,954,959,959,964,964,969
3,954,7,954,954,961,961,968,968,975
3,954,11,954,954,965,965,976,976,987
3,954,13,954,954,967,967,980,980,993
3,954,17,954,954,971,971,988,988,1005
3,954,19,954,954,973,973,992,992,1011
3,955,2,955,955,957,957,959,959,961
3,955,3,955,955,958,958,961,961,964
3,955,5,955,955,960,960,965,965,970
3,955,7,955,955,962,962,969,969,976
3,955,11,955,955,966,966,977,977,988
3,955,13,955,955,968,968,981,981,994
3,955,17,955,955,972,972,989,989,1006
3,955,19,955,955,974,974,993,993,1012
3,956,2,956,956,958,958,960,960,962
3,956,3,956,956,959,959,962,962,965
3,956,5,956,956,961,961,966,966,971
3,956,7,956,956,963,963,970,970,977
3,956,11,956,956,967,967,978,978,989
3,956,13,956,956,969,969,982,982,995
3,956,17,956,956,973,973,990,990,1007
3,956,19,956,956,975,975,994,994,1013
3,957,2,957,957,959,959,961,961,963
3,957,3,957,957,960,960,963,963,966
3,957,5,957,957,962,962,967,967,972
3,957,7,957,957,964,964,971,971,978
3,957,11,957,957,968,968,979,979,990
3,957,13,957,957,970,970,983,983,996
3,957,17,957,957,974,974,991,991,1008
3,957,19,957,957,976,976,995,995,1014
3,958,2,958,958,960,960,962,962,964
3,958,3,958,958,961,961,964,964,967
3,958,5,958,958,963,963,968,968,973
3,958,7,958,958,965,965,972,972,979
3,958,11,958,958,969,969,980,980,991
3,958,13,958,958,971,971,984,984,997
3,958,17,958,958,975,975,992,992,1009
3,958,19,958,958,977,977,996,996,1015
3,959,2,959,959,961,961,963,963,965
3,959,3,959,959,962,962,965,965,968
3,959,5,959,959,964,964,969,969,974
3,959,7,959,959,966,966,973,973,980
3,959,11,959,959,970,970,981,981,992
3,959,13,959,959,972,972,985,985,998
3,959,17,959,959,976,976,993,993,1010
3,959,19,959,959,978,978,997,997,1016
3,960,2,960,960,962,962,964,964,966
3,960,3,960,960,963,963,966,966,969
3,960,5,960,960,965,965,970,970,975
3,960,7,960,960,967,967,974,974,981
3,960,11,960,960,971,971,982,982,993
3,960,13,960,960,973,973,986,986,999
3,960,17,960,960,977,977,994,994,1011
3,960,19,960,960,979,979,998,998,1017
3,961,2,961,961,963,963,965,965,967
3,961,3,961,961,964,964,967,967,970
3,961,5,961,961,966,966,971,971,976
3,961,7,961,961,968,968,975,975,982
3,961,11,961,961,972,972,983,983,994
3,961,13,961,961,974,974,987,987,1000
3,961,17,961,961,978,978,995,995,1012
3,961,19,961,961,980,980,999,999,1018
3,962,2,962,962,964,964,966,966,968
3,962,3,962,962,965,965,968,968,971
3,962,5,962,962,967,967,972,972,977
3,962,7,962,962,969,969,976,976,983
3,962,11,962,962,973,973,984,984,995
3,962,13,962,962,975,975,988,988,1001
3,962,17,962,962,979,979,996,996,1013
3,962,19,962,962,981,981,1000,1000,1019
3,963,2,963,963,965,965,967,967,969
3,963,3,963,963,966,966,969,969,972
3,963,5,963,963,968,968,973,973,978
3,963,7,963,963,970,970,977,977,984
3,963,11,963,963,974,974,985,985,996
3,963,13,963,963,976,976,989,989,1002
3,963,17,963,963,980,980,997,997,1014
3,963,19,963,963,982,982,1001,1001,1020
3,964,2,964,964,966,966,968,968,970
3,964,3,964,964,967,967,970,970,973
3,964,5,964,964,969,969,974,974,979
3,964,7,964,964,971,971,978,978,985
3,964,11,964,964,975,975,986,986,997
3,964,13,964,964,977,977,990,990,1003
3,964,17,964,964,981,981,998,998,1015
3,964,19,964,964,983,983,1002,1002,1021
3,965,2,965,965,967,967,969,969,971
3,965,3,965,965,968,968,971,971,974
3,965,5,965,965,970,970,975,975,980
3,965,7,965,965,972,972,979,979,986
3,965,11,965,965,976,976,987,987,998
3,965,13,965,965,978,978,991,991,1004
3,965,17,965,965,982,982,999,999,1016
3,965,19,965,965,984,984,1003,1003,1022
3,966,2,966,966,968,968,970,970,972
3,966,3,966,966,969,969,972,972,975
3,966,5,966,966,971,971,976,976,981
3,966,7,966,966,973,973,980,980,987
3,966,11,966,966,977,977,988,988,999
3,966,13,966,966,979,979,992,992,1005
3,966,17,966,966,983,983,1000,1000,1017
3,966,19,966,966,985,985,1004,1004,1023
3,967,2,967,967,969,969,971,971,973
3,967,3,967,967,970,970,973,973,976
3,967,5,967,967,972,972,977,977,982
3,967,7,967,967,974,974,981,981,988
3,967,11,967,967,978,978,989,989,1000
3,967,13,967,967,980,980,993,993,1006
3,967,17,967,967,984,984,1001,1001,1018
3,967,19,967,967,986,986,1005,1005,1024
3,968,2,968,968,970,970,972,972,974
3,968,3,968,968,971,971,974,974,977
3,968,5,968,968,973,973,978,978,983
3,968,7,968,968,975,975,982,982,989
3,968,11,968,968,979,979,990,990,1001
3,968,13,968,968,981,981,994,994,1007
3,968,17,968,968,985,985,1002,1002,1019
3,968,19,968,968,987,987,1006,1006,1025
3,969,2,969,969,971,971,973,973,975
3,969,3,969,969,972,972,975,975,978
3,969,5,969,969,974,974,979,979,984
3,969,7,969,969,976,976,983,983,990
3,969,11,969,969,980,980,991,991,1002
3,969,13,969,969,982,982,995,995,1008
3,969,17,969,969,986,986,1003,1003,1020
3,969,19,969,969,988,988,1007,1007,1026
3,970,2,970,970,972,972,974,974,976
3,970,3,970,970,973,973,976,976,979
3,970,5,970,970,975,975,980,980,985
3,970,7,970,970,977,977,984,984,991
3,970,11,970,970,981,981,992,992,1003
3,970,13,970,970,983,983,996,996,1009
3,970,17,970,970,987,987,1004,1004,1021
3,970,19,970,970,989,989,1008,1008,1027
3,971,2,971,971,973,973,975,975,977
3,971,3,971,971,974,974,977,977,980
3,971,5,971,971,976,976,981,981,986
3,971,7,971,971,978,978,985,985,992
3,971,11,971,971,982,982,993,993,1004
3,971,13,971,971,984,984,997,997,1010
3,971,17,971,971,988,988,1005,1005,1022
3,971,19,971,971,990,990,1009,1009,1028
3,972,2,972,972,974,974,976,976,978
3,972,3,972,972,975,975,978,978,981
3,972,5,972,972,977,977,982,982,987
3,972,7,972,972,979,979,986,986,993
3,972,11,972,972,983,983,994,994,1005
3,972,13,972,972,985,985,998,998,1011
3,972,17,972,972,989,989,1006,1006,1023
3,972,19,972,972,991,991,1010,1010,1029
3,973,2,973,973,975,975,977,977,979
3,973,3,973,973,976,976,979,979,982
3,973,5,973,973,978,978,983,983,988
3,973,7,973,973,980,980,987,987,994
3,973,11,973,973,984,984,995,995,1006
3,973,13,973,973,986,986,999,999,1012
3,973,17,973,973,990,990,1007,1007,1024
3,973,19,973,973,992,992,1011,1011,1030
3,974,2,974,974,976,976,978,978,980
3,974,3,974,974,977,977,980,980,983
3,974,5,974,974,979,979,984,984,989
3,974,7,974,974,981,981,988,988,995
3,974,11,974,974,985,985,996,996,1007
3,974,13,974,974,987,987,1000,1000,1013
3,974,17,974,974,991,991,1008,1008,1025
3,974,19,974,974,993,993,1012,1012,1031
3,975,2,975,975,977,977,979,979,981
3,975,3,975,975,978,978,981,981,984
3,975,5,975,975,980,980,985,985,990
3,975,7,975,975,982,982,989,989,996
3,975,11,975,975,986,986,997,997,1008
3,975,13,975,975,988,988,1001,1001,1014
3,975,17,975,975,992,992,1009,1009,1026
3,975,19,975,975,994,994,1013,1013,1032
3,976,2,976,976,978,978,980,980,982
3,976,3,976,976,979,979,982,982,985
3,976,5,976,976,981,981,986,986,991
3,976,7,976,976,983,983,990,990,997
3,976,11,976,976,987,987,998,998,1009
3,976,13,976,976,989,989,1002,1002,1015
3,976,17,976,976,993,993,1010,1010,1027
3,976,19,976,976,995,995,1014,1014,1033
3,977,2,977,977,979,979,981,981,983
3,977,3,977,977,980,980,983,983,986
3,977,5,977,977,982,982,987,987,992
3,977,7,977,977,984,984,991,991,998
3,977,11,977,977,988,988,999,999,1010
3,977,13,977,977,990,990,1003,1003,1016
3,977,17,977,977,994,994,1011,1011,1028
3,977,19,977,977,996,996,1015,1015,1034
3,978,2,978,978,980,980,982,982,984
3,978,3,978,978,981,981,984,984,987
3,978,5,978,978,983,983,988,988,993
3,978,7,978,978,985,985,992,992,999
3,978,11,978,978,989,989,1000,1000,1011
3,978,13,978,978,991,991,1004,1004,1017
3,978,17,978,978,995,995,1012,1012,1029
3,978,19,978,978,997,997,1016,1016,1035
3,979,2,979,979,981,981,983,983,985
3,979,3,979,979,982,982,985,985,988
3,979,5,979,979,984,984,989,989,994
3,979,7,979,979,986,986,993,993,1000
3,979,11,979,979,990,990,1001,1001,1012
3,979,13,979,979,992,992,1005,1005,1018
3,979,17,979,979,996,996,1013,1013,1030
3,979,19,979,979,998,998,1017,1017,1036
3,980,2,980,980,982,982,984,984,986
3,980,3,980,980,983,983,986,986,989
3,980,5,980,980,985,985,990,990,995
3,980,7,980,980,987,987,994,994,1001
3,980,11,980,980,991,991,1002,1002,1013
3,980,13,980,980,993,993,1006,1006,1019
3,980,17,980,980,997,997,1014,1014,1031
3,980,19,980,980,999,999,1018,1018,1037
3,981,2,981,981,983,983,985,985,987
3,981,3,981,981,984,984,987,987,990
3,981,5,981,981,986,986,991,991,996
3,981,7,981,981,988,988,995,995,1002
3,981,11,981,981,992,992,1003,1003,1014
3,981,13,981,981,994,994,1007,1007,1020
3,981,17,981,981,998,998,1015,1015,1032
3,981,19,981,981,1000,1000,1019,1019,1038
3,982,2,982,982,984,984,986,986,988
3,982,3,982,982,985,985,988,988,991
3,982,5,982,982,987,987,992,992,997
3,982,7,982,982,989,989,996,996,1003
3,982,11,982,982,993,993,1004,1004,1015
3,982,13,982,982,995,995,1008,1008,1021
3,982,17,982,982,999,999,1016,1016,1033
3,982,19,982,982,1001,1001,1020,1020,1039
3,983,2,983,983,985,985,987,987,989
3,983,3,983,983,986,986,989,989,992
3,983,5,983,983,988,988,993,993,998
3,983,7,983,983,990,990,997,997,1004
3,983,11,983,983,994,994,1005,1005,1016
3,983,13,983,983,996,996,1009,1009,1022
3,983,17,983,983,1000,1000,1017,1017,1034
3,983,19,983,983,1002,1002,1021,1021,1040
3,984,2,984,984,986,986,988,988,990
3,984,3,984,984,987,987,990,990,993
3,984,5,984,984,989,989,994,994,999
3,984,7,984,984,991,991,998,998,1005
3,984,11,984,984,995,995,1006,1006,1017
3,984,13,984,984,997,997,1010,1010,1023
3,984,17,984,984,1001,1001,1018,1018,1035
3,984,19,984,984,1003,1003,1022,1022,1041
3,985,2,985,985,987,987,989,989,991
3,985,3,985,985,988,988,991,991,994
3,985,5,985,985,990,990,995,995,1000
3,985,7,985,985,992,992,999,999,1006
3,985,11,985,985,996,996,1007,1007,1018
3,985,13,985,985,998,998,1011,1011,1024
3,985,17,985,985,1002,1002,1019,1019,1036
3,985,19,985,985,1004,1004,1023,1023,1042
3,986,2,986,986,988,988,990,990,992
3,986,3,986,986,989,989,992,992,995
3,986,5,986,986,991,991,996,996,1001
3,986,7,986,986,993,993,1000,1000,1007
3,986,11,986,986,997,997,1008,1008,1019
3,986,13,986,986,999,999,1012,1012,1025
3,986,17,986,986,1003,1003,1020,1020,1037
3,986,19,986,986,1005,1005,1024,1024,1043
3,987,2,987,987,989,989,991,991,993
3,987,3,987,987,990,990,993,993,996
3,987,5,987,987,992,992,997,997,1002
3,987,7,987,987,994,994,1001,1001,1008
3,987,11,987,987,998,998,1009,1009,1020
3,987,13,987,987,1000,1000,1013,1013,1026
3,987,17,987,987,1004,1004,1021,1021,1038
3,987,19,987,987,1006,1006,1025,1025,1044
3,988,2,988,988,990,990,992,992,994
3,988,3,988,988,991,991,994,994,997
3,988,5,988,988,993,993,998,998,1003
3,988,7,988,988,995,995,1002,1002,1009
3,988,11,988,988,999,999,1010,1010,1021
3,988,13,988,988,1001,1001,1014,1014,1027
3,988,17,988,988,1005,1005,1022,1022,1039
3,988,19,988,988,1007,1007,1026,1026,1045
3,989,2,989,989,991,991,993,993,995
3,989,3,989,989,992,992,995,995,998
3,989,5,989,989,994,994,999,999,1004
3,989,7,989,989,996,996,1003,1003,1010
3,989,11,989,989,1000,1000,1011,1011,1022
3,989,13,989,989,1002,1002,1015,1015,1028
3,989,17,989,989,1006,1006,1023,1023,1040
3,989,19,989,989,1008,1008,1027,1027,1046
3,990,2,990,990,992,992,994,994,996
3,990,3,990,990,993,993,996,996,999
3,990,5,990,990,995,995,1000,1000,1005
3,990,7,990,990,997,997,1004,1004,1011
3,990,11,990,990,1001,1001,1012,1012,1023
3,990,13,990,990,1003,1003,1016,1016,1029
3,990,17,990,990,1007,1007,1024,1024,1041
3,990,19,990,990,1009,1009,1028,1028,1047
3,991,2,991,991,993,993,995,995,997
3,991,3,991,991,994,994,997,997,1000
3,991,5,991,991,996,996,1001,1001,1006
3,991,7,991,991,998,998,1005,1005,1012
3,991,11,991,991,1002,1002,1013,1013,1024
3,991,13,991,991,1004,1004,1017,1017,1030
3,991,17,991,991,1008,1008,1025,1025,1042
3,991,19,991,991,1010,1010,1029,1029,1048
3,992,2,992,992,994,994,996,996,998
3,992,3,992,992,995,995,998,998,1001
3,992,5,992,992,997,997,1002,1002,1007
3,992,7,992,992,999,999,1006,1006,1013
3,992,11,992,992,1003,1003,1014,1014,1025
3,992,13,992,992,1005,1005,1018,1018,1031
3,992,17,992,992,1009,1009,1026,1026,1043
3,992,19,992,992,1011,1011,1030,1030,1049
3,993,2,993,993,995,995,997,997,999
3,993,3,993,993,996,996,999,999,1002
3,993,5,993,993,998,998,1003,1003,1008
3,993,7,993,993,1000,1000,1007,1007,1014
3,993,11,993,993,1004,1004,1015,1015,1026
3,993,13,993,993,1006,1006,1019,1019,1032
3,993,17,993,993,1010,1010,1027,1027,1044
3,993,19,993,993,1012,1012,1031,1031,1050
3,994,2,994,994,996,996,998,998,1000
3,994,3,994,994,997,997,1000,1000,1003
3,994,5,994,994,999,999,1004,1004,1009
3,994,7,994,994,1001,1001,1008,1008,1015
3,994,11,994,994,1005,1005,1016,1016,1027
3,994,13,994,994,1007,1007,1020,1020,1033
3,994,17,994,994,1011,1011,1028,1028,1045
3,994,19,994,994,1013,1013,1032,1032,1051
3,995,2,995,995,997,997,999,999,1001
3,995,3,995,995,998,998,1001,1001,1004
3,995,5,995,995,1000,1000,1005,1005,1010
3,995,7,995,995,1002,1002,1009,1009,1016
3,995,11,995,995,1006,1006,1017,1017,1028
3,995,13,995,995,1008,1008,1021,1021,1034
3,995,17,995,995,1012,1012,1029,1029,1046
3,995,19,995,995,1014,1014,1033,1033,1052
3,996,2,996,996,998,998,1000,1000,1002
3,996,3,996,996,999,999,1002,1002,1005
3,996,5,996,996,1001,1001,1006,1006,1011
3,996,7,996,996,1003,1003,1010,1010,1017
3,996,11,996,996,1007,1007,1018,1018,1029
3,996,13,996,996,1009,1009,1022,1022,1035
3,996,17,996,996,1013,1013,1030,1030,1047
3,996,19,996,996,1015,1015,1034,1034,1053
3,997,2,997,997,999,999,1001,1001,1003
3,997,3,997,997,1000,1000,1003,1003,1006
3,997,5,997,997,1002,1002,1007,1007,1012
3,997,7,997,997,1004,1004,1011,1011,1018
3,997,11,997,997,1008,1008,1019,1019,1030
3,997,13,997,997,1010,1010,1023,1023,1036
3,997,17,997,997,1014,1014,1031,1031,1048
3,997,19,997,997,1016,1016,1035,1035,1054
3,998,2,998,998,1000,1000,1002,1002,1004
3,998,3,998,998,1001,1001,1004,1004,1007
3,998,5,998,998,1003,1003,1008,1008,1013
3,998,7,998,998,1005,1005,1012,1012,1019
3,998,11,998,998,1009,1009,1020,1020,1031
3,998,13,998,998,1011,1011,1024,1024,1037
3,998,17,998,998,1015,1015,1032,1032,1049
3,998,19,998,998,1017,1017,1036,1036,1055
